AL012021,                ANA,     17,
20210520, 0000,  , EX, 30.3N,  55.5W,  30, 1015,    0,    0,    0,    0,    0,    0,    0,    0,    0,    0,    0,    0,   70
20210520, 0600,  , EX, 31.5N,  54.5W,  35, 1013,  100,    0,    0,    0,    0,    0,    0,    0,    0,    0,    0,    0,   70
20210520, 1200,  , EX, 33.0N,  53.0W,  40, 1012,  150,    0,    0,    0,    0,    0,    0,    0,    0,    0,    0,    0,   70
20210520, 1800,  , EX, 34.2N,  53.8W,  45, 1010,  210,    0,    0,  120,    0,    0,    0,    0,    0,    0,    0,    0,   90
20210521, 0000,  , EX, 34.8N,  55.0W,  50, 1008,  270,    0,    0,  150,  120,    0,    0,    0,    0,    0,    0,    0,   90
20210521, 0600,  , EX, 35.5N,  57.0W,  50, 1006,  300,    0,    0,  180,  150,    0,    0,   90,    0,    0,    0,    0,   90
20210521, 1200,  , EX, 35.7N,  59.3W,  45, 1005,  330,    0,    0,  180,    0,    0,    0,    0,    0,    0,    0,    0,   90
20210521, 1800,  , EX, 35.0N,  61.1W,  45, 1005,  270,    0,    0,  150,    0,    0,    0,    0,    0,    0,    0,    0,   80
20210522, 0000,  , EX, 34.5N,  61.8W,  40, 1006,  180,    0,    0,  120,    0,    0,    0,    0,    0,    0,    0,    0,   70
20210522, 0600,  , SS, 34.2N,  62.1W,  35, 1006,   90,    0,    0,  120,    0,    0,    0,    0,    0,    0,    0,    0,   60
20210522, 1200,  , SS, 34.3N,  62.7W,  35, 1006,   60,    0,    0,   90,    0,    0,    0,    0,    0,    0,    0,    0,   40
20210522, 1800,  , SS, 34.2N,  62.4W,  35, 1006,    0,   40,    0,    0,    0,    0,    0,    0,    0,    0,    0,    0,   20
20210523, 0000,  , TS, 34.7N,  61.8W,  40, 1005,    0,   40,    0,    0,    0,    0,    0,    0,    0,    0,    0,    0,   15
20210523, 0600,  , TS, 35.4N,  61.1W,  40, 1004,    0,   40,    0,    0,    0,    0,    0,    0,    0,    0,    0,    0,   15
20210523, 1200,  , TS, 36.1N,  60.3W,  35, 1005,    0,   30,    0,    0,    0,    0,    0,    0,    0,    0,    0,    0,   15
20210523, 1800,  , LO, 36.8N,  58.7W,  35, 1006,    0,   30,    0,    0,    0,    0,    0,    0,    0,    0,    0,    0,   20
20210524, 0000,  , LO, 37.6N,  56.7W,  35, 1007,    0,   30,    0,    0,    0,    0,    0,    0,    0,    0,    0,    0,   20
AL022021,               BILL,     10,
20210613, 1800,  , LO, 31.9N,  78.1W,  20, 1008,    0,    0,    0,    0,    0,    0,    0,    0,    0,    0,    0,    0,   60
20210614, 0000,  , LO, 32.5N,  77.1W,  20, 1007,    0,    0,    0,    0,    0,    0,    0,    0,    0,    0,    0,    0,   40
20210614, 0600,  , TD, 33.2N,  75.9W,  25, 1006,    0,    0,    0,    0,    0,    0,    0,    0,    0,    0,    0,    0,   40
20210614, 1200,  , TD, 34.0N,  74.5W,  30, 1005,    0,    0,    0,    0,    0,    0,    0,    0,    0,    0,    0,    0,   35
20210614, 1800,  , TS, 34.9N,  72.8W,  35, 1003,    0,   60,    0,    0,    0,    0,    0,    0,    0,    0,    0,    0,   35
20210615, 0000,  , TS, 36.0N,  70.8W,  40, 1000,    0,   80,    0,    0,    0,    0,    0,    0,    0,    0,    0,    0,   35
20210615, 0600,  , TS, 37.6N,  67.8W,  50,  996,   40,   80,    0,    0,    0,   40,    0,    0,    0,    0,    0,    0,   30
20210615, 1200,  , TS, 39.4N,  64.0W,  55,  992,   40,   80,   40,    0,    0,   40,    0,    0,    0,    0,    0,    0,   30
20210615, 1800,  , TS, 40.9N,  60.8W,  45,  997,   60,   60,   40,    0,    0,    0,    0,    0,    0,    0,    0,    0,   40
20210616, 0000,  , EX, 42.5N,  57.9W,  35, 1002,   60,   60,   40,    0,    0,    0,    0,    0,    0,    0,    0,    0,   60
AL032021,          CLAUDETTE,     23,
20210617, 1800,  , DB, 22.5N,  92.2W,  25, 1008,    0,    0,    0,    0,    0,    0,    0,    0,    0,    0,    0,    0,  150
20210618, 0000,  , DB, 23.5N,  91.8W,  30, 1007,    0,    0,    0,    0,    0,    0,    0,    0,    0,    0,    0,    0,  140
20210618, 0600,  , DB, 24.6N,  91.4W,  35, 1007,  150,  150,    0,    0,    0,    0,    0,    0,    0,    0,    0,    0,  130
20210618, 1200,  , DB, 25.9N,  91.2W,  35, 1007,  150,  150,    0,    0,    0,    0,    0,    0,    0,    0,    0,    0,  120
20210618, 1800,  , DB, 27.2N,  91.1W,  40, 1006,  180,  180,    0,    0,    0,    0,    0,    0,    0,    0,    0,    0,  120
20210619, 0000,  , TS, 28.4N,  91.2W,  40, 1005,  180,  180,    0,    0,    0,    0,    0,    0,    0,    0,    0,    0,  120
20210619, 0430, L, TS, 29.2N,  91.0W,  40, 1003,  180,  180,    0,    0,    0,    0,    0,    0,    0,    0,    0,    0,  120
20210619, 0600,  , TS, 29.5N,  90.8W,  40, 1003,  180,  180,    0,    0,    0,    0,    0,    0,    0,    0,    0,    0,  120
20210619, 1200,  , TS, 30.6N,  89.9W,  35, 1004,    0,  180,    0,    0,    0,    0,    0,    0,    0,    0,    0,    0,  120
20210619, 1800,  , TD, 31.5N,  88.8W,  30, 1005,    0,    0,    0,    0,    0,    0,    0,    0,    0,    0,    0,    0,  120
20210620, 0000,  , TD, 32.4N,  87.8W,  25, 1005,    0,    0,    0,    0,    0,    0,    0,    0,    0,    0,    0,    0,  120
20210620, 0600,  , TD, 33.1N,  86.5W,  25, 1006,    0,    0,    0,    0,    0,    0,    0,    0,    0,    0,    0,    0,  120
20210620, 1200,  , TD, 33.5N,  84.8W,  25, 1007,    0,    0,    0,    0,    0,    0,    0,    0,    0,    0,    0,    0,  120
20210620, 1800,  , TD, 33.8N,  83.1W,  25, 1008,    0,    0,    0,    0,    0,    0,    0,    0,    0,    0,    0,    0,  120
20210621, 0000,  , TD, 34.2N,  81.2W,  30, 1007,    0,    0,    0,    0,    0,    0,    0,    0,    0,    0,    0,    0,  120
20210621, 0600,  , TS, 35.0N,  79.1W,  40, 1006,    0,  110,    0,    0,    0,    0,    0,    0,    0,    0,    0,    0,  110
20210621, 1200,  , TS, 36.0N,  76.5W,  40, 1005,    0,  130,    0,    0,    0,    0,    0,    0,    0,    0,    0,    0,  110
20210621, 1800,  , TS, 37.0N,  73.5W,  40, 1004,    0,  130,    0,    0,    0,    0,    0,    0,    0,    0,    0,    0,  110
20210622, 0000,  , TS, 38.4N,  70.7W,  40, 1004,    0,  150,    0,    0,    0,    0,    0,    0,    0,    0,    0,    0,  100
20210622, 0600,  , EX, 39.7N,  67.8W,  40, 1004,    0,  170,  120,    0,    0,    0,    0,    0,    0,    0,    0,    0,  100
20210622, 1200,  , EX, 41.2N,  65.2W,  40, 1004,    0,  170,  120,    0,    0,    0,    0,    0,    0,    0,    0,    0,  100
20210622, 1800,  , EX, 42.6N,  62.4W,  40, 1004,    0,  170,  120,    0,    0,    0,    0,    0,    0,    0,    0,    0,  100
20210623, 0000,  , EX, 44.1N,  59.6W,  35, 1004,    0,  100,    0,    0,    0,    0,    0,    0,    0,    0,    0,    0,  100
AL042021,              DANNY,      7,
20210627, 1800,  , TD, 29.8N,  72.8W,  30, 1013,    0,    0,    0,    0,    0,    0,    0,    0,    0,    0,    0,    0,   40
20210628, 0000,  , TD, 30.1N,  74.5W,  30, 1013,    0,    0,    0,    0,    0,    0,    0,    0,    0,    0,    0,    0,   40
20210628, 0600,  , TS, 30.7N,  76.1W,  35, 1011,   40,    0,    0,   30,    0,    0,    0,    0,    0,    0,    0,    0,   40
20210628, 1200,  , TS, 31.5N,  77.6W,  35, 1011,   40,    0,   30,   30,    0,    0,    0,    0,    0,    0,    0,    0,   30
20210628, 1800,  , TS, 32.0N,  79.5W,  40, 1009,   40,    0,   30,   30,    0,    0,    0,    0,    0,    0,    0,    0,   30
20210628, 2320, L, TS, 32.3N,  80.5W,  35, 1010,   40,    0,    0,    0,    0,    0,    0,    0,    0,    0,    0,    0,   30
20210629, 0000,  , TD, 32.4N,  80.7W,  30, 1011,    0,    0,    0,    0,    0,    0,    0,    0,    0,    0,    0,    0,   30
AL052021,               ELSA,     43,
20210630, 1800,  , TD,  9.4N,  42.8W,  30, 1008,    0,    0,    0,    0,    0,    0,    0,    0,    0,    0,    0,    0,   60
20210701, 0000,  , TS,  9.3N,  45.3W,  35, 1007,   90,    0,    0,    0,    0,    0,    0,    0,    0,    0,    0,    0,   60
20210701, 0600,  , TS,  9.4N,  47.7W,  35, 1006,   90,    0,    0,   90,    0,    0,    0,    0,    0,    0,    0,    0,   50
20210701, 1200,  , TS,  9.9N,  50.2W,  40, 1005,   90,   70,    0,   90,    0,    0,    0,    0,    0,    0,    0,    0,   50
20210701, 1800,  , TS, 10.7N,  52.6W,  45, 1004,   90,   80,    0,   90,    0,    0,    0,    0,    0,    0,    0,    0,   50
20210702, 0000,  , TS, 11.5N,  55.0W,  50, 1002,  100,   90,    0,  100,   40,    0,    0,    0,    0,    0,    0,    0,   40
20210702, 0600,  , TS, 12.3N,  57.3W,  55, 1000,  110,  100,   30,  110,   40,    0,    0,    0,    0,    0,    0,    0,   30
20210702, 1200,  , HU, 13.0N,  59.8W,  65,  995,  120,  100,   30,  110,   40,    0,    0,   30,   20,    0,    0,   20,   20
20210702, 1800,  , HU, 13.8N,  62.4W,  75,  991,  120,  100,   30,  110,   40,    0,    0,   30,   20,    0,    0,   20,   15
20210703, 0000,  , HU, 14.7N,  65.1W,  70,  995,  120,  110,   30,  120,   50,    0,    0,   40,   20,    0,    0,   20,   15
20210703, 0600,  , HU, 15.7N,  67.9W,  65,  998,  110,  100,   30,  110,   60,    0,    0,   40,   20,    0,    0,   20,   15
20210703, 1200,  , TS, 16.6N,  70.3W,  60, 1000,  110,   90,   30,  100,   60,    0,    0,   40,    0,    0,    0,    0,   15
20210703, 1800,  , TS, 17.2N,  72.5W,  60, 1002,  100,   80,   30,  100,   60,    0,    0,   40,    0,    0,    0,    0,   20
20210704, 0000,  , TS, 17.6N,  74.4W,  55, 1004,  100,   90,   30,  100,   60,    0,    0,   40,    0,    0,    0,    0,   20
20210704, 0600,  , TS, 18.0N,  75.5W,  55, 1006,  100,   70,   30,  100,   50,    0,    0,   40,    0,    0,    0,    0,   20
20210704, 1200,  , TS, 18.5N,  76.5W,  50, 1007,   90,   60,   30,   90,   40,    0,    0,   40,    0,    0,    0,    0,   20
20210704, 1800,  , TS, 19.3N,  77.6W,  50, 1007,   80,   60,   30,   80,   40,    0,    0,   30,    0,    0,    0,    0,   20
20210705, 0000,  , TS, 20.1N,  78.6W,  55, 1005,   70,   60,   20,   70,   30,   20,    0,   20,    0,    0,    0,    0,   20
20210705, 0600,  , TS, 20.7N,  79.6W,  55, 1005,   60,   60,    0,   60,   30,   20,    0,    0,    0,    0,    0,    0,   20
20210705, 1200,  , TS, 21.3N,  80.7W,  55, 1005,   60,   60,    0,   50,   30,   20,    0,    0,    0,    0,    0,    0,   20
20210705, 1800,  , TS, 22.1N,  81.5W,  55, 1005,   60,   60,    0,   50,   30,    0,    0,    0,    0,    0,    0,    0,   20
20210705, 1830, L, TS, 22.2N,  81.6W,  55, 1005,   60,   60,    0,   50,   30,    0,    0,    0,    0,    0,    0,    0,   20
20210706, 0000,  , TS, 22.9N,  82.0W,  50, 1005,   60,   50,    0,   50,   30,    0,    0,    0,    0,    0,    0,    0,   20
20210706, 0600,  , TS, 23.7N,  82.4W,  50, 1005,   60,   50,    0,   50,   30,    0,    0,    0,    0,    0,    0,    0,   20
20210706, 1200,  , TS, 24.6N,  82.7W,  55, 1003,   60,   60,    0,   50,   30,    0,    0,    0,    0,    0,    0,    0,   20
20210706, 1800,  , TS, 25.5N,  82.9W,  60,  997,   70,   70,    0,   60,   30,   40,    0,   20,    0,    0,    0,    0,   20
20210707, 0000,  , HU, 26.6N,  83.2W,  65,  996,   70,   80,    0,   60,   30,   40,    0,   20,   20,    0,    0,    0,   20
20210707, 0600,  , TS, 27.8N,  83.5W,  55,  998,   70,   80,    0,   60,   30,   30,    0,    0,    0,    0,    0,    0,   20
20210707, 1200,  , TS, 29.1N,  83.6W,  55,  999,   70,   80,    0,   50,   30,   30,    0,    0,    0,    0,    0,    0,   25
20210707, 1430, L, TS, 29.8N,  83.5W,  55, 1000,   70,   80,    0,   50,   30,   30,    0,    0,    0,    0,    0,    0,   25
20210707, 1800,  , TS, 30.3N,  83.4W,  45, 1002,   60,   60,    0,   30,    0,    0,    0,    0,    0,    0,    0,    0,   40
20210708, 0000,  , TS, 31.5N,  82.7W,  45, 1005,    0,  100,    0,    0,    0,    0,    0,    0,    0,    0,    0,    0,   60
20210708, 0600,  , TS, 32.8N,  81.8W,  40, 1006,    0,  100,    0,    0,    0,    0,    0,    0,    0,    0,    0,    0,   75
20210708, 1200,  , TS, 34.2N,  80.5W,  40, 1006,    0,  120,    0,    0,    0,    0,    0,    0,    0,    0,    0,    0,   90
20210708, 1800,  , TS, 35.5N,  79.0W,  45, 1004,    0,  140,    0,    0,    0,    0,    0,    0,    0,    0,    0,    0,   90
20210709, 0000,  , TS, 36.8N,  77.4W,  45, 1003,    0,  140,    0,    0,    0,    0,    0,    0,    0,    0,    0,    0,   90
20210709, 0600,  , TS, 38.4N,  75.5W,  50, 1001,   70,  140,    0,    0,    0,   80,    0,    0,    0,    0,    0,    0,   75
20210709, 1200,  , TS, 40.3N,  73.1W,  50,  999,   70,  140,    0,    0,    0,   80,    0,    0,    0,    0,    0,    0,   70
20210709, 1500, L, TS, 40.9N,  72.3W,  50,  999,   70,  140,    0,    0,    0,   80,    0,    0,    0,    0,    0,    0,   70
20210709, 1630, L, TS, 41.4N,  71.7W,  50,  999,   70,  140,    0,    0,    0,   80,    0,    0,    0,    0,    0,    0,   70
20210709, 1800,  , EX, 42.0N,  71.0W,  45,  999,   70,  120,    0,    0,    0,    0,    0,    0,    0,    0,    0,    0,   70
20210710, 0000,  , EX, 44.0N,  68.3W,  40,  997,   70,  120,    0,    0,    0,    0,    0,    0,    0,    0,    0,    0,   70
20210710, 0600,  , EX, 46.8N,  64.4W,  35,  999,   70,  120,    0,    0,    0,    0,    0,    0,    0,    0,    0,    0,   70
AL062021,               FRED,     45,
20210809, 1800,  , DB, 13.9N,  58.7W,  30, 1011,    0,    0,    0,    0,    0,    0,    0,    0,    0,    0,    0,    0,   70
20210810, 0000,  , DB, 14.6N,  60.1W,  30, 1011,    0,    0,    0,    0,    0,    0,    0,    0,    0,    0,    0,    0,   60
20210810, 0600,  , DB, 15.3N,  61.6W,  30, 1011,    0,    0,    0,    0,    0,    0,    0,    0,    0,    0,    0,    0,   60
20210810, 1200,  , DB, 16.0N,  63.1W,  30, 1011,    0,    0,    0,    0,    0,    0,    0,    0,    0,    0,    0,    0,   50
20210810, 1800,  , DB, 16.7N,  64.6W,  30, 1011,    0,    0,    0,    0,    0,    0,    0,    0,    0,    0,    0,    0,   50
20210811, 0000,  , TS, 17.3N,  66.1W,  35, 1009,   40,    0,    0,    0,    0,    0,    0,    0,    0,    0,    0,    0,   40
20210811, 0600,  , TS, 17.7N,  67.6W,  35, 1007,   40,    0,    0,    0,    0,    0,    0,    0,    0,    0,    0,    0,   40
20210811, 1200,  , TS, 18.0N,  69.0W,  40, 1005,   50,    0,    0,    0,    0,    0,    0,    0,    0,    0,    0,    0,   40
20210811, 1700, L, TS, 18.4N,  70.1W,  40, 1005,   50,    0,    0,    0,    0,    0,    0,    0,    0,    0,    0,    0,   40
20210811, 1800,  , TS, 18.5N,  70.4W,  35, 1006,   50,    0,    0,    0,    0,    0,    0,    0,    0,    0,    0,    0,   40
20210812, 0000,  , TD, 19.2N,  71.7W,  30, 1009,    0,    0,    0,    0,    0,    0,    0,    0,    0,    0,    0,    0,   40
20210812, 0600,  , TD, 20.0N,  72.9W,  30, 1010,    0,    0,    0,    0,    0,    0,    0,    0,    0,    0,    0,    0,   40
20210812, 1200,  , TD, 20.5N,  73.9W,  30, 1010,    0,    0,    0,    0,    0,    0,    0,    0,    0,    0,    0,    0,   50
20210812, 1800,  , TD, 20.9N,  74.7W,  30, 1010,    0,    0,    0,    0,    0,    0,    0,    0,    0,    0,    0,    0,   50
20210813, 0000,  , TS, 21.2N,  75.5W,  35, 1010,   60,    0,    0,    0,    0,    0,    0,    0,    0,    0,    0,    0,   50
20210813, 0600,  , TS, 21.6N,  76.6W,  35, 1010,   60,    0,    0,    0,    0,    0,    0,    0,    0,    0,    0,    0,   60
20210813, 1200,  , TD, 22.0N,  77.7W,  30, 1010,    0,    0,    0,    0,    0,    0,    0,    0,    0,    0,    0,    0,   60
20210813, 1800,  , TD, 22.3N,  79.0W,  30, 1011,    0,    0,    0,    0,    0,    0,    0,    0,    0,    0,    0,    0,   60
20210814, 0000,  , DB, 22.5N,  80.2W,  30, 1012,    0,    0,    0,    0,    0,    0,    0,    0,    0,    0,    0,    0,   60
20210814, 0600,  , DB, 22.7N,  81.3W,  30, 1012,    0,    0,    0,    0,    0,    0,    0,    0,    0,    0,    0,    0,   60
20210814, 1200,  , DB, 22.9N,  82.5W,  30, 1012,    0,    0,    0,    0,    0,    0,    0,    0,    0,    0,    0,    0,   60
20210814, 1800,  , DB, 23.3N,  83.5W,  30, 1012,    0,    0,    0,    0,    0,    0,    0,    0,    0,    0,    0,    0,   60
20210815, 0000,  , DB, 24.1N,  84.1W,  35, 1011,  130,    0,    0,    0,    0,    0,    0,    0,    0,    0,    0,    0,   60
20210815, 0600,  , DB, 25.0N,  84.4W,  35, 1010,  110,    0,    0,    0,    0,    0,    0,    0,    0,    0,    0,    0,   60
20210815, 1200,  , TS, 25.7N,  84.7W,  35, 1008,   90,    0,    0,    0,    0,    0,    0,    0,    0,    0,    0,    0,   60
20210815, 1800,  , TS, 26.4N,  85.2W,  40, 1005,   80,   60,    0,    0,    0,    0,    0,    0,    0,    0,    0,    0,   60
20210816, 0000,  , TS, 27.0N,  85.8W,  50,  999,   80,   60,    0,    0,   40,   30,    0,    0,    0,    0,    0,    0,   60
20210816, 0600,  , TS, 27.8N,  85.9W,  50,  996,   90,   80,    0,    0,   40,   40,    0,    0,    0,    0,    0,    0,   50
20210816, 1200,  , TS, 28.7N,  85.7W,  50,  993,  100,  100,   30,   40,   50,   50,    0,   20,    0,    0,    0,    0,   40
20210816, 1800,  , TS, 29.5N,  85.4W,  55,  991,  100,  100,   30,   40,   50,   50,    0,   20,    0,    0,    0,    0,   30
20210816, 1900, L, TS, 29.7N,  85.4W,  55,  991,  100,  100,   30,   40,   50,   50,    0,   20,    0,    0,    0,    0,   30
20210817, 0000,  , TS, 30.6N,  85.4W,  45,  998,   60,   80,   20,   40,    0,    0,    0,    0,    0,    0,    0,    0,   30
20210817, 0600,  , TS, 31.7N,  85.4W,  35, 1004,   40,   30,    0,    0,    0,    0,    0,    0,    0,    0,    0,    0,   50
20210817, 1200,  , TD, 32.8N,  85.2W,  25, 1006,    0,    0,    0,    0,    0,    0,    0,    0,    0,    0,    0,    0,   60
20210817, 1800,  , TD, 34.0N,  84.7W,  25, 1008,    0,    0,    0,    0,    0,    0,    0,    0,    0,    0,    0,    0,   70
20210818, 0000,  , LO, 35.9N,  83.6W,  25, 1009,    0,    0,    0,    0,    0,    0,    0,    0,    0,    0,    0,    0,   70
20210818, 0600,  , LO, 37.7N,  82.3W,  20, 1010,    0,    0,    0,    0,    0,    0,    0,    0,    0,    0,    0,    0,   80
20210818, 1200,  , LO, 39.2N,  81.1W,  20, 1011,    0,    0,    0,    0,    0,    0,    0,    0,    0,    0,    0,    0,   90
20210818, 1800,  , LO, 40.4N,  79.7W,  20, 1013,    0,    0,    0,    0,    0,    0,    0,    0,    0,    0,    0,    0,  100
20210819, 0000,  , EX, 41.2N,  78.2W,  20, 1012,    0,    0,    0,    0,    0,    0,    0,    0,    0,    0,    0,    0,  100
20210819, 0600,  , EX, 41.9N,  76.7W,  20, 1011,    0,    0,    0,    0,    0,    0,    0,    0,    0,    0,    0,    0,  100
20210819, 1200,  , EX, 42.4N,  75.1W,  20, 1011,    0,    0,    0,    0,    0,    0,    0,    0,    0,    0,    0,    0,  100
20210819, 1800,  , EX, 42.7N,  73.5W,  25, 1010,    0,    0,    0,    0,    0,    0,    0,    0,    0,    0,    0,    0,  100
20210820, 0000,  , EX, 42.7N,  72.2W,  25, 1009,    0,    0,    0,    0,    0,    0,    0,    0,    0,    0,    0,    0,  100
20210820, 0600,  , EX, 42.6N,  71.0W,  25, 1008,    0,    0,    0,    0,    0,    0,    0,    0,    0,    0,    0,    0,  100
AL072021,              GRACE,     38,
20210813, 0600,  , TD, 15.0N,  46.7W,  30, 1010,    0,    0,    0,    0,    0,    0,    0,    0,    0,    0,    0,    0,   20
20210813, 1200,  , TD, 15.2N,  48.7W,  30, 1010,    0,    0,    0,    0,    0,    0,    0,    0,    0,    0,    0,    0,   20
20210813, 1800,  , TD, 15.3N,  50.8W,  30, 1010,    0,    0,    0,    0,    0,    0,    0,    0,    0,    0,    0,    0,   20
20210814, 0000,  , TD, 15.4N,  52.8W,  30, 1010,    0,    0,    0,    0,    0,    0,    0,    0,    0,    0,    0,    0,   20
20210814, 0600,  , TD, 15.7N,  54.8W,  30, 1010,    0,    0,    0,    0,    0,    0,    0,    0,    0,    0,    0,    0,   20
20210814, 1200,  , TS, 16.1N,  57.2W,  35, 1009,   30,    0,    0,   30,    0,    0,    0,    0,    0,    0,    0,    0,   30
20210814, 1800,  , TS, 16.2N,  59.5W,  35, 1009,   30,    0,    0,   30,    0,    0,    0,    0,    0,    0,    0,    0,   30
20210815, 0000,  , TD, 16.5N,  61.7W,  30, 1010,    0,    0,    0,    0,    0,    0,    0,    0,    0,    0,    0,    0,   40
20210815, 0600,  , TD, 16.7N,  63.7W,  30, 1010,    0,    0,    0,    0,    0,    0,    0,    0,    0,    0,    0,    0,   40
20210815, 1200,  , TD, 16.9N,  65.4W,  30, 1010,    0,    0,    0,    0,    0,    0,    0,    0,    0,    0,    0,    0,   40
20210815, 1800,  , TD, 17.0N,  66.7W,  30, 1011,    0,    0,    0,    0,    0,    0,    0,    0,    0,    0,    0,    0,   40
20210816, 0000,  , TD, 17.1N,  68.1W,  30, 1011,    0,    0,    0,    0,    0,    0,    0,    0,    0,    0,    0,    0,   30
20210816, 0600,  , TD, 17.2N,  69.6W,  30, 1010,    0,    0,    0,    0,    0,    0,    0,    0,    0,    0,    0,    0,   30
20210816, 1200,  , TS, 17.5N,  70.8W,  35, 1007,   30,   20,    0,    0,    0,    0,    0,    0,    0,    0,    0,    0,   20
20210816, 1630, L, TS, 17.7N,  71.4W,  35, 1007,   40,   20,    0,    0,    0,    0,    0,    0,    0,    0,    0,    0,   20
20210816, 1800,  , TS, 17.8N,  71.7W,  35, 1007,   40,   20,    0,    0,    0,    0,    0,    0,    0,    0,    0,    0,   20
20210817, 0000,  , TS, 17.9N,  73.2W,  35, 1006,   30,   20,    0,    0,    0,    0,    0,    0,    0,    0,    0,    0,   20
20210817, 0600,  , TS, 18.0N,  74.8W,  40, 1006,   30,   30,    0,   20,    0,    0,    0,    0,    0,    0,    0,    0,   25
20210817, 1200,  , TS, 18.2N,  76.1W,  45, 1005,   60,   60,    0,   40,    0,    0,    0,    0,    0,    0,    0,    0,   25
20210817, 1400, L, TS, 18.2N,  76.6W,  50, 1004,   60,   60,    0,   40,   30,    0,    0,    0,    0,    0,    0,    0,   30
20210817, 1800,  , TS, 18.3N,  77.4W,  50, 1003,   80,   70,    0,   40,   40,    0,    0,    0,    0,    0,    0,    0,   30
20210818, 0000,  , TS, 18.3N,  78.6W,  50, 1000,  100,   80,    0,   60,   50,    0,    0,    0,    0,    0,    0,    0,   30
20210818, 0600,  , TS, 18.7N,  80.1W,  55,  998,  120,   90,    0,   60,   60,    0,    0,    0,    0,    0,    0,    0,   30
20210818, 1200,  , HU, 19.2N,  81.5W,  65,  993,  120,   90,   20,   80,   60,   30,    0,    0,   20,    0,    0,    0,   20
20210818, 1800,  , HU, 19.6N,  83.0W,  70,  990,  120,   90,   40,   80,   60,   30,    0,   20,   20,   15,    0,   10,   20
20210819, 0000,  , HU, 19.7N,  84.8W,  70,  988,  140,  100,   50,   80,   80,   40,   20,   30,   30,   20,    0,   20,   20
20210819, 0600,  , HU, 19.9N,  86.4W,  70,  985,  140,  100,   60,   80,   80,   30,   20,   40,   30,   20,    0,   20,   20
20210819, 0945, L, HU, 20.1N,  87.5W,  75,  978,  140,  100,   60,   80,   80,   30,   20,   40,   30,   20,    0,   20,   20
20210819, 1200,  , TS, 20.2N,  88.1W,  60,  994,  140,   80,   30,  100,   40,    0,    0,   20,    0,    0,    0,    0,   25
20210819, 1800,  , TS, 20.5N,  89.5W,  45,  998,  140,   50,    0,  130,    0,    0,    0,    0,    0,    0,    0,    0,   25
20210820, 0000,  , TS, 20.8N,  91.1W,  55,  994,  130,   60,   40,  110,   40,    0,    0,   30,    0,    0,    0,    0,   20
20210820, 0600,  , TS, 20.7N,  92.6W,  60,  991,  150,   80,   60,  100,   40,   30,    0,   30,    0,    0,    0,    0,   20
20210820, 1200,  , HU, 20.6N,  93.8W,  75,  982,  150,   90,   80,  100,   60,   30,   30,   30,   30,    0,    0,    0,   20
20210820, 1800,  , HU, 20.6N,  94.7W,  85,  975,  150,   90,   80,  100,   60,   40,   30,   40,   30,   20,    0,   20,   20
20210821, 0000,  , HU, 20.7N,  95.8W, 105,  967,  120,  100,   70,  100,   60,   50,   40,   50,   40,   30,   20,   30,   15
20210821, 0530, L, HU, 20.6N,  97.1W, 105,  967,  110,  110,   70,  100,   60,   50,   40,   50,   40,   30,   20,   30,   15
20210821, 0600,  , HU, 20.6N,  97.2W, 100,  969,  100,  110,   60,  100,   50,   50,   30,   50,   35,   25,   15,   25,   15
20210821, 1200,  , TS, 20.2N,  98.0W,  60,  988,   80,   70,   20,   50,   30,   20,    0,    0,    0,    0,    0,    0,   20
AL082021,              HENRI,     42,
20210815, 0000,  , LO, 35.8N,  63.4W,  25, 1014,    0,    0,    0,    0,    0,    0,    0,    0,    0,    0,    0,    0,   30
20210815, 0600,  , LO, 35.4N,  63.1W,  25, 1012,    0,    0,    0,    0,    0,    0,    0,    0,    0,    0,    0,    0,   20
20210815, 1200,  , LO, 34.8N,  62.8W,  25, 1012,    0,    0,    0,    0,    0,    0,    0,    0,    0,    0,    0,    0,   20
20210815, 1800,  , TD, 34.1N,  62.7W,  25, 1011,    0,    0,    0,    0,    0,    0,    0,    0,    0,    0,    0,    0,   20
20210816, 0000,  , TD, 33.4N,  62.7W,  30, 1010,    0,    0,    0,    0,    0,    0,    0,    0,    0,    0,    0,    0,   25
20210816, 0600,  , TD, 32.5N,  62.7W,  30, 1010,    0,    0,    0,    0,    0,    0,    0,    0,    0,    0,    0,    0,   25
20210816, 1200,  , TD, 31.6N,  62.7W,  30, 1010,    0,    0,    0,    0,    0,    0,    0,    0,    0,    0,    0,    0,   25
20210816, 1800,  , TS, 31.1N,  62.9W,  35, 1009,   20,   30,   20,    0,    0,    0,    0,    0,    0,    0,    0,    0,   25
20210817, 0000,  , TS, 30.8N,  63.1W,  40, 1008,   20,   30,   20,    0,    0,    0,    0,    0,    0,    0,    0,    0,   25
20210817, 0600,  , TS, 30.6N,  63.3W,  45, 1004,   30,   30,   20,    0,    0,    0,    0,    0,    0,    0,    0,    0,   25
20210817, 1200,  , TS, 30.4N,  63.6W,  45, 1004,   30,   30,   20,    0,    0,    0,    0,    0,    0,    0,    0,    0,   25
20210817, 1800,  , TS, 30.3N,  63.9W,  55, 1000,   50,   60,   20,   40,   30,    0,    0,    0,    0,    0,    0,    0,   25
20210818, 0000,  , TS, 30.2N,  64.5W,  55,  998,   50,   70,   20,   50,   30,    0,    0,    0,    0,    0,    0,    0,   20
20210818, 0600,  , TS, 30.1N,  65.3W,  55,  998,   50,   70,   20,   50,   30,    0,    0,    0,    0,    0,    0,    0,   20
20210818, 1200,  , TS, 30.0N,  66.2W,  55,  998,   50,   70,   20,   50,   30,    0,    0,    0,    0,    0,    0,    0,   20
20210818, 1800,  , TS, 29.9N,  67.1W,  60,  995,   50,   70,   40,   50,   30,   20,    0,   30,    0,    0,    0,    0,   20
20210819, 0000,  , TS, 29.7N,  68.0W,  60,  995,   70,   70,   40,   70,   40,   40,    0,   20,    0,    0,    0,    0,   25
20210819, 0600,  , TS, 29.5N,  69.0W,  60,  995,   70,   70,   40,   70,   40,   40,    0,   20,    0,    0,    0,    0,   25
20210819, 1200,  , TS, 29.5N,  70.0W,  60,  995,   70,   70,   40,   70,   40,   40,    0,   20,    0,    0,    0,    0,   25
20210819, 1800,  , TS, 29.6N,  71.0W,  55,  999,   80,   70,   40,   70,   40,   40,    0,    0,    0,    0,    0,    0,   25
20210820, 0000,  , TS, 29.7N,  72.0W,  55,  997,   80,   70,   40,   70,   50,   40,    0,    0,    0,    0,    0,    0,   30
20210820, 0600,  , TS, 29.9N,  72.9W,  55,  995,   80,   70,   40,   70,   50,   40,    0,    0,    0,    0,    0,    0,   30
20210820, 1200,  , TS, 30.1N,  73.6W,  55,  995,   90,  100,   50,   70,   50,   50,    0,    0,    0,    0,    0,    0,   30
20210820, 1800,  , TS, 30.8N,  73.8W,  60,  994,   90,  100,   50,   70,   50,   50,    0,    0,    0,    0,    0,    0,   30
20210821, 0000,  , TS, 31.6N,  73.7W,  60,  993,   90,  100,   50,   70,   50,   50,    0,    0,    0,    0,    0,    0,   30
20210821, 0600,  , TS, 32.5N,  73.4W,  60,  993,   90,  100,   50,   70,   50,   50,    0,    0,    0,    0,    0,    0,   30
20210821, 1200,  , HU, 33.6N,  72.7W,  65,  991,  100,  130,  100,   50,   60,   80,    0,    0,    0,   40,    0,    0,   30
20210821, 1800,  , HU, 35.4N,  71.8W,  65,  990,  100,  130,  100,   50,   60,   80,    0,    0,    0,   40,    0,    0,   30
20210822, 0000,  , HU, 37.6N,  70.9W,  65,  988,  100,  130,  100,   50,   60,   80,   30,    0,    0,   30,    0,    0,   25
20210822, 0600,  , HU, 39.4N,  71.0W,  65,  986,   80,  110,   80,   50,   50,   70,    0,    0,    0,   30,    0,    0,   25
20210822, 1200,  , TS, 40.7N,  71.3W,  55,  986,   80,   90,   60,   50,   40,   50,    0,    0,    0,    0,    0,    0,   25
20210822, 1520, L, TS, 41.2N,  71.6W,  55,  987,   50,   60,   40,   40,   40,   50,    0,    0,    0,    0,    0,    0,   25
20210822, 1615, L, TS, 41.3N,  71.8W,  55,  988,   50,   60,   40,   40,   40,   50,    0,    0,    0,    0,    0,    0,   25
20210822, 1800,  , TS, 41.5N,  72.0W,  40,  991,   30,   40,   30,   20,    0,    0,    0,    0,    0,    0,    0,    0,   25
20210823, 0000,  , TD, 41.8N,  73.0W,  30, 1000,    0,    0,    0,    0,    0,    0,    0,    0,    0,    0,    0,    0,   30
20210823, 0600,  , TD, 41.7N,  74.4W,  25, 1005,    0,    0,    0,    0,    0,    0,    0,    0,    0,    0,    0,    0,   30
20210823, 1200,  , TD, 41.6N,  74.2W,  25, 1005,    0,    0,    0,    0,    0,    0,    0,    0,    0,    0,    0,    0,   30
20210823, 1800,  , LO, 41.5N,  73.8W,  25, 1005,    0,    0,    0,    0,    0,    0,    0,    0,    0,    0,    0,    0,   30
20210824, 0000,  , LO, 41.4N,  72.7W,  20, 1006,    0,    0,    0,    0,    0,    0,    0,    0,    0,    0,    0,    0,   30
20210824, 0600,  , LO, 41.9N,  71.2W,  20, 1006,    0,    0,    0,    0,    0,    0,    0,    0,    0,    0,    0,    0,   30
20210824, 1200,  , LO, 42.2N,  69.6W,  20, 1007,    0,    0,    0,    0,    0,    0,    0,    0,    0,    0,    0,    0,   30
20210824, 1800,  , LO, 42.3N,  67.3W,  25, 1008,    0,    0,    0,    0,    0,    0,    0,    0,    0,    0,    0,    0,   30
AL092021,                IDA,     40,
20210826, 1200,  , TD, 16.5N,  78.9W,  30, 1006,    0,    0,    0,    0,    0,    0,    0,    0,    0,    0,    0,    0,   60
20210826, 1800,  , TS, 17.4N,  79.5W,  35, 1006,   60,    0,    0,    0,    0,    0,    0,    0,    0,    0,    0,    0,   50
20210827, 0000,  , TS, 18.3N,  80.2W,  40, 1004,   60,    0,    0,    0,    0,    0,    0,    0,    0,    0,    0,    0,   50
20210827, 0600,  , TS, 19.4N,  80.9W,  45, 1002,   70,    0,    0,    0,    0,    0,    0,    0,    0,    0,    0,    0,   40
20210827, 1200,  , TS, 20.4N,  81.7W,  55,  996,   80,   60,    0,   60,   30,    0,    0,    0,    0,    0,    0,    0,   30
20210827, 1800, L, HU, 21.5N,  82.6W,  70,  987,   80,   60,   40,   60,   40,   30,    0,   20,   20,    0,    0,    0,   20
20210827, 2325, L, HU, 22.4N,  83.2W,  70,  988,   80,   60,   40,   60,   40,   30,    0,   20,   20,    0,    0,    0,   20
20210828, 0000,  , HU, 22.6N,  83.5W,  70,  989,  100,   60,   40,   70,   50,   30,    0,   30,   20,    0,    0,    0,   20
20210828, 0600,  , HU, 23.5N,  84.7W,  70,  987,  100,   60,   40,   70,   50,   30,    0,   30,   20,    0,    0,    0,   20
20210828, 1200,  , HU, 24.4N,  85.7W,  70,  986,  110,   80,   60,  100,   50,   40,   20,   30,   25,   20,    0,    0,   20
20210828, 1800,  , HU, 25.6N,  86.6W,  80,  976,  110,  100,   70,  100,   50,   40,   20,   40,   25,   20,   10,   20,   20
20210829, 0000,  , HU, 26.7N,  87.6W,  90,  967,  120,  100,   80,  110,   70,   60,   40,   60,   35,   30,   20,   30,   20
20210829, 0600,  , HU, 27.6N,  88.7W, 115,  950,  120,  100,   80,  110,   70,   60,   40,   60,   35,   30,   20,   30,   15
20210829, 1200,  , HU, 28.5N,  89.6W, 130,  929,  130,  110,   80,  110,   70,   60,   40,   60,   45,   35,   20,   30,   10
20210829, 1655, L, HU, 29.1N,  90.2W, 130,  931,  130,  110,   80,  110,   70,   60,   40,   60,   45,   35,   20,   30,   10
20210829, 1800,  , HU, 29.2N,  90.4W, 125,  932,  130,  120,   80,   80,   70,   60,   40,   40,   45,   35,   20,   25,   10
20210830, 0000,  , HU, 29.9N,  90.6W, 105,  944,   80,  120,   80,   70,   50,   60,   40,   40,   30,   30,   20,   20,   10
20210830, 0600,  , HU, 30.6N,  90.8W,  65,  978,   80,  130,   80,   40,   50,   50,    0,    0,   30,   30,    0,    0,   30
20210830, 1200,  , TS, 31.5N,  90.9W,  40,  992,   50,  160,   60,   30,    0,    0,    0,    0,    0,    0,    0,    0,   40
20210830, 1800,  , TS, 32.2N,  90.5W,  35,  996,    0,  160,    0,    0,    0,    0,    0,    0,    0,    0,    0,    0,   80
20210831, 0000,  , TD, 33.0N,  90.0W,  30,  996,    0,    0,    0,    0,    0,    0,    0,    0,    0,    0,    0,    0,  250
20210831, 0600,  , TD, 33.8N,  89.4W,  25,  996,    0,    0,    0,    0,    0,    0,    0,    0,    0,    0,    0,    0,  210
20210831, 1200,  , TD, 34.4N,  88.4W,  25,  996,    0,    0,    0,    0,    0,    0,    0,    0,    0,    0,    0,    0,  250
20210831, 1800,  , TD, 35.1N,  87.1W,  20,  999,    0,    0,    0,    0,    0,    0,    0,    0,    0,    0,    0,    0,  250
20210901, 0000,  , TD, 35.8N,  85.5W,  20, 1000,    0,    0,    0,    0,    0,    0,    0,    0,    0,    0,    0,    0,  270
20210901, 0600,  , TD, 36.7N,  83.6W,  20, 1000,    0,    0,    0,    0,    0,    0,    0,    0,    0,    0,    0,    0,  270
20210901, 1200,  , EX, 37.7N,  81.5W,  25, 1000,    0,    0,    0,    0,    0,    0,    0,    0,    0,    0,    0,    0,  300
20210901, 1800,  , EX, 39.0N,  78.5W,  30,  999,    0,    0,    0,    0,    0,    0,    0,    0,    0,    0,    0,    0,  210
20210902, 0000,  , EX, 39.8N,  75.6W,  35,  997,    0,  150,    0,    0,    0,    0,    0,    0,    0,    0,    0,    0,  150
20210902, 0600,  , EX, 40.6N,  72.8W,  40,  997,    0,  150,  150,    0,    0,    0,    0,    0,    0,    0,    0,    0,  150
20210902, 1200,  , EX, 41.4N,  69.7W,  40,  997,  180,  150,    0,    0,    0,    0,    0,    0,    0,    0,    0,    0,  150
20210902, 1800,  , EX, 43.3N,  67.2W,  40,  996,    0,  150,    0,    0,    0,    0,    0,    0,    0,    0,    0,    0,  150
20210903, 0000,  , EX, 45.4N,  64.7W,  40,  995,  150,  150,    0,    0,    0,    0,    0,    0,    0,    0,    0,    0,  150
20210903, 0600,  , EX, 46.6N,  63.6W,  45,  992,  150,  150,   60,  150,    0,    0,    0,    0,    0,    0,    0,    0,  120
20210903, 1200,  , EX, 47.5N,  62.7W,  45,  991,  120,  150,   90,   90,    0,    0,    0,    0,    0,    0,    0,    0,   90
20210903, 1800,  , EX, 48.6N,  62.4W,  45,  992,  250,  150,  120,  120,    0,    0,    0,    0,    0,    0,    0,    0,   90
20210904, 0000,  , EX, 48.8N,  63.1W,  45,  992,  180,   90,   90,  120,    0,    0,    0,    0,    0,    0,    0,    0,   90
20210904, 0600,  , EX, 48.7N,  63.9W,  40,  992,  120,    0,    0,  120,    0,    0,    0,    0,    0,    0,    0,    0,   90
20210904, 1200,  , EX, 47.6N,  63.9W,  35,  996,  120,    0,    0,  120,    0,    0,    0,    0,    0,    0,    0,    0,   90
20210904, 1800,  , EX, 46.6N,  63.5W,  30,  999,    0,    0,    0,    0,    0,    0,    0,    0,    0,    0,    0,    0,   90
AL102021,               KATE,     21,
20210827, 1200,  , LO, 13.1N,  47.3W,  25, 1009,    0,    0,    0,    0,    0,    0,    0,    0,    0,    0,    0,    0,   70
20210827, 1800,  , LO, 13.3N,  48.4W,  25, 1009,    0,    0,    0,    0,    0,    0,    0,    0,    0,    0,    0,    0,   60
20210828, 0000,  , LO, 13.5N,  49.5W,  25, 1009,    0,    0,    0,    0,    0,    0,    0,    0,    0,    0,    0,    0,   50
20210828, 0600,  , TD, 13.7N,  49.8W,  30, 1008,    0,    0,    0,    0,    0,    0,    0,    0,    0,    0,    0,    0,   40
20210828, 1200,  , TD, 14.5N,  50.0W,  30, 1008,    0,    0,    0,    0,    0,    0,    0,    0,    0,    0,    0,    0,   40
20210828, 1800,  , TD, 15.2N,  50.0W,  30, 1008,    0,    0,    0,    0,    0,    0,    0,    0,    0,    0,    0,    0,   40
20210829, 0000,  , TD, 16.2N,  49.9W,  30, 1008,    0,    0,    0,    0,    0,    0,    0,    0,    0,    0,    0,    0,   40
20210829, 0600,  , TD, 17.3N,  50.0W,  30, 1008,    0,    0,    0,    0,    0,    0,    0,    0,    0,    0,    0,    0,   35
20210829, 1200,  , TD, 18.4N,  50.2W,  30, 1008,    0,    0,    0,    0,    0,    0,    0,    0,    0,    0,    0,    0,   35
20210829, 1800,  , TD, 19.2N,  50.3W,  30, 1008,    0,    0,    0,    0,    0,    0,    0,    0,    0,    0,    0,    0,   35
20210830, 0000,  , TD, 19.8N,  50.5W,  30, 1008,    0,    0,    0,    0,    0,    0,    0,    0,    0,    0,    0,    0,   30
20210830, 0600,  , TS, 20.5N,  50.6W,  35, 1006,   30,   30,    0,    0,    0,    0,    0,    0,    0,    0,    0,    0,   30
20210830, 1200,  , TS, 21.3N,  50.8W,  40, 1004,   40,   40,    0,    0,    0,    0,    0,    0,    0,    0,    0,    0,   25
20210830, 1800,  , TS, 22.1N,  50.9W,  35, 1006,   40,   40,    0,    0,    0,    0,    0,    0,    0,    0,    0,    0,   30
20210831, 0000,  , TS, 22.6N,  50.9W,  35, 1006,   40,   40,    0,    0,    0,    0,    0,    0,    0,    0,    0,    0,   35
20210831, 0600,  , TS, 22.8N,  50.9W,  35, 1006,   40,   40,    0,    0,    0,    0,    0,    0,    0,    0,    0,    0,   40
20210831, 1200,  , TD, 23.2N,  50.9W,  30, 1007,    0,    0,    0,    0,    0,    0,    0,    0,    0,    0,    0,    0,   40
20210831, 1800,  , TD, 23.9N,  50.9W,  30, 1007,    0,    0,    0,    0,    0,    0,    0,    0,    0,    0,    0,    0,   40
20210901, 0000,  , TD, 24.6N,  51.2W,  30, 1007,    0,    0,    0,    0,    0,    0,    0,    0,    0,    0,    0,    0,   40
20210901, 0600,  , TD, 25.3N,  51.5W,  30, 1008,    0,    0,    0,    0,    0,    0,    0,    0,    0,    0,    0,    0,   45
20210901, 1200,  , TD, 26.6N,  52.3W,  30, 1009,    0,    0,    0,    0,    0,    0,    0,    0,    0,    0,    0,    0,   45
AL112021,             JULIAN,     13,
20210828, 1200,  , LO, 32.1N,  51.7W,  25, 1010,    0,    0,    0,    0,    0,    0,    0,    0,    0,    0,    0,    0,   50
20210828, 1800,  , TD, 32.2N,  51.0W,  30, 1008,    0,    0,    0,    0,    0,    0,    0,    0,    0,    0,    0,    0,   50
20210829, 0000,  , TD, 32.6N,  50.1W,  30, 1006,    0,    0,    0,    0,    0,    0,    0,    0,    0,    0,    0,    0,   50
20210829, 0600,  , TS, 33.5N,  49.3W,  35, 1003,    0,   60,    0,    0,    0,    0,    0,    0,    0,    0,    0,    0,   40
20210829, 1200,  , TS, 34.5N,  47.8W,  45,  997,   30,   70,   40,    0,    0,    0,    0,    0,    0,    0,    0,    0,   30
20210829, 1800,  , TS, 35.9N,  45.7W,  50,  995,   60,   80,   40,    0,    0,   30,    0,    0,    0,    0,    0,    0,   25
20210830, 0000,  , TS, 37.1N,  42.6W,  50,  994,   60,   80,   40,   30,    0,   30,    0,    0,    0,    0,    0,    0,   20
20210830, 0600,  , TS, 38.9N,  40.0W,  50,  993,   80,  100,   50,   30,    0,   30,    0,    0,    0,    0,    0,    0,   20
20210830, 1200,  , EX, 40.6N,  37.9W,  50,  993,   90,  100,   50,   20,    0,   30,    0,    0,    0,    0,    0,    0,   25
20210830, 1800,  , EX, 42.5N,  36.0W,  45,  995,   90,  100,   50,   20,    0,    0,    0,    0,    0,    0,    0,    0,   30
20210831, 0000,  , EX, 44.8N,  35.1W,  45,  997,  100,  100,   30,    0,    0,    0,    0,    0,    0,    0,    0,    0,   40
20210831, 0600,  , EX, 47.5N,  34.5W,  45,  999,  150,  120,    0,    0,    0,    0,    0,    0,    0,    0,    0,    0,   60
20210831, 1200,  , EX, 50.5N,  35.5W,  45, 1000,  180,  150,    0,    0,    0,    0,    0,    0,    0,    0,    0,    0,   70
AL122021,              LARRY,     46,
20210831, 1800,  , TD, 11.5N,  20.6W,  30, 1006,    0,    0,    0,    0,    0,    0,    0,    0,    0,    0,    0,    0,   50
20210901, 0000,  , TS, 11.9N,  22.5W,  35, 1005,   30,   30,    0,   30,    0,    0,    0,    0,    0,    0,    0,    0,   45
20210901, 0600,  , TS, 12.2N,  24.5W,  40, 1004,   40,   40,   40,   30,    0,    0,    0,    0,    0,    0,    0,    0,   40
20210901, 1200,  , TS, 12.4N,  26.5W,  45, 1003,   50,   50,   40,   40,    0,    0,    0,    0,    0,    0,    0,    0,   30
20210901, 1800,  , TS, 12.5N,  28.4W,  55,  999,   60,   50,   40,   60,   20,    0,    0,   20,    0,    0,    0,    0,   20
20210902, 0000,  , TS, 12.7N,  30.0W,  60,  996,   60,   50,   40,   60,   20,    0,    0,   20,    0,    0,    0,    0,   20
20210902, 0600,  , HU, 13.0N,  31.6W,  65,  991,   80,   80,   50,   80,   30,   20,    0,   30,   15,   15,    0,   15,   15
20210902, 1200,  , HU, 13.3N,  33.3W,  70,  987,  100,  100,   50,  100,   30,   20,   20,   30,   15,   15,    0,   15,   15
20210902, 1800,  , HU, 13.6N,  35.0W,  70,  987,  110,  100,   50,  100,   40,   30,   20,   40,   20,   15,    0,   20,   20
20210903, 0000,  , HU, 13.9N,  36.7W,  75,  985,  130,  100,   50,  120,   40,   40,   20,   40,   20,   15,    0,   20,   20
20210903, 0600,  , HU, 14.1N,  38.4W,  80,  983,  130,  100,   50,  120,   40,   40,   20,   40,   20,   15,    0,   20,   20
20210903, 1200,  , HU, 14.4N,  40.0W,  80,  980,  130,  110,   60,  120,   50,   40,   20,   50,   20,   15,    0,   20,   20
20210903, 1800,  , HU, 14.7N,  41.4W,  90,  973,  130,  110,   60,  120,   50,   40,   30,   50,   25,   20,   15,   25,   20
20210904, 0000,  , HU, 15.2N,  42.7W, 100,  964,  130,  110,   70,  120,   70,   60,   30,   60,   30,   25,   15,   25,   20
20210904, 0600,  , HU, 15.8N,  44.0W, 110,  956,  130,  110,   70,  120,   70,   60,   30,   60,   30,   25,   15,   25,   20
20210904, 1200,  , HU, 16.4N,  45.3W, 110,  956,  130,  110,   80,  120,   70,   60,   30,   60,   35,   25,   20,   30,   25
20210904, 1800,  , HU, 17.0N,  46.5W, 105,  958,  140,  120,   80,  130,   70,   60,   40,   60,   40,   30,   25,   35,   30
20210905, 0000,  , HU, 17.7N,  47.5W, 105,  958,  140,  130,   80,  130,   80,   70,   40,   70,   40,   30,   25,   35,   30
20210905, 0600,  , HU, 18.4N,  48.5W, 105,  958,  140,  140,   80,  130,   80,   70,   40,   70,   40,   30,   25,   35,   30
20210905, 1200,  , HU, 19.2N,  49.4W, 110,  953,  150,  150,   80,  130,   80,   80,   40,   70,   40,   30,   25,   35,   30
20210905, 1800,  , HU, 20.0N,  50.3W, 110,  953,  150,  150,   80,  140,   80,   80,   40,   70,   50,   40,   30,   40,   30
20210906, 0000,  , HU, 20.7N,  51.2W, 110,  953,  150,  150,   90,  140,   90,   80,   60,   80,   60,   50,   40,   50,   40
20210906, 0600,  , HU, 21.2N,  52.0W, 105,  956,  150,  150,  100,  140,   90,   80,   60,   80,   60,   50,   40,   50,   40
20210906, 1200,  , HU, 21.6N,  52.7W, 105,  956,  160,  150,  110,  140,   90,   80,   60,   80,   60,   50,   40,   50,   40
20210906, 1800,  , HU, 22.1N,  53.5W, 105,  956,  160,  150,  110,  140,   90,   80,   70,   80,   60,   50,   40,   50,   40
20210907, 0000,  , HU, 22.7N,  54.2W, 105,  956,  160,  150,  110,  140,   90,   80,   70,   80,   60,   50,   40,   50,   40
20210907, 0600,  , HU, 23.3N,  54.8W, 100,  960,  160,  160,  110,  140,   90,   80,   70,   80,   60,   50,   40,   50,   40
20210907, 1200,  , HU, 24.0N,  55.4W,  95,  963,  160,  160,  120,  140,  100,   90,   70,   80,   60,   50,   40,   50,   40
20210907, 1800,  , HU, 24.7N,  56.0W,  95,  965,  160,  160,  120,  140,  100,   90,   70,   80,   60,   50,   40,   50,   40
20210908, 0000,  , HU, 25.4N,  56.5W,  95,  966,  160,  160,  120,  140,  100,   90,   70,   90,   60,   50,   40,   50,   40
20210908, 0600,  , HU, 26.2N,  57.1W,  95,  966,  170,  180,  140,  140,  100,   90,   70,   90,   60,   50,   40,   50,   50
20210908, 1200,  , HU, 27.2N,  57.9W,  90,  966,  180,  200,  140,  150,  100,   90,   70,   90,   60,   50,   40,   50,   50
20210908, 1800,  , HU, 28.2N,  58.9W,  90,  967,  200,  200,  140,  150,  100,  100,   70,   90,   60,   50,   40,   50,   60
20210909, 0000,  , HU, 29.1N,  59.9W,  85,  968,  200,  200,  140,  140,  110,  110,   70,   90,   80,   60,   30,   50,   60
20210909, 0600,  , HU, 30.1N,  60.8W,  80,  968,  200,  200,  140,  140,  110,  110,   70,   90,   80,   60,   30,   50,   60
20210909, 1200,  , HU, 31.3N,  61.5W,  80,  966,  200,  200,  140,  140,  110,  110,   70,   90,   80,   60,   30,   50,   60
20210909, 1800,  , HU, 32.8N,  62.1W,  80,  966,  200,  200,  140,  140,  110,  110,   70,   90,   80,   60,   30,   50,   60
20210910, 0000,  , HU, 34.4N,  62.3W,  80,  966,  210,  210,  140,  140,  120,  120,   70,   90,   80,   60,   30,   50,   60
20210910, 0600,  , HU, 36.5N,  62.2W,  75,  964,  210,  210,  160,  140,  120,  120,   90,   90,   80,   70,   30,   50,   60
20210910, 1200,  , HU, 38.9N,  61.1W,  70,  961,  220,  220,  180,  120,  120,  120,  120,   80,   60,   90,    0,    0,   60
20210910, 1800,  , HU, 41.9N,  59.5W,  70,  958,  220,  220,  180,  120,  120,  120,  120,   80,   60,   90,    0,    0,   70
20210911, 0000,  , HU, 45.1N,  56.6W,  70,  958,  220,  220,  180,  120,  120,  120,  120,   80,   60,   90,    0,    0,   70
20210911, 0330, L, HU, 47.3N,  54.6W,  70,  958,  220,  220,  180,  120,  120,  120,  120,   80,   60,   90,    0,    0,   70
20210911, 0600,  , HU, 48.8N,  53.3W,  65,  959,  240,  240,  180,  120,   90,  120,   90,    0,   60,   90,    0,    0,   70
20210911, 1200,  , EX, 52.5N,  49.7W,  60,  963,  240,  270,  210,  150,   90,  120,   70,    0,    0,    0,    0,    0,   70
20210911, 1800,  , EX, 55.3N,  46.8W,  55,  967,  240,  270,  210,  150,   90,  120,   70,    0,    0,    0,    0,    0,   70
AL132021,              MINDY,     10,
20210908, 1800,  , TS, 28.4N,  86.8W,  35, 1006,    0,   30,    0,    0,    0,    0,    0,    0,    0,    0,    0,    0,   30
20210909, 0000,  , TS, 29.5N,  85.4W,  45, 1001,    0,   40,    0,    0,    0,    0,    0,    0,    0,    0,    0,    0,   30
20210909, 0115, L, TS, 29.7N,  85.1W,  50, 1000,    0,   40,    0,    0,    0,   30,    0,    0,    0,    0,    0,    0,   30
20210909, 0600,  , TS, 30.5N,  83.9W,  35, 1001,    0,   40,    0,    0,    0,    0,    0,    0,    0,    0,    0,    0,   30
20210909, 1200,  , TD, 31.2N,  81.8W,  30, 1005,    0,    0,    0,    0,    0,    0,    0,    0,    0,    0,    0,    0,   40
20210909, 1800,  , TD, 31.7N,  79.4W,  30, 1005,    0,    0,    0,    0,    0,    0,    0,    0,    0,    0,    0,    0,   40
20210910, 0000,  , LO, 32.1N,  76.8W,  30, 1005,    0,    0,    0,    0,    0,    0,    0,    0,    0,    0,    0,    0,   40
20210910, 0600,  , LO, 32.6N,  74.0W,  30, 1005,    0,    0,    0,    0,    0,    0,    0,    0,    0,    0,    0,    0,   40
20210910, 1200,  , LO, 33.2N,  71.8W,  30, 1005,    0,    0,    0,    0,    0,    0,    0,    0,    0,    0,    0,    0,   40
20210910, 1800,  , LO, 33.7N,  69.8W,  30, 1006,    0,    0,    0,    0,    0,    0,    0,    0,    0,    0,    0,    0,   40
AL142021,           NICHOLAS,     21,
20210912, 1200,  , TS, 21.0N,  95.2W,  35, 1008,   90,    0,    0,    0,    0,    0,    0,    0,    0,    0,    0,    0,   80
20210912, 1800,  , TS, 22.4N,  95.6W,  35, 1008,   90,    0,    0,    0,    0,    0,    0,    0,    0,    0,    0,    0,   80
20210913, 0000,  , TS, 23.7N,  96.1W,  40, 1007,  100,    0,    0,    0,    0,    0,    0,    0,    0,    0,    0,    0,   50
20210913, 0600,  , TS, 24.8N,  96.5W,  50, 1001,  100,   80,    0,    0,   30,    0,    0,    0,    0,    0,    0,    0,   30
20210913, 1200,  , TS, 25.9N,  96.7W,  50, 1000,  100,   80,    0,   30,   30,    0,    0,    0,    0,    0,    0,    0,   30
20210913, 1800,  , TS, 27.0N,  96.6W,  55,  998,  100,  100,    0,   40,   30,    0,    0,    0,    0,    0,    0,    0,   30
20210914, 0000,  , HU, 28.0N,  96.2W,  65,  988,  100,  120,   40,   50,   50,   40,    0,   30,   25,   25,    0,   20,   25
20210914, 0530, L, HU, 28.7N,  95.7W,  65,  991,  100,  120,   40,   50,   50,   40,    0,   30,   25,   25,    0,   20,   20
20210914, 0600,  , HU, 28.8N,  95.7W,  65,  991,  110,  140,   40,   50,   60,   40,    0,   20,   25,   25,    0,    0,   20
20210914, 1200,  , TS, 29.3N,  95.4W,  50,  999,  120,  160,    0,   30,   80,   80,    0,    0,    0,    0,    0,    0,   50
20210914, 1800,  , TS, 29.6N,  94.9W,  35, 1003,  120,  160,    0,    0,    0,    0,    0,    0,    0,    0,    0,    0,   80
20210915, 0000,  , TD, 29.9N,  94.4W,  30, 1003,    0,    0,    0,    0,    0,    0,    0,    0,    0,    0,    0,    0,   80
20210915, 0600,  , TD, 30.2N,  93.8W,  30, 1004,    0,    0,    0,    0,    0,    0,    0,    0,    0,    0,    0,    0,  100
20210915, 1200,  , TD, 30.3N,  93.1W,  25, 1006,    0,    0,    0,    0,    0,    0,    0,    0,    0,    0,    0,    0,  100
20210915, 1800,  , LO, 30.2N,  92.4W,  25, 1006,    0,    0,    0,    0,    0,    0,    0,    0,    0,    0,    0,    0,  100
20210916, 0000,  , LO, 29.9N,  91.8W,  25, 1006,    0,    0,    0,    0,    0,    0,    0,    0,    0,    0,    0,    0,  100
20210916, 0600,  , LO, 29.3N,  91.6W,  20, 1007,    0,    0,    0,    0,    0,    0,    0,    0,    0,    0,    0,    0,  100
20210916, 1200,  , LO, 29.7N,  91.7W,  20, 1007,    0,    0,    0,    0,    0,    0,    0,    0,    0,    0,    0,    0,  100
20210916, 1800,  , LO, 29.9N,  92.2W,  20, 1009,    0,    0,    0,    0,    0,    0,    0,    0,    0,    0,    0,    0,  100
20210917, 0000,  , LO, 30.3N,  92.6W,  15, 1009,    0,    0,    0,    0,    0,    0,    0,    0,    0,    0,    0,    0,  100
20210917, 0600,  , LO, 30.8N,  93.0W,  15, 1010,    0,    0,    0,    0,    0,    0,    0,    0,    0,    0,    0,    0,  100
AL152021,             ODETTE,     43,
20210916, 0600,  , LO, 30.4N,  74.3W,  30, 1011,    0,    0,    0,    0,    0,    0,    0,    0,    0,    0,    0,    0,  120
20210916, 1200,  , LO, 31.4N,  74.8W,  30, 1011,    0,    0,    0,    0,    0,    0,    0,    0,    0,    0,    0,    0,  120
20210916, 1800,  , LO, 32.3N,  75.2W,  30, 1011,    0,    0,    0,    0,    0,    0,    0,    0,    0,    0,    0,    0,  120
20210917, 0000,  , LO, 33.3N,  75.3W,  30, 1011,    0,    0,    0,    0,    0,    0,    0,    0,    0,    0,    0,    0,  120
20210917, 0600,  , LO, 34.1N,  74.9W,  30, 1011,    0,    0,    0,    0,    0,    0,    0,    0,    0,    0,    0,    0,  120
20210917, 1200,  , LO, 35.0N,  73.9W,  30, 1011,    0,    0,    0,    0,    0,    0,    0,    0,    0,    0,    0,    0,  100
20210917, 1800,  , TS, 35.9N,  72.7W,  35, 1010,  140,  120,    0,   60,    0,    0,    0,    0,    0,    0,    0,    0,   80
20210918, 0000,  , TS, 36.8N,  71.4W,  40, 1008,  150,  120,    0,   60,    0,    0,    0,    0,    0,    0,    0,    0,   90
20210918, 0600,  , TS, 37.6N,  70.1W,  40, 1005,  170,  150,    0,   60,    0,    0,    0,    0,    0,    0,    0,    0,   90
20210918, 1200,  , EX, 38.3N,  68.3W,  40, 1002,  180,  180,    0,   60,    0,    0,    0,    0,    0,    0,    0,    0,   90
20210918, 1800,  , EX, 38.7N,  66.2W,  40, 1001,  180,  180,    0,   90,    0,    0,    0,    0,    0,    0,    0,    0,  120
20210919, 0000,  , EX, 39.2N,  64.1W,  45,  999,  180,  210,    0,   90,    0,    0,    0,    0,    0,    0,    0,    0,  120
20210919, 0600,  , EX, 39.9N,  61.9W,  45,  997,  180,  240,    0,   90,    0,    0,    0,    0,    0,    0,    0,    0,  120
20210919, 1200,  , EX, 41.1N,  59.4W,  45,  995,  180,  240,    0,  120,    0,    0,    0,    0,    0,    0,    0,    0,  110
20210919, 1800,  , EX, 42.7N,  56.6W,  50,  992,  180,  210,   90,  150,    0,    0,   50,   50,    0,    0,    0,    0,   90
20210920, 0000,  , EX, 44.1N,  54.1W,  55,  989,  180,  190,  120,  180,    0,    0,   80,   50,    0,    0,    0,    0,   70
20210920, 0600,  , EX, 45.0N,  51.6W,  55,  989,  180,  190,  120,  180,    0,    0,   80,   50,    0,    0,    0,    0,   70
20210920, 1200,  , EX, 44.7N,  49.7W,  50,  990,  180,  190,  120,  180,    0,    0,   80,   50,    0,    0,    0,    0,   70
20210920, 1800,  , EX, 44.2N,  48.1W,  50,  993,  180,  190,  150,  180,    0,    0,   80,   50,    0,    0,    0,    0,   60
20210921, 0000,  , EX, 43.2N,  46.6W,  50,  993,  180,  190,  150,  180,    0,    0,   80,   50,    0,    0,    0,    0,   60
20210921, 0600,  , EX, 41.8N,  45.4W,  50,  995,  180,  180,  150,  180,    0,    0,   80,   50,    0,    0,    0,    0,   60
20210921, 1200,  , EX, 40.4N,  43.8W,  45,  997,  180,  180,  150,  180,    0,    0,    0,    0,    0,    0,    0,    0,   60
20210921, 1800,  , EX, 39.9N,  41.9W,  45,  997,  180,  150,  150,  210,    0,    0,    0,    0,    0,    0,    0,    0,   60
20210922, 0000,  , EX, 40.2N,  40.1W,  45,  998,  180,  150,  150,  210,    0,    0,    0,    0,    0,    0,    0,    0,   60
20210922, 0600,  , EX, 41.3N,  39.9W,  45,  999,  150,  150,  150,  210,    0,    0,    0,    0,    0,    0,    0,    0,   60
20210922, 1200,  , EX, 42.4N,  40.2W,  45,  999,  120,  150,  150,  180,    0,    0,    0,    0,    0,    0,    0,    0,   60
20210922, 1800,  , EX, 43.5N,  40.8W,  40, 1000,   90,  120,  120,  150,    0,    0,    0,    0,    0,    0,    0,    0,   60
20210923, 0000,  , EX, 44.1N,  41.2W,  40, 1000,   90,   90,   90,  120,    0,    0,    0,    0,    0,    0,    0,    0,   60
20210923, 0600,  , EX, 44.2N,  41.8W,  40, 1000,   90,   90,   90,  120,    0,    0,    0,    0,    0,    0,    0,    0,   60
20210923, 1200,  , EX, 44.1N,  42.4W,  40, 1000,   80,   80,   90,  120,    0,    0,    0,    0,    0,    0,    0,    0,   60
20210923, 1800,  , EX, 43.8N,  42.0W,  35, 1000,   70,   60,   70,   90,    0,    0,    0,    0,    0,    0,    0,    0,   60
20210924, 0000,  , EX, 44.1N,  41.4W,  35, 1001,   50,   50,   70,    0,    0,    0,    0,    0,    0,    0,    0,    0,   60
20210924, 0600,  , EX, 44.1N,  41.0W,  35, 1001,   50,   50,   70,    0,    0,    0,    0,    0,    0,    0,    0,    0,   60
20210924, 1200,  , EX, 43.6N,  40.5W,  35, 1002,   50,   50,   70,    0,    0,    0,    0,    0,    0,    0,    0,    0,   60
20210924, 1800,  , LO, 42.7N,  40.0W,  35, 1003,   50,   50,   70,    0,    0,    0,    0,    0,    0,    0,    0,    0,   60
20210925, 0000,  , LO, 41.6N,  39.4W,  35, 1004,    0,    0,   70,   90,    0,    0,    0,    0,    0,    0,    0,    0,   60
20210925, 0600,  , LO, 40.3N,  38.7W,  35, 1005,    0,    0,   70,   90,    0,    0,    0,    0,    0,    0,    0,    0,   60
20210925, 1200,  , LO, 38.9N,  38.0W,  35, 1006,    0,    0,    0,   90,    0,    0,    0,    0,    0,    0,    0,    0,   60
20210925, 1800,  , LO, 37.3N,  38.1W,  35, 1007,    0,    0,    0,   90,    0,    0,    0,    0,    0,    0,    0,    0,   60
20210926, 0000,  , LO, 35.8N,  38.6W,  35, 1008,    0,    0,    0,   90,    0,    0,    0,    0,    0,    0,    0,    0,   60
20210926, 0600,  , LO, 34.4N,  39.5W,  30, 1009,    0,    0,    0,    0,    0,    0,    0,    0,    0,    0,    0,    0,   60
20210926, 1200,  , LO, 32.9N,  40.5W,  30, 1010,    0,    0,    0,    0,    0,    0,    0,    0,    0,    0,    0,    0,   60
20210926, 1800,  , LO, 31.5N,  41.4W,  30, 1010,    0,    0,    0,    0,    0,    0,    0,    0,    0,    0,    0,    0,   60
AL162021,              PETER,     16,
20210919, 0000,  , TD, 16.4N,  52.7W,  30, 1007,    0,    0,    0,    0,    0,    0,    0,    0,    0,    0,    0,    0,   40
20210919, 0600,  , TS, 16.8N,  54.4W,  35, 1006,   90,   40,    0,    0,    0,    0,    0,    0,    0,    0,    0,    0,   40
20210919, 1200,  , TS, 17.3N,  55.8W,  40, 1006,  100,   40,    0,    0,    0,    0,    0,    0,    0,    0,    0,    0,   40
20210919, 1800,  , TS, 17.9N,  57.0W,  45, 1005,  110,    0,    0,    0,    0,    0,    0,    0,    0,    0,    0,    0,   50
20210920, 0000,  , TS, 18.4N,  58.0W,  45, 1005,  110,    0,    0,    0,    0,    0,    0,    0,    0,    0,    0,    0,   50
20210920, 0600,  , TS, 18.8N,  59.0W,  45, 1005,  110,    0,    0,    0,    0,    0,    0,    0,    0,    0,    0,    0,   60
20210920, 1200,  , TS, 19.2N,  60.1W,  45, 1006,  110,    0,    0,    0,    0,    0,    0,    0,    0,    0,    0,    0,   60
20210920, 1800,  , TS, 19.5N,  61.2W,  45, 1007,  130,    0,    0,    0,    0,    0,    0,    0,    0,    0,    0,    0,   60
20210921, 0000,  , TS, 19.6N,  62.3W,  45, 1007,  150,    0,    0,    0,    0,    0,    0,    0,    0,    0,    0,    0,   60
20210921, 0600,  , TS, 19.6N,  63.2W,  40, 1007,  150,    0,    0,    0,    0,    0,    0,    0,    0,    0,    0,    0,   60
20210921, 1200,  , TS, 19.8N,  64.0W,  35, 1008,  130,    0,    0,    0,    0,    0,    0,    0,    0,    0,    0,    0,   60
20210921, 1800,  , TD, 20.2N,  64.6W,  30, 1008,    0,    0,    0,    0,    0,    0,    0,    0,    0,    0,    0,    0,   70
20210922, 0000,  , TD, 20.6N,  65.2W,  30, 1008,    0,    0,    0,    0,    0,    0,    0,    0,    0,    0,    0,    0,   70
20210922, 0600,  , TD, 21.0N,  65.8W,  30, 1008,    0,    0,    0,    0,    0,    0,    0,    0,    0,    0,    0,    0,   70
20210922, 1200,  , TD, 21.4N,  66.4W,  30, 1008,    0,    0,    0,    0,    0,    0,    0,    0,    0,    0,    0,    0,   70
20210922, 1800,  , TD, 21.7N,  66.9W,  30, 1008,    0,    0,    0,    0,    0,    0,    0,    0,    0,    0,    0,    0,   70
AL172021,               ROSE,     22,
20210919, 0000,  , TD, 10.4N,  27.4W,  30, 1008,    0,    0,    0,    0,    0,    0,    0,    0,    0,    0,    0,    0,   30
20210919, 0600,  , TD, 11.3N,  27.8W,  30, 1008,    0,    0,    0,    0,    0,    0,    0,    0,    0,    0,    0,    0,   30
20210919, 1200,  , TD, 12.6N,  28.4W,  30, 1008,    0,    0,    0,    0,    0,    0,    0,    0,    0,    0,    0,    0,   30
20210919, 1800,  , TS, 13.8N,  29.4W,  35, 1007,   30,   30,    0,    0,    0,    0,    0,    0,    0,    0,    0,    0,   25
20210920, 0000,  , TS, 14.7N,  30.6W,  35, 1007,   30,   30,    0,    0,    0,    0,    0,    0,    0,    0,    0,    0,   25
20210920, 0600,  , TS, 15.6N,  31.8W,  35, 1007,   30,   30,   30,    0,    0,    0,    0,    0,    0,    0,    0,    0,   25
20210920, 1200,  , TS, 16.7N,  32.9W,  35, 1007,   30,   30,   30,    0,    0,    0,    0,    0,    0,    0,    0,    0,   25
20210920, 1800,  , TS, 17.7N,  34.1W,  40, 1006,   60,   60,   40,    0,    0,    0,    0,    0,    0,    0,    0,    0,   25
20210921, 0000,  , TS, 18.8N,  35.3W,  50, 1004,   80,   80,   40,    0,   30,    0,    0,    0,    0,    0,    0,    0,   30
20210921, 0600,  , TS, 20.0N,  36.1W,  40, 1006,   80,   80,   40,    0,    0,    0,    0,    0,    0,    0,    0,    0,   50
20210921, 1200,  , TS, 21.1N,  36.7W,  35, 1007,   80,   80,    0,    0,    0,    0,    0,    0,    0,    0,    0,    0,   70
20210921, 1800,  , TS, 22.1N,  37.3W,  35, 1007,   80,   80,    0,    0,    0,    0,    0,    0,    0,    0,    0,    0,   70
20210922, 0000,  , TS, 22.7N,  37.7W,  35, 1008,   90,   90,    0,    0,    0,    0,    0,    0,    0,    0,    0,    0,   80
20210922, 0600,  , TD, 23.1N,  38.1W,  30, 1009,    0,    0,    0,    0,    0,    0,    0,    0,    0,    0,    0,    0,   80
20210922, 1200,  , LO, 23.4N,  38.8W,  30, 1009,    0,    0,    0,    0,    0,    0,    0,    0,    0,    0,    0,    0,   80
20210922, 1800,  , LO, 23.8N,  39.7W,  30, 1010,    0,    0,    0,    0,    0,    0,    0,    0,    0,    0,    0,    0,   80
20210923, 0000,  , LO, 24.2N,  40.6W,  30, 1010,    0,    0,    0,    0,    0,    0,    0,    0,    0,    0,    0,    0,   90
20210923, 0600,  , LO, 25.0N,  41.4W,  30, 1010,    0,    0,    0,    0,    0,    0,    0,    0,    0,    0,    0,    0,   90
20210923, 1200,  , LO, 26.0N,  41.9W,  25, 1010,    0,    0,    0,    0,    0,    0,    0,    0,    0,    0,    0,    0,   90
20210923, 1800,  , LO, 27.0N,  42.0W,  25, 1010,    0,    0,    0,    0,    0,    0,    0,    0,    0,    0,    0,    0,   90
20210924, 0000,  , LO, 27.8N,  42.0W,  25, 1010,    0,    0,    0,    0,    0,    0,    0,    0,    0,    0,    0,    0,   90
20210924, 0600,  , LO, 28.3N,  41.7W,  25, 1010,    0,    0,    0,    0,    0,    0,    0,    0,    0,    0,    0,    0,   90
AL182021,                SAM,     59,
20210922, 1800,  , TD, 10.0N,  33.1W,  30, 1008,    0,    0,    0,    0,    0,    0,    0,    0,    0,    0,    0,    0,   40
20210923, 0000,  , TD, 10.2N,  34.4W,  30, 1008,    0,    0,    0,    0,    0,    0,    0,    0,    0,    0,    0,    0,   40
20210923, 0600,  , TS, 10.4N,  36.0W,  35, 1006,   30,    0,    0,   30,    0,    0,    0,    0,    0,    0,    0,    0,   30
20210923, 1200,  , TS, 10.7N,  37.6W,  45, 1003,   40,    0,    0,   40,    0,    0,    0,    0,    0,    0,    0,    0,   30
20210923, 1800,  , TS, 10.9N,  39.0W,  50, 1000,   40,   30,    0,   40,   20,    0,    0,    0,    0,    0,    0,    0,   20
20210924, 0000,  , TS, 11.1N,  40.3W,  60,  997,   40,   30,   20,   40,   20,    0,    0,   10,    0,    0,    0,    0,   15
20210924, 0600,  , HU, 11.4N,  41.6W,  65,  993,   50,   40,   30,   40,   30,   20,   20,   20,   15,    0,    0,    0,   15
20210924, 1200,  , HU, 11.6N,  43.0W,  65,  993,   50,   40,   30,   40,   30,   20,   20,   20,   15,    0,    0,    0,   15
20210924, 1800,  , HU, 11.9N,  44.3W,  70,  989,   50,   40,   30,   50,   30,   20,   20,   20,   15,    0,    0,   10,   15
20210925, 0000,  , HU, 12.3N,  45.4W,  85,  982,   50,   40,   30,   50,   30,   20,   20,   20,   15,   10,    5,   10,   10
20210925, 0600,  , HU, 12.6N,  46.3W,  95,  973,   50,   40,   30,   50,   30,   30,   20,   30,   15,   15,   10,   15,   10
20210925, 1200,  , HU, 12.8N,  47.2W, 105,  960,   70,   90,   40,   60,   30,   30,   20,   30,   20,   15,   10,   15,   10
20210925, 1800,  , HU, 13.1N,  48.1W, 115,  950,   70,   90,   40,   60,   40,   30,   20,   30,   25,   20,   15,   20,   10
20210926, 0000,  , HU, 13.4N,  48.8W, 130,  943,   80,   90,   40,   60,   40,   30,   20,   30,   25,   20,   15,   20,   10
20210926, 0600,  , HU, 13.6N,  49.4W, 130,  943,   80,   80,   40,   60,   40,   30,   20,   30,   25,   20,   15,   20,   10
20210926, 1200,  , HU, 13.8N,  50.0W, 130,  939,   80,   80,   50,   70,   40,   30,   30,   30,   25,   20,   20,   20,   10
20210926, 1800,  , HU, 14.1N,  50.3W, 135,  927,   80,   80,   60,   70,   40,   30,   30,   30,   25,   20,   20,   20,    5
20210927, 0000,  , HU, 14.5N,  50.6W, 130,  940,   80,   80,   60,   70,   40,   30,   30,   30,   25,   20,   20,   20,   10
20210927, 0600,  , HU, 15.0N,  51.1W, 115,  948,   90,   90,   60,   70,   40,   30,   30,   40,   25,   20,   20,   20,   10
20210927, 1200,  , HU, 15.4N,  51.7W, 105,  955,   90,   90,   60,   70,   40,   30,   30,   40,   25,   20,   20,   20,   10
20210927, 1800,  , HU, 15.9N,  52.3W, 105,  958,   90,   90,   60,   70,   40,   30,   30,   40,   25,   20,   20,   20,   10
20210928, 0000,  , HU, 16.5N,  52.9W, 105,  955,  110,   90,   70,   90,   60,   50,   40,   50,   35,   30,   25,   30,   15
20210928, 0600,  , HU, 16.9N,  53.5W, 115,  952,  110,   90,   70,   90,   60,   50,   40,   50,   35,   30,   25,   30,   15
20210928, 1200,  , HU, 17.3N,  54.1W, 115,  952,  110,  120,   90,  110,   60,   50,   40,   50,   35,   30,   25,   30,   15
20210928, 1800,  , HU, 17.7N,  54.7W, 115,  947,  110,  120,   90,  110,   60,   50,   40,   50,   35,   30,   25,   30,   15
20210929, 0000,  , HU, 18.1N,  55.3W, 115,  947,  110,  120,   80,   90,   60,   50,   40,   50,   35,   30,   25,   30,   15
20210929, 0600,  , HU, 18.6N,  55.9W, 115,  952,  110,  120,   80,   90,   60,   50,   40,   50,   35,   30,   25,   30,   15
20210929, 1200,  , HU, 19.1N,  56.6W, 115,  952,  120,  120,   80,   90,   70,   50,   40,   50,   35,   30,   25,   30,   15
20210929, 1800,  , HU, 19.7N,  57.3W, 115,  945,  120,  120,   80,   90,   70,   50,   40,   50,   35,   30,   25,   30,   15
20210930, 0000,  , HU, 20.3N,  58.0W, 125,  940,  130,  120,   90,  100,   90,   60,   60,   70,   50,   40,   35,   40,   15
20210930, 0600,  , HU, 21.0N,  58.8W, 125,  937,  130,  120,   90,  110,   80,   70,   50,   60,   50,   40,   35,   40,   15
20210930, 1200,  , HU, 22.0N,  59.6W, 125,  937,  130,  120,   90,  110,   80,   70,   50,   60,   50,   40,   35,   40,   15
20210930, 1800,  , HU, 23.0N,  60.4W, 125,  941,  140,  130,   90,  110,   80,   70,   50,   60,   50,   45,   35,   40,   15
20211001, 0000,  , HU, 24.3N,  61.0W, 125,  938,  150,  140,   90,  110,   90,   80,   50,   60,   50,   50,   35,   40,   15
20211001, 0600,  , HU, 25.8N,  61.6W, 130,  936,  150,  140,   90,  110,   90,   80,   50,   60,   60,   50,   35,   40,   15
20211001, 1200,  , HU, 27.4N,  61.9W, 130,  936,  150,  180,  130,  130,   80,   90,   70,   70,   50,   50,   35,   30,   15
20211001, 1800,  , HU, 29.2N,  61.9W, 130,  937,  150,  180,  130,  130,   80,   90,   70,   70,   50,   45,   35,   35,   20
20211002, 0000,  , HU, 30.8N,  61.5W, 125,  940,  150,  180,  130,  130,   80,   90,   70,   70,   50,   45,   35,   35,   20
20211002, 0600,  , HU, 32.1N,  61.0W, 120,  945,  150,  180,  140,  160,   80,   90,   70,   80,   55,   45,   40,   30,   20
20211002, 1200,  , HU, 33.4N,  60.1W, 115,  948,  180,  210,  160,  190,  100,  100,   70,   90,   60,   60,   40,   30,   20
20211002, 1800,  , HU, 34.7N,  59.1W, 110,  950,  180,  210,  160,  190,  100,  100,   70,   90,   60,   60,   40,   30,   20
20211003, 0000,  , HU, 35.8N,  57.9W, 100,  954,  180,  210,  160,  190,  100,  100,   70,   90,   60,   60,   40,   30,   20
20211003, 0600,  , HU, 36.7N,  56.6W,  90,  960,  180,  210,  180,  190,   80,   80,   60,   80,   40,   40,   20,   20,   20
20211003, 1200,  , HU, 37.3N,  55.4W,  85,  964,  180,  210,  180,  190,   80,   80,   60,   80,   40,   40,   20,   20,   20
20211003, 1800,  , HU, 38.0N,  53.9W,  85,  964,  210,  210,  200,  210,   90,   80,   90,  100,   40,   50,   20,   20,   20
20211004, 0000,  , HU, 38.7N,  52.2W,  90,  957,  210,  210,  210,  210,   90,   90,  100,   90,   50,   60,   50,   20,   20
20211004, 0600,  , HU, 39.9N,  49.9W,  90,  957,  220,  220,  220,  210,   90,   90,  100,   80,    0,   60,   50,    0,   20
20211004, 1200,  , HU, 41.4N,  47.1W,  85,  960,  220,  220,  220,  220,  100,  100,  100,   70,    0,   60,   50,    0,   20
20211004, 1800,  , HU, 43.8N,  43.6W,  80,  965,  240,  240,  260,  210,  120,  120,  100,   70,    0,   70,   60,    0,   40
20211005, 0000,  , HU, 46.5N,  40.5W,  75,  965,  240,  270,  300,  300,  120,  150,  150,   60,    0,   70,   70,    0,   40
20211005, 0600,  , EX, 49.4N,  39.7W,  70,  965,  240,  270,  300,  300,  120,  150,  150,   60,    0,   70,   70,    0,   40
20211005, 1200,  , EX, 52.2N,  39.6W,  65,  966,  270,  360,  260,  270,  150,  120,  150,  150,    0,    0,    0,   60,   40
20211005, 1800,  , EX, 50.6N,  42.1W,  65,  966,  270,  360,  240,  270,  150,  120,  150,  150,    0,    0,    0,   60,   40
20211006, 0000,  , EX, 49.9N,  38.9W,  60,  967,  240,  360,  360,  420,    0,  120,  120,    0,    0,    0,    0,    0,   40
20211006, 0600,  , EX, 50.5N,  35.5W,  55,  968,  210,  360,  360,  360,    0,  120,  120,    0,    0,    0,    0,    0,   40
20211006, 1200,  , EX, 51.5N,  32.4W,  50,  969,  210,  300,  240,    0,    0,  120,  120,    0,    0,    0,    0,    0,   40
20211006, 1800,  , EX, 53.1N,  29.0W,  45,  971,  210,  300,  240,    0,    0,    0,    0,    0,    0,    0,    0,    0,   40
20211007, 0000,  , EX, 55.2N,  25.4W,  45,  973,    0,  270,  210,    0,    0,    0,    0,    0,    0,    0,    0,    0,   60
20211007, 0600,  , EX, 58.1N,  22.3W,  40,  976,    0,  270,    0,    0,    0,    0,    0,    0,    0,    0,    0,    0,   80
AL192021,             TERESA,     10,
20210924, 0600,  , SD, 31.4N,  62.0W,  30, 1011,    0,    0,    0,    0,    0,    0,    0,    0,    0,    0,    0,    0,   80
20210924, 1200,  , SS, 32.8N,  62.9W,  35, 1010,   80,    0,    0,   80,    0,    0,    0,    0,    0,    0,    0,    0,   80
20210924, 1800,  , SS, 33.6N,  64.1W,  40, 1008,   80,    0,    0,   80,    0,    0,    0,    0,    0,    0,    0,    0,   80
20210925, 0000,  , SS, 34.1N,  65.0W,  40, 1008,  100,    0,    0,    0,    0,    0,    0,    0,    0,    0,    0,    0,   80
20210925, 0600,  , SS, 34.3N,  65.5W,  35, 1009,  120,    0,    0,    0,    0,    0,    0,    0,    0,    0,    0,    0,   90
20210925, 1200,  , SD, 34.3N,  65.2W,  30, 1010,    0,    0,    0,    0,    0,    0,    0,    0,    0,    0,    0,    0,   90
20210925, 1800,  , LO, 34.3N,  64.5W,  30, 1010,    0,    0,    0,    0,    0,    0,    0,    0,    0,    0,    0,    0,  100
20210926, 0000,  , LO, 34.7N,  63.9W,  30, 1010,    0,    0,    0,    0,    0,    0,    0,    0,    0,    0,    0,    0,  100
20210926, 0600,  , LO, 35.2N,  63.2W,  30, 1010,    0,    0,    0,    0,    0,    0,    0,    0,    0,    0,    0,    0,  100
20210926, 1200,  , LO, 35.6N,  61.8W,  25, 1011,    0,    0,    0,    0,    0,    0,    0,    0,    0,    0,    0,    0,  100
AL202021,             VICTOR,     22,
20210929, 0000,  , LO,  7.0N,  22.0W,  30, 1008,    0,    0,    0,    0,    0,    0,    0,    0,    0,    0,    0,    0,   50
20210929, 0600,  , LO,  7.4N,  23.0W,  30, 1007,    0,    0,    0,    0,    0,    0,    0,    0,    0,    0,    0,    0,   50
20210929, 1200,  , TD,  7.8N,  24.1W,  30, 1006,    0,    0,    0,    0,    0,    0,    0,    0,    0,    0,    0,    0,   50
20210929, 1800,  , TS,  8.1N,  25.1W,  35, 1005,   50,    0,    0,   40,    0,    0,    0,    0,    0,    0,    0,    0,   40
20210930, 0000,  , TS,  8.3N,  26.0W,  35, 1005,   50,    0,    0,   40,    0,    0,    0,    0,    0,    0,    0,    0,   40
20210930, 0600,  , TS,  8.7N,  27.1W,  40, 1004,   70,    0,    0,   50,    0,    0,    0,    0,    0,    0,    0,    0,   40
20210930, 1200,  , TS,  9.2N,  28.4W,  40, 1003,   90,    0,    0,   70,    0,    0,    0,    0,    0,    0,    0,    0,   40
20210930, 1800,  , TS,  9.8N,  29.5W,  45, 1001,   90,    0,    0,   90,    0,    0,    0,    0,    0,    0,    0,    0,   40
20211001, 0000,  , TS, 10.5N,  30.6W,  50,  999,  110,   70,    0,  100,   40,    0,    0,   40,    0,    0,    0,    0,   40
20211001, 0600,  , TS, 11.0N,  31.8W,  50,  998,  120,   80,    0,  100,   40,    0,    0,   40,    0,    0,    0,    0,   40
20211001, 1200,  , TS, 11.4N,  33.0W,  55,  997,  120,   80,   60,  120,   50,    0,    0,   50,    0,    0,    0,    0,   40
20211001, 1800,  , TS, 11.8N,  33.9W,  55,  997,  120,   80,   60,  120,   50,    0,    0,   50,    0,    0,    0,    0,   45
20211002, 0000,  , TS, 12.1N,  34.9W,  50,  999,  120,   60,    0,  120,   50,    0,    0,    0,    0,    0,    0,    0,   50
20211002, 0600,  , TS, 12.5N,  35.8W,  45, 1001,  100,   60,    0,   80,    0,    0,    0,    0,    0,    0,    0,    0,   50
20211002, 1200,  , TS, 12.7N,  36.7W,  35, 1005,   60,    0,    0,   60,    0,    0,    0,    0,    0,    0,    0,    0,   60
20211002, 1800,  , TD, 13.5N,  37.7W,  30, 1007,    0,    0,    0,    0,    0,    0,    0,    0,    0,    0,    0,    0,   60
20211003, 0000,  , TD, 14.4N,  38.4W,  30, 1007,    0,    0,    0,    0,    0,    0,    0,    0,    0,    0,    0,    0,   60
20211003, 0600,  , TD, 15.1N,  39.2W,  30, 1007,    0,    0,    0,    0,    0,    0,    0,    0,    0,    0,    0,    0,   60
20211003, 1200,  , TD, 15.7N,  40.0W,  30, 1007,    0,    0,    0,    0,    0,    0,    0,    0,    0,    0,    0,    0,   60
20211003, 1800,  , TD, 16.5N,  41.0W,  30, 1007,    0,    0,    0,    0,    0,    0,    0,    0,    0,    0,    0,    0,   70
20211004, 0000,  , TD, 17.2N,  42.1W,  30, 1007,    0,    0,    0,    0,    0,    0,    0,    0,    0,    0,    0,    0,   70
20211004, 0600,  , TD, 17.8N,  43.1W,  25, 1009,    0,    0,    0,    0,    0,    0,    0,    0,    0,    0,    0,    0,   70
AL212021,              WANDA,     54,
20211025, 1800,  , EX, 32.5N,  76.3W,  35, 1006,    0,   60,    0,    0,    0,    0,    0,    0,    0,    0,    0,    0,   40
20211026, 0000,  , EX, 34.2N,  74.1W,  45, 1002,  180,   90,    0,    0,    0,    0,    0,    0,    0,    0,    0,    0,   60
20211026, 0600,  , EX, 35.9N,  71.3W,  45,  996,  240,  240,    0,    0,    0,    0,    0,    0,    0,    0,    0,    0,   60
20211026, 1200,  , EX, 37.7N,  69.1W,  50,  992,  270,  240,    0,   60,   60,   60,    0,    0,    0,    0,    0,    0,   60
20211026, 1800,  , EX, 39.5N,  68.2W,  55,  984,  300,  210,   30,   90,  150,    0,    0,   50,    0,    0,    0,    0,   70
20211027, 0000,  , EX, 40.8N,  67.6W,  60,  979,  300,  120,   60,  210,  150,    0,    0,  100,    0,    0,    0,    0,   80
20211027, 0600,  , EX, 41.4N,  69.4W,  60,  973,  420,  180,   90,  210,  150,    0,    0,  110,    0,    0,    0,    0,   90
20211027, 1200,  , EX, 39.9N,  70.1W,  55,  976,  480,  240,  180,  240,  120,    0,    0,  120,    0,    0,    0,    0,  100
20211027, 1800,  , EX, 38.7N,  68.5W,  50,  980,  540,  300,  180,  300,    0,    0,    0,  120,    0,    0,    0,    0,  100
20211028, 0000,  , EX, 39.0N,  65.9W,  45,  981,  540,  210,  240,  360,    0,    0,    0,    0,    0,    0,    0,    0,  200
20211028, 0600,  , EX, 39.4N,  63.9W,  45,  982,  540,  180,  240,  360,    0,    0,    0,    0,    0,    0,    0,    0,  200
20211028, 1200,  , EX, 39.8N,  61.9W,  45,  982,  540,  180,  240,  360,    0,    0,    0,    0,    0,    0,    0,    0,  200
20211028, 1800,  , EX, 40.2N,  59.8W,  45,  982,  480,  180,  210,  330,    0,    0,    0,    0,    0,    0,    0,    0,  180
20211029, 0000,  , EX, 40.6N,  58.1W,  45,  982,  420,  180,  210,  300,    0,    0,    0,    0,    0,    0,    0,    0,  150
20211029, 0600,  , EX, 40.7N,  56.8W,  45,  982,  390,  180,  180,  300,    0,    0,    0,    0,    0,    0,    0,    0,  150
20211029, 1200,  , EX, 40.6N,  55.5W,  45,  981,  360,  180,  180,  300,    0,    0,    0,    0,    0,    0,    0,    0,  150
20211029, 1800,  , EX, 40.4N,  54.0W,  45,  981,  330,  180,  180,  330,    0,    0,    0,    0,    0,    0,    0,    0,  100
20211030, 0000,  , EX, 40.1N,  52.4W,  45,  982,  270,  120,  150,  270,    0,    0,    0,    0,    0,    0,    0,    0,   60
20211030, 0600,  , EX, 39.4N,  51.2W,  40,  984,  120,  100,  150,  210,    0,    0,    0,    0,    0,    0,    0,    0,   60
20211030, 1200,  , SS, 38.5N,  49.6W,  40,  986,    0,   90,  150,  150,    0,    0,    0,    0,    0,    0,    0,    0,   60
20211030, 1800,  , SS, 37.5N,  47.8W,  40,  988,    0,   90,  150,   90,    0,    0,    0,    0,    0,    0,    0,    0,   50
20211031, 0000,  , SS, 36.5N,  46.0W,  45,  987,   60,   90,   90,    0,    0,    0,    0,    0,    0,    0,    0,    0,   40
20211031, 0600,  , SS, 36.6N,  44.2W,  50,  985,   60,   70,   70,    0,   30,   40,    0,    0,    0,    0,    0,    0,   40
20211031, 1200,  , SS, 36.5N,  43.4W,  50,  983,   60,   60,   60,   30,   20,   40,    0,    0,    0,    0,    0,    0,   40
20211031, 1800,  , SS, 36.4N,  43.5W,  50,  985,   60,   30,   60,   90,    0,    0,    0,   40,    0,    0,    0,    0,   40
20211101, 0000,  , SS, 35.8N,  44.0W,  45,  989,   60,    0,   60,  120,    0,    0,    0,    0,    0,    0,    0,    0,   35
20211101, 0600,  , SS, 34.8N,  44.2W,  40,  991,   60,    0,   50,   80,    0,    0,    0,    0,    0,    0,    0,    0,   35
20211101, 1200,  , TS, 34.1N,  43.4W,  40,  993,    0,   40,   40,   40,    0,    0,    0,    0,    0,    0,    0,    0,   35
20211101, 1800,  , TS, 34.1N,  42.6W,  35,  997,    0,   40,   40,   40,    0,    0,    0,    0,    0,    0,    0,    0,   35
20211102, 0000,  , TS, 34.4N,  41.9W,  35,  997,   50,   50,   50,   50,    0,    0,    0,    0,    0,    0,    0,    0,   35
20211102, 0600,  , TS, 34.9N,  41.3W,  40,  996,   50,   50,   50,   50,    0,    0,    0,    0,    0,    0,    0,    0,   30
20211102, 1200,  , TS, 35.5N,  40.7W,  40,  996,   50,   50,   30,   30,    0,    0,    0,    0,    0,    0,    0,    0,   25
20211102, 1800,  , TS, 36.2N,  40.5W,  40,  996,   60,   60,   20,   30,    0,    0,    0,    0,    0,    0,    0,    0,   25
20211103, 0000,  , TS, 36.9N,  40.4W,  40,  996,   80,   80,    0,   30,    0,    0,    0,    0,    0,    0,    0,    0,   25
20211103, 0600,  , TS, 37.6N,  40.2W,  40,  995,   80,   80,    0,   30,    0,    0,    0,    0,    0,    0,    0,    0,   25
20211103, 1200,  , TS, 38.4N,  39.9W,  40,  994,   80,   80,    0,   40,    0,    0,    0,    0,    0,    0,    0,    0,   30
20211103, 1800,  , TS, 39.3N,  39.7W,  45,  992,   80,   90,   30,   40,    0,    0,    0,    0,    0,    0,    0,    0,   30
20211104, 0000,  , TS, 40.2N,  39.7W,  45,  992,   80,   90,   50,   60,    0,    0,    0,    0,    0,    0,    0,    0,   35
20211104, 0600,  , TS, 41.0N,  39.7W,  45,  992,   70,   80,   50,   60,    0,    0,    0,    0,    0,    0,    0,    0,   35
20211104, 1200,  , TS, 41.7N,  39.7W,  40,  994,   60,   60,   50,   60,    0,    0,    0,    0,    0,    0,    0,    0,   35
20211104, 1800,  , TS, 42.1N,  39.6W,  40,  994,   60,   60,   50,   60,    0,    0,    0,    0,    0,    0,    0,    0,   35
20211105, 0000,  , TS, 42.3N,  39.0W,  45,  992,   60,   70,   80,   70,    0,    0,    0,    0,    0,    0,    0,    0,   40
20211105, 0600,  , TS, 42.0N,  38.3W,  45,  992,   50,   70,   90,   80,    0,    0,    0,    0,    0,    0,    0,    0,   40
20211105, 1200,  , TS, 41.1N,  37.8W,  45,  993,   40,   50,  120,  100,    0,    0,    0,    0,    0,    0,    0,    0,   40
20211105, 1800,  , TS, 39.6N,  37.5W,  45,  996,   40,   40,  110,  100,    0,    0,    0,    0,    0,    0,    0,    0,   40
20211106, 0000,  , TS, 38.4N,  38.0W,  45,  999,   50,   30,   80,   90,    0,    0,    0,    0,    0,    0,    0,    0,   40
20211106, 0600,  , TS, 37.6N,  38.3W,  45, 1000,   50,   30,   60,   60,    0,    0,    0,    0,    0,    0,    0,    0,   35
20211106, 1200,  , TS, 37.2N,  38.4W,  40, 1001,   50,   30,   50,    0,    0,    0,    0,    0,    0,    0,    0,    0,   35
20211106, 1800,  , TS, 37.1N,  38.0W,  35, 1002,   50,   50,   50,    0,    0,    0,    0,    0,    0,    0,    0,    0,   35
20211107, 0000,  , TS, 37.4N,  37.4W,  35, 1003,    0,   60,    0,    0,    0,    0,    0,    0,    0,    0,    0,    0,   40
20211107, 0600,  , TS, 38.1N,  36.4W,  35, 1004,    0,   60,    0,    0,    0,    0,    0,    0,    0,    0,    0,    0,   45
20211107, 1200,  , LO, 39.2N,  34.9W,  35, 1006,    0,   90,    0,    0,    0,    0,    0,    0,    0,    0,    0,    0,   50
20211107, 1800,  , LO, 40.9N,  32.8W,  40, 1006,    0,   90,    0,    0,    0,    0,    0,    0,    0,    0,    0,    0,   50
20211108, 0000,  , LO, 43.2N,  29.7W,  40, 1006,   30,   70,    0,    0,    0,    0,    0,    0,    0,    0,    0,    0,   40
