AL012024,            ALBERTO,     13,
20240617, 1800,  , DB, 19.9N,  92.7W,  35, 1001,  250,    0,    0,    0,    0,    0,    0,    0,    0,    0,    0,    0,  200
20240618, 0000,  , DB, 20.4N,  92.7W,  35,  999,  250,    0,    0,    0,    0,    0,    0,    0,    0,    0,    0,    0,  240
20240618, 0600,  , DB, 20.9N,  92.7W,  35,  999,  350,    0,    0,  310,    0,    0,    0,    0,    0,    0,    0,    0,  290
20240618, 1200,  , DB, 21.5N,  92.6W,  35,  999,  350,    0,    0,  340,    0,    0,    0,    0,    0,    0,    0,    0,  320
20240618, 1800,  , DB, 22.0N,  92.6W,  35,  999,  360,    0,    0,  410,    0,    0,    0,    0,    0,    0,    0,    0,  350
20240619, 0000,  , DB, 22.3N,  92.8W,  35,  998,  390,    0,    0,  430,    0,    0,    0,    0,    0,    0,    0,    0,  350
20240619, 0600,  , DB, 22.4N,  93.5W,  35,  998,  400,    0,    0,  430,    0,    0,    0,    0,    0,    0,    0,    0,  330
20240619, 1200,  , TS, 22.1N,  94.2W,  35,  995,  400,    0,    0,  430,    0,    0,    0,    0,    0,    0,    0,    0,  270
20240619, 1800,  , TS, 21.8N,  94.8W,  40,  995,  450,    0,    0,  430,    0,    0,    0,    0,    0,    0,    0,    0,  210
20240620, 0000,  , TS, 21.5N,  95.5W,  45,  992,  450,   50,   40,  400,    0,    0,    0,    0,    0,    0,    0,    0,   90
20240620, 0600,  , TS, 22.0N,  96.7W,  45,  993,  380,   60,   60,  340,    0,    0,    0,    0,    0,    0,    0,    0,   60
20240620, 0900, L, TS, 22.4N,  97.8W,  45,  994,  310,   60,   60,  220,    0,    0,    0,    0,    0,    0,    0,    0,   60
20240620, 1200,  , TS, 22.4N,  98.8W,  35,  998,  180,   60,   30,  120,    0,    0,    0,    0,    0,    0,    0,    0,   60
AL022024,              BERYL,     57,
20240628, 1200,  , TD,  8.9N,  39.6W,  30, 1007,    0,    0,    0,    0,    0,    0,    0,    0,    0,    0,    0,    0,   50
20240628, 1800,  , TD,  9.0N,  41.3W,  30, 1007,    0,    0,    0,    0,    0,    0,    0,    0,    0,    0,    0,    0,   50
20240629, 0000,  , TS,  9.2N,  43.1W,  35, 1006,   40,    0,    0,   40,    0,    0,    0,    0,    0,    0,    0,    0,   40
20240629, 0600,  , TS,  9.5N,  45.2W,  45, 1003,   50,   30,    0,   40,    0,    0,    0,    0,    0,    0,    0,    0,   30
20240629, 1200,  , TS,  9.7N,  47.0W,  55, 1000,   50,   30,   20,   40,   20,    0,    0,    0,    0,    0,    0,    0,   20
20240629, 1800,  , TS,  9.9N,  48.7W,  60,  995,   50,   30,   20,   50,   25,    0,    0,   20,    0,    0,    0,    0,   15
20240630, 0000,  , HU, 10.1N,  50.5W,  70,  989,   60,   40,   30,   50,   30,   20,   15,   25,   15,    0,    0,   15,   10
20240630, 0600,  , HU, 10.4N,  52.3W,  85,  980,   80,   60,   50,   60,   40,   30,   25,   30,   20,   10,   10,   20,   10
20240630, 1200,  , HU, 10.5N,  54.0W, 100,  968,  100,   80,   70,   80,   50,   40,   40,   40,   25,   20,   15,   25,   10
20240630, 1800,  , HU, 10.9N,  55.7W, 115,  958,  100,   80,   70,   80,   50,   40,   40,   40,   25,   20,   15,   25,   10
20240701, 0000,  , HU, 11.2N,  57.3W, 110,  958,  100,   80,   70,   80,   50,   40,   30,   40,   25,   20,   15,   25,    5
20240701, 0600,  , HU, 11.5N,  59.0W, 100,  965,  110,   80,   70,  100,   50,   40,   30,   50,   30,   25,   20,   25,   15
20240701, 1200,  , HU, 12.0N,  60.6W, 115,  957,  110,   90,   70,  100,   60,   40,   30,   50,   35,   25,   20,   25,   15
20240701, 1520, L, HU, 12.5N,  61.5W, 120,  950,  110,   90,   70,  100,   60,   40,   30,   50,   35,   25,   20,   25,   15
20240701, 1800,  , HU, 12.8N,  62.3W, 130,  944,  110,  100,   70,  100,   60,   50,   35,   50,   35,   30,   25,   30,   10
20240702, 0000,  , HU, 13.5N,  64.1W, 140,  938,  110,  100,   70,  100,   60,   50,   30,   50,   35,   25,   20,   30,    5
20240702, 0600,  , HU, 14.3N,  65.9W, 145,  935,  130,  100,   60,  100,   60,   50,   30,   50,   35,   25,   15,   30,   10
20240702, 0945, I, HU, 14.8N,  67.2W, 145,  932,  150,  100,   60,  100,   60,   50,   40,   50,   35,   30,   20,   30,   10
20240702, 1200,  , HU, 15.0N,  67.9W, 140,  934,  150,  100,   60,  100,   60,   50,   40,   50,   35,   30,   20,   30,   10
20240702, 1800,  , HU, 15.6N,  69.9W, 135,  944,  160,  100,   60,  120,   70,   50,   40,   50,   35,   30,   20,   30,   10
20240703, 0000,  , HU, 16.0N,  71.8W, 130,  945,  160,  100,   60,  120,   70,   50,   40,   50,   35,   30,   20,   30,   10
20240703, 0600,  , HU, 16.3N,  73.5W, 125,  946,  160,   90,   50,  120,   70,   50,   30,   50,   40,   30,   20,   30,   10
20240703, 1200,  , HU, 16.8N,  75.3W, 125,  952,  160,   80,   50,  120,   70,   50,   30,   50,   40,   30,   20,   30,   10
20240703, 1800,  , HU, 17.3N,  76.8W, 120,  959,  160,   80,   50,  120,   70,   50,   30,   50,   40,   30,   20,   30,   10
20240704, 0000,  , HU, 17.8N,  78.3W, 115,  960,  150,   80,   50,  110,   70,   40,   30,   60,   40,   25,   20,   30,   10
20240704, 0600,  , HU, 18.3N,  80.0W, 105,  965,  150,   80,   50,  110,   70,   40,   30,   60,   35,   20,   15,   30,   10
20240704, 1200,  , HU, 18.8N,  81.8W,  95,  969,  140,   80,   50,  100,   50,   40,   30,   50,   25,   15,   15,   25,   10
20240704, 1800,  , HU, 19.3N,  83.4W,  90,  974,  120,   70,   50,   90,   50,   40,   30,   50,   25,   15,   15,   25,   10
20240705, 0000,  , HU, 19.4N,  84.8W, 100,  962,   90,   60,   50,   80,   50,   30,   30,   40,   25,   15,   15,   25,   10
20240705, 0600,  , HU, 19.8N,  86.2W,  95,  971,   90,   60,   50,   80,   50,   30,   30,   40,   25,   15,   15,   20,   10
20240705, 1100, L, HU, 20.3N,  87.4W,  80,  977,   90,   60,   50,   80,   50,   30,   30,   40,   25,   15,   10,   20,   10
20240705, 1200,  , HU, 20.4N,  87.6W,  75,  980,   90,   60,   40,   80,   40,   30,   10,   30,   20,   15,    0,   20,   10
20240705, 1800,  , TS, 20.9N,  88.8W,  60,  987,   90,   50,   30,   80,   30,   20,    0,   20,    0,    0,    0,    0,   20
20240706, 0000,  , TS, 21.4N,  89.8W,  50,  996,  100,   40,   40,   80,   40,    0,    0,    0,    0,    0,    0,    0,   40
20240706, 0600,  , TS, 21.9N,  90.9W,  45, 1001,  110,   40,   40,   80,    0,    0,    0,    0,    0,    0,    0,    0,   40
20240706, 1200,  , TS, 22.6N,  91.8W,  50,  999,  110,   40,   40,   80,   40,    0,    0,   40,    0,    0,    0,    0,   40
20240706, 1800,  , TS, 23.6N,  92.7W,  50,  997,  110,   40,   40,   80,   40,    0,    0,   40,    0,    0,    0,    0,   40
20240707, 0000,  , TS, 24.4N,  93.6W,  50,  993,  110,   40,   40,   80,   40,    0,    0,   40,    0,    0,    0,    0,   35
20240707, 0600,  , TS, 24.9N,  94.3W,  50,  995,  110,   40,   40,   90,   40,    0,    0,   40,    0,    0,    0,    0,   30
20240707, 1200,  , TS, 25.5N,  94.9W,  55,  992,  110,   60,   50,   90,   40,   30,    0,   30,    0,    0,    0,    0,   30
20240707, 1800,  , TS, 26.3N,  95.4W,  55,  990,  100,   80,   60,   80,   50,   40,   30,   30,    0,    0,    0,    0,   30
20240708, 0000,  , TS, 27.1N,  95.7W,  60,  986,  100,   90,   60,   80,   50,   50,   30,   30,    0,    0,    0,    0,   25
20240708, 0600,  , HU, 28.2N,  95.9W,  70,  982,  100,  100,   60,   80,   60,   60,   30,   30,   40,   40,    0,    0,   25
20240708, 0840, L, HU, 28.6N,  96.0W,  80,  978,  100,  100,   60,   80,   70,   70,   30,   30,   50,   50,    0,    0,   25
20240708, 1200,  , HU, 29.3N,  96.0W,  70,  978,  100,  110,   60,   60,   70,   70,   30,   30,   40,   30,    0,    0,   30
20240708, 1800,  , TS, 30.7N,  95.6W,  50,  988,   40,  120,   30,   30,    0,   30,    0,    0,    0,    0,    0,    0,   30
20240709, 0000,  , TD, 32.1N,  94.9W,  30,  997,    0,    0,    0,    0,    0,    0,    0,    0,    0,    0,    0,    0,   90
20240709, 0600,  , TD, 33.4N,  94.1W,  25, 1004,    0,    0,    0,    0,    0,    0,    0,    0,    0,    0,    0,    0,   90
20240709, 1200,  , EX, 35.0N,  92.4W,  25, 1004,    0,    0,    0,    0,    0,    0,    0,    0,    0,    0,    0,    0,   90
20240709, 1800,  , EX, 36.9N,  90.3W,  25, 1005,    0,    0,    0,    0,    0,    0,    0,    0,    0,    0,    0,    0,   85
20240710, 0000,  , EX, 38.9N,  87.3W,  25, 1004,    0,    0,    0,    0,    0,    0,    0,    0,    0,    0,    0,    0,   85
20240710, 0600,  , EX, 40.4N,  86.1W,  25, 1002,    0,    0,    0,    0,    0,    0,    0,    0,    0,    0,    0,    0,   85
20240710, 1200,  , EX, 41.5N,  84.8W,  25, 1001,    0,    0,    0,    0,    0,    0,    0,    0,    0,    0,    0,    0,  100
20240710, 1800,  , EX, 42.2N,  82.9W,  30, 1001,    0,    0,    0,    0,    0,    0,    0,    0,    0,    0,    0,    0,  100
20240711, 0000,  , EX, 42.7N,  81.3W,  30, 1003,    0,    0,    0,    0,    0,    0,    0,    0,    0,    0,    0,    0,   85
20240711, 0600,  , EX, 42.9N,  80.0W,  25, 1005,    0,    0,    0,    0,    0,    0,    0,    0,    0,    0,    0,    0,   85
20240711, 1200,  , EX, 43.1N,  78.6W,  25, 1009,    0,    0,    0,    0,    0,    0,    0,    0,    0,    0,    0,    0,   60
AL032024,              CHRIS,      4,
20240630, 1800,  , TD, 19.7N,  95.4W,  30, 1007,    0,    0,    0,    0,    0,    0,    0,    0,    0,    0,    0,    0,   70
20240701, 0000,  , TS, 19.9N,  96.0W,  35, 1006,   60,    0,    0,    0,    0,    0,    0,    0,    0,    0,    0,    0,   60
20240701, 0300, L, TS, 19.9N,  96.5W,  40, 1005,   60,    0,    0,    0,    0,    0,    0,    0,    0,    0,    0,    0,   60
20240701, 0600,  , TD, 19.8N,  97.0W,  30, 1007,    0,    0,    0,    0,    0,    0,    0,    0,    0,    0,    0,    0,   60
AL042024,              DEBBY,     35,
20240802, 1200,  , DB, 20.4N,  75.8W,  25, 1012,    0,    0,    0,    0,    0,    0,    0,    0,    0,    0,    0,    0,   90
20240802, 1800,  , DB, 20.6N,  77.5W,  25, 1011,    0,    0,    0,    0,    0,    0,    0,    0,    0,    0,    0,    0,   80
20240803, 0000,  , TD, 20.9N,  78.9W,  25, 1010,    0,    0,    0,    0,    0,    0,    0,    0,    0,    0,    0,    0,   80
20240803, 0600,  , TD, 21.5N,  80.2W,  25, 1009,    0,    0,    0,    0,    0,    0,    0,    0,    0,    0,    0,    0,   80
20240803, 1200,  , TD, 22.2N,  81.5W,  30, 1008,    0,    0,    0,    0,    0,    0,    0,    0,    0,    0,    0,    0,  100
20240803, 1800,  , TS, 23.1N,  82.6W,  35, 1006,  120,  120,    0,    0,    0,    0,    0,    0,    0,    0,    0,    0,  100
20240804, 0000,  , TS, 23.9N,  83.2W,  35, 1003,  120,  120,    0,    0,    0,    0,    0,    0,    0,    0,    0,    0,   80
20240804, 0600,  , TS, 25.0N,  83.8W,  40, 1000,  120,  120,    0,    0,    0,    0,    0,    0,    0,    0,    0,    0,   80
20240804, 1200,  , TS, 26.2N,  84.3W,  50,  994,  120,  150,    0,    0,   80,   80,    0,    0,    0,    0,    0,    0,   80
20240804, 1800,  , TS, 27.3N,  84.3W,  60,  989,  120,  150,    0,   60,   80,   80,    0,    0,    0,    0,    0,    0,   60
20240805, 0000,  , HU, 28.3N,  84.1W,  70,  986,   90,  130,   40,   70,   60,   70,    0,   30,   30,    0,    0,    0,   30
20240805, 0600,  , HU, 29.1N,  83.9W,  70,  980,   70,  130,   50,   60,   50,   70,    0,   30,   30,   25,    0,   15,   25
20240805, 1100, L, HU, 29.7N,  83.5W,  70,  979,   60,  120,   50,   50,   40,   70,    0,   30,   20,   25,    0,   15,   20
20240805, 1200,  , HU, 29.9N,  83.4W,  65,  982,   60,  120,   50,   50,   30,   50,    0,   20,   15,   20,    0,   10,   20
20240805, 1800,  , TS, 30.4N,  83.0W,  50,  992,  120,  120,   60,    0,   20,   30,    0,    0,    0,    0,    0,    0,   30
20240806, 0000,  , TS, 30.8N,  82.3W,  45,  996,  150,  150,    0,    0,    0,    0,    0,    0,    0,    0,    0,    0,   60
20240806, 0600,  , TS, 31.3N,  81.8W,  45,  999,  180,  180,    0,    0,    0,    0,    0,    0,    0,    0,    0,    0,   70
20240806, 1200,  , TS, 31.8N,  81.4W,  40,  999,  180,  180,    0,    0,    0,    0,    0,    0,    0,    0,    0,    0,   80
20240806, 1800,  , TS, 32.0N,  81.1W,  40,  999,  120,  150,    0,    0,    0,    0,    0,    0,    0,    0,    0,    0,   80
20240807, 0000,  , SS, 31.9N,  80.4W,  40,  997,   90,  150,  100,    0,    0,    0,    0,    0,    0,    0,    0,    0,   90
20240807, 0600,  , SS, 31.8N,  79.7W,  45,  995,  120,  150,  100,    0,    0,    0,    0,    0,    0,    0,    0,    0,  100
20240807, 1200,  , SS, 32.2N,  79.3W,  50,  994,  120,  160,  100,    0,    0,  120,    0,    0,    0,    0,    0,    0,  100
20240807, 1800,  , SS, 32.5N,  79.2W,  50,  994,  150,  160,   90,    0,    0,  120,    0,    0,    0,    0,    0,    0,  100
20240808, 0000,  , SS, 32.7N,  79.4W,  45,  995,  150,  160,    0,    0,    0,    0,    0,    0,    0,    0,    0,    0,  100
20240808, 0600, L, SS, 33.0N,  79.6W,  40,  995,  160,  170,    0,    0,    0,    0,    0,    0,    0,    0,    0,    0,  100
20240808, 1200,  , SS, 33.7N,  80.0W,  40,  995,  170,  180,    0,    0,    0,    0,    0,    0,    0,    0,    0,    0,  120
20240808, 1800,  , SS, 34.6N,  80.3W,  40,  997,  180,  200,    0,    0,    0,    0,    0,    0,    0,    0,    0,    0,  150
20240809, 0000,  , EX, 35.5N,  80.1W,  30, 1000,    0,    0,    0,    0,    0,    0,    0,    0,    0,    0,    0,    0,  180
20240809, 0600,  , EX, 37.0N,  79.7W,  30, 1003,    0,    0,    0,    0,    0,    0,    0,    0,    0,    0,    0,    0,  210
20240809, 1200,  , EX, 40.3N,  78.9W,  30, 1003,    0,    0,    0,    0,    0,    0,    0,    0,    0,    0,    0,    0,  210
20240809, 1800,  , EX, 42.8N,  76.5W,  30,  998,    0,    0,    0,    0,    0,    0,    0,    0,    0,    0,    0,    0,  240
20240810, 0000,  , EX, 45.3N,  73.0W,  30,  996,    0,    0,    0,    0,    0,    0,    0,    0,    0,    0,    0,    0,  240
20240810, 0600,  , EX, 47.8N,  69.1W,  30,  998,    0,    0,    0,    0,    0,    0,    0,    0,    0,    0,    0,    0,  210
20240810, 1200,  , EX, 49.4N,  64.7W,  35,  998,    0,  240,    0,    0,    0,    0,    0,    0,    0,    0,    0,    0,  150
20240810, 1800,  , EX, 50.0N,  59.5W,  35,  999,    0,  240,  240,    0,    0,    0,    0,    0,    0,    0,    0,    0,  120
AL052024,            ERNESTO,     41,
20240811, 1800,  , DB, 14.4N,  47.2W,  25, 1010,    0,    0,    0,    0,    0,    0,    0,    0,    0,    0,    0,    0,  140
20240812, 0000,  , DB, 14.8N,  49.8W,  25, 1009,    0,    0,    0,    0,    0,    0,    0,    0,    0,    0,    0,    0,  120
20240812, 0600,  , DB, 15.3N,  52.2W,  25, 1009,    0,    0,    0,    0,    0,    0,    0,    0,    0,    0,    0,    0,  100
20240812, 1200,  , TD, 15.6N,  54.6W,  30, 1008,    0,    0,    0,    0,    0,    0,    0,    0,    0,    0,    0,    0,   70
20240812, 1800,  , TS, 15.9N,  56.6W,  35, 1007,   50,    0,    0,    0,    0,    0,    0,    0,    0,    0,    0,    0,   50
20240813, 0000,  , TS, 16.0N,  58.6W,  35, 1007,   60,    0,    0,    0,    0,    0,    0,    0,    0,    0,    0,    0,   50
20240813, 0600,  , TS, 16.1N,  60.5W,  35, 1007,   70,   40,    0,   50,    0,    0,    0,    0,    0,    0,    0,    0,   50
20240813, 0940, L, TS, 16.4N,  61.4W,  35, 1007,   70,   40,    0,   50,    0,    0,    0,    0,    0,    0,    0,    0,   50
20240813, 1200,  , TS, 16.6N,  62.0W,  40, 1005,   90,   60,    0,   60,    0,    0,    0,    0,    0,    0,    0,    0,   50
20240813, 1250, L, TS, 16.7N,  62.2W,  40, 1005,   90,   60,    0,   60,    0,    0,    0,    0,    0,    0,    0,    0,   50
20240813, 1800,  , TS, 17.6N,  63.5W,  50, 1001,  100,   90,    0,   70,   50,    0,    0,    0,    0,    0,    0,    0,   50
20240813, 2330, L, TS, 18.3N,  64.7W,  55,  998,  100,   90,    0,   70,   50,    0,    0,    0,    0,    0,    0,    0,   50
20240814, 0000,  , TS, 18.4N,  64.9W,  55,  998,  110,  100,    0,   70,   50,    0,    0,    0,    0,    0,    0,    0,   50
20240814, 0600,  , TS, 19.0N,  66.0W,  60,  996,  110,  130,    0,   70,   50,   60,    0,    0,    0,    0,    0,    0,   50
20240814, 1200,  , HU, 19.9N,  67.2W,  65,  991,  130,  150,    0,   90,   60,   60,    0,    0,   40,    0,    0,    0,   40
20240814, 1800,  , HU, 21.1N,  68.0W,  65,  989,  150,  150,   60,   90,  100,  100,    0,    0,   40,   40,    0,    0,   30
20240815, 0000,  , HU, 22.3N,  68.7W,  70,  981,  150,  150,   60,  100,  100,  100,    0,   40,   40,   40,    0,    0,   20
20240815, 0600,  , HU, 23.4N,  69.2W,  75,  979,  150,  150,   60,  110,  100,  100,    0,   60,   40,   40,    0,   30,   20
20240815, 1200,  , HU, 24.5N,  69.3W,  75,  975,  150,  180,   90,  110,  100,  100,   40,   60,   50,   50,    0,   30,   30
20240815, 1800,  , HU, 25.6N,  69.0W,  80,  975,  150,  210,  110,  130,   90,   90,   60,   60,   50,   50,   40,   30,   40
20240816, 0000,  , HU, 26.6N,  68.3W,  85,  969,  160,  230,  110,  130,   90,   90,   80,   70,   55,   60,   50,   40,   40
20240816, 0600,  , HU, 27.7N,  67.5W,  85,  968,  160,  230,  110,  130,   90,   90,   80,   70,   55,   60,   50,   40,   40
20240816, 1200,  , HU, 28.9N,  66.8W,  85,  967,  160,  240,  110,  130,   90,  100,   80,   70,   60,   65,   50,   40,   45
20240816, 1800,  , HU, 30.0N,  66.1W,  85,  969,  160,  240,  110,  130,   90,  100,   80,   70,   60,   65,   50,   45,   45
20240817, 0000,  , HU, 31.0N,  65.4W,  80,  969,  160,  240,  110,  130,   90,  100,   70,   70,   60,   60,   40,   40,   40
20240817, 0600,  , HU, 31.9N,  65.0W,  75,  972,  150,  210,  110,  150,   90,  100,   60,   80,   60,   60,   30,   40,   40
20240817, 0830, L, HU, 32.3N,  64.8W,  75,  972,  150,  210,  110,  150,   90,  100,   60,   80,   60,   60,   30,   40,   40
20240817, 1200,  , HU, 32.6N,  64.6W,  70,  974,  200,  210,  110,  160,  120,  100,   80,  100,   60,   60,   50,   40,   40
20240817, 1800,  , HU, 33.0N,  64.2W,  65,  977,  200,  200,  120,  170,  100,  100,   80,  120,   50,   50,   50,    0,   45
20240818, 0000,  , TS, 33.5N,  63.6W,  60,  981,  200,  200,  120,  150,  100,  100,   80,  100,    0,    0,    0,    0,   50
20240818, 0600,  , TS, 34.3N,  63.2W,  60,  982,  180,  180,  110,  120,   80,   80,   80,   60,    0,    0,    0,    0,   40
20240818, 1200,  , TS, 35.4N,  63.0W,  60,  980,  180,  180,  110,  100,   70,   80,   60,   50,    0,    0,    0,    0,   30
20240818, 1800,  , HU, 36.4N,  62.6W,  65,  977,  160,  190,  110,  100,   70,   70,   40,   50,    0,   30,    0,    0,   20
20240819, 0000,  , HU, 37.7N,  62.0W,  70,  975,  160,  190,  110,  100,   70,   70,   40,   50,   30,   30,    0,    0,   20
20240819, 0600,  , HU, 39.2N,  61.2W,  75,  972,  160,  190,  110,  100,   70,   70,   40,   50,   30,   30,    0,    0,   15
20240819, 1200,  , HU, 40.9N,  59.8W,  85,  967,  180,  190,  150,   80,   70,   90,   50,   40,   40,   40,    0,   20,   15
20240819, 1800,  , HU, 42.8N,  58.1W,  80,  970,  180,  190,  150,   80,   70,   90,   50,   40,   40,   50,    0,    0,   20
20240820, 0000,  , HU, 44.8N,  55.0W,  75,  972,  180,  190,  140,   70,   60,   80,   50,   30,   30,   40,    0,    0,   30
20240820, 0600,  , HU, 46.6N,  51.4W,  65,  976,  180,  190,  140,   70,   60,   80,   50,   30,    0,   40,    0,    0,   40
20240820, 1200,  , EX, 48.3N,  47.2W,  60,  987,  120,  200,  150,    0,   40,   90,   60,    0,    0,    0,    0,    0,   50
20240820, 1800,  , EX, 49.7N,  41.9W,  55,  991,  120,  230,  190,    0,   40,   90,   60,    0,    0,    0,    0,    0,   70
AL062024,           FRANCINE,     23,
20240908, 1800,  , LO, 21.4N,  94.5W,  45, 1003,    0,    0,  140,  160,    0,    0,    0,    0,    0,    0,    0,    0,  100
20240909, 0000,  , LO, 22.0N,  94.8W,  45, 1003,    0,    0,  140,  160,    0,    0,    0,    0,    0,    0,    0,    0,  100
20240909, 0600,  , LO, 22.7N,  95.1W,  45, 1003,    0,  120,  140,  160,    0,    0,    0,    0,    0,    0,    0,    0,   80
20240909, 1200,  , TS, 23.2N,  95.5W,  45, 1002,   40,  120,  140,  140,    0,    0,    0,    0,    0,    0,    0,    0,   50
20240909, 1800,  , TS, 23.7N,  95.9W,  50,  996,   50,  120,  100,  120,   20,    0,    0,    0,    0,    0,    0,    0,   20
20240910, 0000,  , TS, 23.9N,  96.1W,  55,  992,   50,  120,  100,  120,   20,   30,    0,    0,    0,    0,    0,    0,   20
20240910, 0600,  , TS, 24.1N,  96.2W,  55,  992,   50,  120,  100,  100,   20,   30,   40,   30,    0,    0,    0,    0,   20
20240910, 1200,  , TS, 24.5N,  95.8W,  55,  990,   50,  120,  100,  100,   20,   30,   40,   30,    0,    0,    0,    0,   20
20240910, 1800,  , TS, 25.3N,  95.3W,  55,  987,   60,  120,  100,   80,   30,   30,   30,    0,    0,    0,    0,    0,   30
20240911, 0000,  , HU, 26.0N,  94.7W,  65,  982,   70,  100,   80,   70,   50,   40,   30,   30,   30,   30,    0,    0,   30
20240911, 0600,  , HU, 26.6N,  94.1W,  80,  977,   80,  100,   60,   70,   50,   50,   30,   40,   35,   35,    0,   25,   25
20240911, 1200,  , HU, 27.5N,  93.2W,  80,  976,   80,  100,   60,   70,   50,   50,   30,   40,   35,   35,   20,   25,   25
20240911, 1800,  , HU, 28.6N,  92.1W,  85,  974,   90,  120,   70,   70,   50,   70,   40,   40,   35,   35,   20,   25,   20
20240911, 2200, L, HU, 29.3N,  91.3W,  90,  972,   90,  120,   70,   70,   50,   70,   40,   40,   35,   35,   20,   25,   20
20240912, 0000,  , HU, 29.6N,  90.9W,  70,  980,   70,  120,   70,   50,   40,   70,   30,   30,   15,   15,    0,    0,   30
20240912, 0600,  , TS, 30.5N,  90.3W,  45,  988,   70,  130,   60,   20,    0,    0,    0,    0,    0,    0,    0,    0,   60
20240912, 1200,  , TD, 31.8N,  90.1W,  30,  995,    0,    0,    0,    0,    0,    0,    0,    0,    0,    0,    0,    0,   80
20240912, 1800,  , EX, 33.4N,  89.7W,  25,  996,    0,    0,    0,    0,    0,    0,    0,    0,    0,    0,    0,    0,   70
20240913, 0000,  , EX, 34.7N,  90.5W,  25,  998,    0,    0,    0,    0,    0,    0,    0,    0,    0,    0,    0,    0,   60
20240913, 0600,  , EX, 35.4N,  90.9W,  20, 1001,    0,    0,    0,    0,    0,    0,    0,    0,    0,    0,    0,    0,   60
20240913, 1200,  , EX, 35.9N,  91.5W,  15, 1005,    0,    0,    0,    0,    0,    0,    0,    0,    0,    0,    0,    0,   40
20240913, 1800,  , EX, 35.7N,  92.0W,  15, 1009,    0,    0,    0,    0,    0,    0,    0,    0,    0,    0,    0,    0,   40
20240914, 0000,  , EX, 34.9N,  91.7W,  15, 1009,    0,    0,    0,    0,    0,    0,    0,    0,    0,    0,    0,    0,   40
AL072024,             GORDON,     24,
20240911, 1200,  , TD, 15.7N,  27.9W,  30, 1007,    0,    0,    0,    0,    0,    0,    0,    0,    0,    0,    0,    0,   15
20240911, 1800,  , TD, 16.0N,  29.6W,  30, 1007,    0,    0,    0,    0,    0,    0,    0,    0,    0,    0,    0,    0,   15
20240912, 0000,  , TD, 16.4N,  31.0W,  30, 1007,    0,    0,    0,    0,    0,    0,    0,    0,    0,    0,    0,    0,   15
20240912, 0600,  , TD, 16.9N,  32.3W,  30, 1007,    0,    0,    0,    0,    0,    0,    0,    0,    0,    0,    0,    0,   15
20240912, 1200,  , TD, 17.5N,  33.9W,  30, 1007,    0,    0,    0,    0,    0,    0,    0,    0,    0,    0,    0,    0,   20
20240912, 1800,  , TD, 18.1N,  35.4W,  30, 1007,    0,    0,    0,    0,    0,    0,    0,    0,    0,    0,    0,    0,   20
20240913, 0000,  , TD, 18.5N,  36.5W,  30, 1007,    0,    0,    0,    0,    0,    0,    0,    0,    0,    0,    0,    0,   20
20240913, 0600,  , TD, 19.0N,  37.6W,  30, 1007,    0,    0,    0,    0,    0,    0,    0,    0,    0,    0,    0,    0,   30
20240913, 1200,  , TS, 19.3N,  38.3W,  35, 1006,   60,    0,    0,    0,    0,    0,    0,    0,    0,    0,    0,    0,   30
20240913, 1800,  , TS, 19.7N,  39.1W,  35, 1006,   60,    0,    0,    0,    0,    0,    0,    0,    0,    0,    0,    0,   30
20240914, 0000,  , TS, 19.9N,  39.8W,  40, 1004,  100,    0,    0,   90,    0,    0,    0,    0,    0,    0,    0,    0,   30
20240914, 0600,  , TS, 20.0N,  40.5W,  40, 1004,  100,    0,    0,   90,    0,    0,    0,    0,    0,    0,    0,    0,   30
20240914, 1200,  , TS, 20.1N,  41.3W,  40, 1004,  120,    0,    0,   90,    0,    0,    0,    0,    0,    0,    0,    0,   40
20240914, 1800,  , TS, 20.3N,  42.4W,  40, 1004,  120,    0,    0,   90,    0,    0,    0,    0,    0,    0,    0,    0,   50
20240915, 0000,  , TS, 19.8N,  43.6W,  35, 1006,  110,    0,    0,   70,    0,    0,    0,    0,    0,    0,    0,    0,   50
20240915, 0600,  , TS, 19.5N,  44.4W,  35, 1006,   90,    0,    0,   70,    0,    0,    0,    0,    0,    0,    0,    0,   70
20240915, 1200,  , TS, 19.3N,  45.1W,  35, 1006,   70,    0,    0,   70,    0,    0,    0,    0,    0,    0,    0,    0,   70
20240915, 1800,  , TD, 19.2N,  45.8W,  30, 1007,    0,    0,    0,    0,    0,    0,    0,    0,    0,    0,    0,    0,   70
20240916, 0000,  , TD, 19.1N,  46.5W,  30, 1007,    0,    0,    0,    0,    0,    0,    0,    0,    0,    0,    0,    0,   70
20240916, 0600,  , TD, 19.1N,  47.2W,  30, 1007,    0,    0,    0,    0,    0,    0,    0,    0,    0,    0,    0,    0,   70
20240916, 1200,  , TD, 19.1N,  47.8W,  30, 1007,    0,    0,    0,    0,    0,    0,    0,    0,    0,    0,    0,    0,   70
20240916, 1800,  , TD, 19.0N,  48.3W,  30, 1007,    0,    0,    0,    0,    0,    0,    0,    0,    0,    0,    0,    0,   60
20240917, 0000,  , TD, 18.9N,  48.8W,  30, 1007,    0,    0,    0,    0,    0,    0,    0,    0,    0,    0,    0,    0,   60
20240917, 0600,  , TD, 18.9N,  49.0W,  30, 1007,    0,    0,    0,    0,    0,    0,    0,    0,    0,    0,    0,    0,   60
AL092024,             HELENE,     25,
20240923, 1200,  , DB, 17.2N,  81.7W,  30, 1004,    0,    0,    0,    0,    0,    0,    0,    0,    0,    0,    0,    0,  100
20240923, 1800,  , DB, 17.8N,  81.9W,  35, 1004,    0,  110,    0,    0,    0,    0,    0,    0,    0,    0,    0,    0,   90
20240924, 0000,  , DB, 18.2N,  82.2W,  35, 1002,    0,  110,    0,    0,    0,    0,    0,    0,    0,    0,    0,    0,  100
20240924, 0600,  , DB, 18.6N,  82.8W,  35, 1001,  120,  110,    0,    0,    0,    0,    0,    0,    0,    0,    0,    0,  100
20240924, 1200,  , TS, 19.2N,  83.7W,  40,  999,  120,  120,    0,    0,    0,    0,    0,    0,    0,    0,    0,    0,  100
20240924, 1800,  , TS, 19.4N,  84.6W,  45,  997,  150,  150,    0,   40,    0,    0,    0,    0,    0,    0,    0,    0,  100
20240925, 0000,  , TS, 19.7N,  85.2W,  50,  990,  170,  170,    0,   70,   80,    0,    0,    0,    0,    0,    0,    0,   80
20240925, 0600,  , TS, 20.3N,  85.9W,  55,  985,  220,  230,   50,  100,   60,   50,    0,    0,    0,    0,    0,    0,   40
20240925, 1200,  , HU, 21.1N,  86.2W,  65,  979,  270,  270,   70,  110,   60,   60,   40,   30,    0,   30,    0,    0,   30
20240925, 1800,  , HU, 22.0N,  86.5W,  70,  978,  300,  300,   90,  130,   60,   60,   40,   40,   25,   30,    0,    0,   25
20240926, 0000,  , HU, 22.8N,  86.7W,  70,  973,  360,  300,  110,  130,   60,   80,   50,   50,   40,   50,    0,    0,   40
20240926, 0600,  , HU, 23.6N,  86.5W,  75,  970,  360,  300,  120,  120,  100,  100,   60,   50,   60,   60,    0,    0,   45
20240926, 1200,  , HU, 24.7N,  85.8W,  85,  963,  360,  300,  130,  120,  100,  100,   90,   50,   70,   70,   30,   30,   35
20240926, 1800,  , HU, 26.6N,  85.0W, 105,  958,  300,  270,  140,  130,  110,  110,   70,   50,   80,   70,   30,   30,   25
20240927, 0000,  , HU, 28.7N,  84.3W, 120,  941,  260,  270,  150,  150,  110,  110,   60,   50,   70,   70,   35,   35,   20
20240927, 0310, L, HU, 30.0N,  83.7W, 120,  939,  240,  270,  150,  140,  100,  110,   60,   50,   60,   70,   35,   35,   20
20240927, 0500, R, HU, 30.8N,  83.5W,  95,  947,  230,  290,  140,   90,  100,  110,   50,   30,   45,   50,    0,    0,   25
20240927, 0600,  , HU, 31.3N,  83.3W,  80,  957,  230,  290,  130,   70,  100,  120,   30,    0,   35,   40,    0,    0,   30
20240927, 0900, R, TS, 32.9N,  83.1W,  60,  967,  190,  300,   60,   40,   70,  130,    0,    0,    0,    0,    0,    0,   40
20240927, 1200,  , TS, 34.4N,  83.2W,  45,  973,  170,  320,    0,    0,    0,    0,    0,    0,    0,    0,    0,    0,   50
20240927, 1800,  , LO, 36.8N,  84.9W,  40,  983,  200,  360,    0,  130,    0,    0,    0,    0,    0,    0,    0,    0,   80
20240928, 0000,  , LO, 38.1N,  86.6W,  40,  985,  130,    0,    0,  130,    0,    0,    0,    0,    0,    0,    0,    0,  120
20240928, 0600,  , LO, 37.4N,  88.1W,  30,  992,    0,    0,    0,    0,    0,    0,    0,    0,    0,    0,    0,    0,  160
20240928, 1200,  , LO, 36.6N,  87.6W,  25,  997,    0,    0,    0,    0,    0,    0,    0,    0,    0,    0,    0,    0,  160
20240928, 1800,  , LO, 37.1N,  87.0W,  20, 1000,    0,    0,    0,    0,    0,    0,    0,    0,    0,    0,    0,    0,  160
AL102024,              ISAAC,     35,
20240924, 1200,  , EX, 38.7N,  58.4W,  40, 1003,    0,    0,    0,   70,    0,    0,    0,    0,    0,    0,    0,    0,   70
20240924, 1800,  , EX, 38.6N,  58.6W,  40, 1002,    0,    0,    0,   70,    0,    0,    0,    0,    0,    0,    0,    0,   70
20240925, 0000,  , EX, 38.1N,  58.8W,  45,  998,  100,    0,    0,  100,    0,    0,    0,    0,    0,    0,    0,    0,   60
20240925, 0600,  , EX, 37.3N,  58.5W,  45,  998,  140,    0,   50,  120,    0,    0,    0,    0,    0,    0,    0,    0,   50
20240925, 1200,  , EX, 37.0N,  57.2W,  45,  998,  140,    0,   50,  120,    0,    0,    0,    0,    0,    0,    0,    0,   50
20240925, 1800,  , TS, 36.9N,  55.7W,  45,  998,   60,   30,   50,   60,    0,    0,    0,    0,    0,    0,    0,    0,   40
20240926, 0000,  , TS, 37.0N,  54.5W,  45,  997,   60,   30,   50,   60,    0,    0,    0,    0,    0,    0,    0,    0,   40
20240926, 0600,  , TS, 37.1N,  53.4W,  45,  997,   60,   50,   50,   60,    0,    0,    0,    0,    0,    0,    0,    0,   40
20240926, 1200,  , TS, 37.2N,  52.3W,  45,  997,   60,   50,   50,   60,    0,    0,    0,    0,    0,    0,    0,    0,   40
20240926, 1800,  , TS, 37.3N,  51.2W,  50,  992,   30,   50,   50,   40,    0,   30,    0,    0,    0,    0,    0,    0,   30
20240927, 0000,  , TS, 37.2N,  50.1W,  55,  988,   30,   50,   50,   50,    0,   30,   30,    0,    0,    0,    0,    0,   30
20240927, 0600,  , TS, 37.1N,  49.1W,  60,  985,   40,   60,   60,   60,    0,   30,   30,    0,    0,    0,    0,    0,   20
20240927, 1200,  , HU, 37.1N,  47.7W,  65,  981,   40,   80,   60,   60,   20,   40,   30,   20,    0,   15,    0,    0,   15
20240927, 1800,  , HU, 37.5N,  46.2W,  75,  976,   40,   80,   70,   60,   20,   40,   30,   20,    0,   15,   15,    0,   15
20240928, 0000,  , HU, 38.0N,  44.4W,  85,  965,   80,  130,  110,   50,   20,   40,   40,   30,    0,   20,   20,    0,   20
20240928, 0600,  , HU, 38.8N,  42.3W,  90,  963,  120,  130,  110,   50,   20,   40,   40,   30,    0,   20,   20,    0,   20
20240928, 1200,  , HU, 39.7N,  40.4W,  90,  963,  170,  130,  130,   70,   40,   70,   80,   40,   20,   40,   40,   20,   20
20240928, 1800,  , HU, 40.6N,  39.1W,  85,  965,  170,  130,  130,   90,   50,   70,   80,   40,   20,   40,   40,   20,   20
20240929, 0000,  , HU, 41.5N,  38.0W,  75,  967,  180,  130,  130,  160,   50,   70,   60,   60,   20,   40,   30,   20,   20
20240929, 0600,  , HU, 42.3N,  37.0W,  70,  969,  180,  130,  130,  160,   50,   70,   60,   60,   20,   40,   30,   20,   20
20240929, 1200,  , HU, 43.0N,  36.1W,  65,  971,  180,  130,  120,  160,   50,   70,   60,   60,    0,   40,   30,    0,   35
20240929, 1800,  , TS, 43.7N,  35.1W,  60,  973,  200,  130,  120,  160,   70,   80,   70,   60,    0,    0,    0,    0,   35
20240930, 0000,  , TS, 44.1N,  33.8W,  55,  976,  200,  130,  150,  190,   70,   80,   80,   60,    0,    0,    0,    0,   35
20240930, 0600,  , EX, 44.4N,  32.0W,  55,  978,  200,  130,  150,  190,   70,   80,   80,   60,    0,    0,    0,    0,   50
20240930, 1200,  , EX, 44.7N,  30.1W,  50,  980,  150,  150,  140,  160,    0,   80,   80,    0,    0,    0,    0,    0,   70
20240930, 1800,  , EX, 45.2N,  28.0W,  45,  983,  150,  150,  140,  160,    0,    0,    0,    0,    0,    0,    0,    0,   70
20241001, 0000,  , EX, 46.1N,  26.3W,  45,  987,  160,  130,  140,  150,    0,    0,    0,    0,    0,    0,    0,    0,   70
20241001, 0600,  , EX, 47.0N,  25.1W,  45,  991,  180,  130,  140,  150,    0,    0,    0,    0,    0,    0,    0,    0,   70
20241001, 1200,  , EX, 47.8N,  24.4W,  45,  993,  240,   70,   80,  150,    0,    0,    0,    0,    0,    0,    0,    0,   70
20241001, 1800,  , EX, 48.4N,  23.7W,  40,  995,  240,   90,   80,  150,    0,    0,    0,    0,    0,    0,    0,    0,  110
20241002, 0000,  , EX, 49.1N,  23.0W,  40,  996,  240,   90,   80,  160,    0,    0,    0,    0,    0,    0,    0,    0,  150
20241002, 0600,  , EX, 49.7N,  22.5W,  40,  996,  240,   90,   70,  150,    0,    0,    0,    0,    0,    0,    0,    0,  150
20241002, 1200,  , EX, 50.4N,  22.1W,  40,  997,  250,   90,   70,  180,    0,    0,    0,    0,    0,    0,    0,    0,  150
20241002, 1800,  , EX, 51.2N,  21.6W,  40,  997,  240,   90,   70,  220,    0,    0,    0,    0,    0,    0,    0,    0,  150
20241003, 0000,  , EX, 51.9N,  21.0W,  40,  998,  230,   90,   70,  240,    0,    0,    0,    0,    0,    0,    0,    0,  150
AL112024,              JOYCE,     15,
20240927, 0600,  , TD, 17.1N,  41.5W,  30, 1007,    0,    0,    0,    0,    0,    0,    0,    0,    0,    0,    0,    0,   40
20240927, 1200,  , TS, 17.8N,  42.5W,  35, 1005,   50,    0,    0,   60,    0,    0,    0,    0,    0,    0,    0,    0,   40
20240927, 1800,  , TS, 18.2N,  43.4W,  45, 1001,   50,    0,    0,   70,    0,    0,    0,    0,    0,    0,    0,    0,   30
20240928, 0000,  , TS, 18.8N,  44.3W,  45, 1001,   50,   20,   20,   80,    0,    0,    0,    0,    0,    0,    0,    0,   20
20240928, 0600,  , TS, 19.3N,  45.0W,  45, 1001,   50,   20,   20,   90,    0,    0,    0,    0,    0,    0,    0,    0,   20
20240928, 1200,  , TS, 19.7N,  45.7W,  45, 1002,   60,   20,   20,  100,    0,    0,    0,    0,    0,    0,    0,    0,   20
20240928, 1800,  , TS, 20.2N,  46.4W,  40, 1003,   60,   20,    0,   90,    0,    0,    0,    0,    0,    0,    0,    0,   20
20240929, 0000,  , TS, 20.6N,  47.1W,  40, 1004,   70,   20,    0,   80,    0,    0,    0,    0,    0,    0,    0,    0,   20
20240929, 0600,  , TS, 21.1N,  47.8W,  40, 1004,   80,   20,    0,   70,    0,    0,    0,    0,    0,    0,    0,    0,   20
20240929, 1200,  , TS, 21.6N,  48.4W,  40, 1005,   90,    0,    0,   60,    0,    0,    0,    0,    0,    0,    0,    0,   30
20240929, 1800,  , TS, 22.0N,  48.9W,  35, 1006,   90,    0,    0,   60,    0,    0,    0,    0,    0,    0,    0,    0,   30
20240930, 0000,  , TD, 22.1N,  49.5W,  30, 1006,    0,    0,    0,    0,    0,    0,    0,    0,    0,    0,    0,    0,   40
20240930, 0600,  , TD, 22.5N,  49.5W,  30, 1006,    0,    0,    0,    0,    0,    0,    0,    0,    0,    0,    0,    0,   40
20240930, 1200,  , TD, 22.6N,  49.0W,  30, 1006,    0,    0,    0,    0,    0,    0,    0,    0,    0,    0,    0,    0,   40
20240930, 1800,  , TD, 22.5N,  48.8W,  30, 1006,    0,    0,    0,    0,    0,    0,    0,    0,    0,    0,    0,    0,   40
AL122024,               KIRK,     42,
20240929, 1800,  , TD, 13.8N,  32.1W,  30, 1006,    0,    0,    0,    0,    0,    0,    0,    0,    0,    0,    0,    0,   60
20240930, 0000,  , TD, 13.8N,  32.8W,  30, 1006,    0,    0,    0,    0,    0,    0,    0,    0,    0,    0,    0,    0,   60
20240930, 0600,  , TS, 13.6N,  33.4W,  35, 1004,   60,    0,    0,    0,    0,    0,    0,    0,    0,    0,    0,    0,   50
20240930, 1200,  , TS, 13.4N,  34.3W,  45, 1001,  100,   80,   60,   80,    0,    0,    0,    0,    0,    0,    0,    0,   50
20240930, 1800,  , TS, 13.7N,  35.3W,  50,  999,  100,   80,   60,   80,   40,   40,    0,    0,    0,    0,    0,    0,   40
20241001, 0000,  , TS, 14.2N,  36.3W,  50,  998,  130,  120,   60,   80,   30,   40,    0,    0,    0,    0,    0,    0,   25
20241001, 0600,  , TS, 14.7N,  37.5W,  50,  995,  140,  130,   60,  100,   30,   40,    0,    0,    0,    0,    0,    0,   25
20241001, 1200,  , TS, 15.2N,  38.7W,  60,  988,  170,  150,   70,  120,   60,   40,    0,   40,    0,    0,    0,    0,   25
20241001, 1800,  , HU, 15.9N,  39.7W,  65,  986,  170,  170,   70,  130,   60,   40,    0,   40,   25,    0,    0,    0,   25
20241002, 0000,  , HU, 16.5N,  40.6W,  65,  986,  170,  170,   70,  130,   60,   40,    0,   40,   25,    0,    0,    0,   25
20241002, 0600,  , HU, 17.1N,  41.6W,  70,  982,  170,  170,   70,  130,   60,   40,    0,   40,   25,    0,    0,    0,   25
20241002, 1200,  , HU, 17.8N,  42.7W,  75,  979,  170,  180,   70,  130,   60,   50,   40,   50,   30,    0,    0,   25,   20
20241002, 1800,  , HU, 18.5N,  43.5W,  80,  975,  170,  190,   80,  130,   60,   50,   40,   60,   30,   20,   15,   25,   20
20241003, 0000,  , HU, 19.1N,  44.1W, 100,  959,  160,  150,   80,  130,   60,   50,   30,   40,   30,   25,   15,   20,   20
20241003, 0600,  , HU, 19.6N,  44.7W, 105,  955,  160,  150,   80,  130,   60,   50,   30,   40,   30,   25,   15,   20,   20
20241003, 1200,  , HU, 20.1N,  45.5W, 110,  948,  160,  150,   80,  130,   60,   50,   30,   40,   30,   25,   15,   20,   20
20241003, 1800,  , HU, 20.7N,  46.3W, 115,  944,  160,  150,   80,  130,   60,   50,   30,   40,   30,   25,   15,   20,   15
20241004, 0000,  , HU, 21.2N,  47.1W, 130,  928,  170,  170,  120,  130,   80,   60,   50,   50,   30,   30,   20,   25,   15
20241004, 0600,  , HU, 21.9N,  47.9W, 130,  928,  170,  170,  120,  130,   80,   60,   50,   50,   30,   30,   20,   25,   15
20241004, 1200,  , HU, 22.5N,  48.6W, 120,  938,  170,  170,  120,  140,   80,   80,   60,   50,   30,   30,   20,   25,   15
20241004, 1800,  , HU, 23.3N,  49.1W, 115,  942,  190,  170,  120,  140,   90,   90,   60,   50,   30,   30,   20,   25,   15
20241005, 0000,  , HU, 24.3N,  49.7W, 115,  943,  190,  180,  120,  140,  100,  100,   60,   60,   40,   40,   20,   25,   15
20241005, 0600,  , HU, 25.4N,  50.1W, 110,  945,  190,  180,  120,  140,  100,  100,   60,   60,   50,   40,   20,   30,   15
20241005, 1200,  , HU, 26.8N,  50.4W, 105,  949,  200,  190,  140,  140,  100,  100,   70,   80,   50,   40,   20,   30,   15
20241005, 1800,  , HU, 28.7N,  50.2W, 105,  949,  200,  190,  140,  140,  100,  100,   70,   80,   50,   40,   20,   30,   15
20241006, 0000,  , HU, 30.6N,  49.9W, 100,  951,  200,  190,  140,  140,  100,  100,   70,   80,   50,   40,   20,   30,   30
20241006, 0600,  , HU, 32.6N,  49.5W,  95,  955,  200,  200,  160,  160,  100,  110,   80,   90,   50,   60,   30,   40,   60
20241006, 1200,  , HU, 34.5N,  48.6W,  85,  959,  260,  240,  190,  210,  160,  150,  110,  110,   80,  100,   80,   60,   70
20241006, 1800,  , HU, 36.4N,  47.2W,  80,  959,  260,  240,  190,  210,  160,  150,  110,  110,   80,  100,   90,   60,   70
20241007, 0000,  , HU, 37.9N,  45.0W,  70,  964,  260,  270,  190,  210,  160,  150,  110,  110,   80,  100,   90,   60,   70
20241007, 0600,  , HU, 39.5N,  42.4W,  65,  966,  260,  290,  250,  200,  160,  180,  140,  110,    0,   80,   80,    0,   70
20241007, 1200,  , EX, 41.2N,  39.9W,  65,  966,  250,  320,  310,  190,  150,  210,  180,  110,    0,   90,    0,    0,   80
20241007, 1800,  , EX, 42.7N,  36.6W,  60,  966,  250,  320,  310,  190,  150,  210,  180,  110,    0,    0,    0,    0,   80
20241008, 0000,  , EX, 43.3N,  33.3W,  55,  968,  250,  320,  310,  190,  150,  210,  180,  110,    0,    0,    0,    0,   80
20241008, 0600,  , EX, 43.5N,  29.6W,  55,  968,  250,  320,  310,  190,  150,  210,  180,  110,    0,    0,    0,    0,   80
20241008, 1200,  , EX, 43.5N,  25.4W,  55,  972,  150,  300,  300,  200,    0,  150,  210,  100,    0,    0,    0,    0,   90
20241008, 1800,  , EX, 42.9N,  20.9W,  55,  975,  150,  300,  300,  200,    0,  150,  210,  100,    0,    0,    0,    0,   90
20241009, 0000,  , EX, 43.0N,  15.5W,  50,  980,  150,  300,  300,  200,    0,  150,  210,  100,    0,    0,    0,    0,   90
20241009, 0600,  , EX, 43.5N,   9.5W,  50,  980,  150,  300,  300,  200,    0,  150,  210,  100,    0,    0,    0,    0,   90
20241009, 1200,  , EX, 45.5N,   4.0W,  45,  980,  150,  300,  300,  200,    0,    0,    0,    0,    0,    0,    0,    0,   90
20241009, 1800,  , EX, 48.0N,   2.0E,  40,  980,  150,  300,  300,  200,    0,    0,    0,    0,    0,    0,    0,    0,   90
20241010, 0000,  , EX, 51.0N,   8.0E,  30,  982,    0,    0,    0,    0,    0,    0,    0,    0,    0,    0,    0,    0,   90
AL132024,             LESLIE,     46,
20241001, 0000,  , LO, 10.2N,  24.4W,  25, 1008,    0,    0,    0,    0,    0,    0,    0,    0,    0,    0,    0,    0,   70
20241001, 0600,  , LO, 10.3N,  24.8W,  25, 1007,    0,    0,    0,    0,    0,    0,    0,    0,    0,    0,    0,    0,   70
20241001, 1200,  , LO, 10.5N,  25.4W,  25, 1007,    0,    0,    0,    0,    0,    0,    0,    0,    0,    0,    0,    0,   60
20241001, 1800,  , LO, 10.6N,  26.0W,  30, 1007,    0,    0,    0,    0,    0,    0,    0,    0,    0,    0,    0,    0,   60
20241002, 0000,  , LO, 10.7N,  26.7W,  30, 1007,    0,    0,    0,    0,    0,    0,    0,    0,    0,    0,    0,    0,   60
20241002, 0600,  , TD, 10.7N,  27.6W,  30, 1007,    0,    0,    0,    0,    0,    0,    0,    0,    0,    0,    0,    0,   60
20241002, 1200,  , TD, 10.6N,  28.5W,  30, 1006,    0,    0,    0,    0,    0,    0,    0,    0,    0,    0,    0,    0,   50
20241002, 1800,  , TD, 10.5N,  29.3W,  30, 1006,    0,    0,    0,    0,    0,    0,    0,    0,    0,    0,    0,    0,   50
20241003, 0000,  , TS, 10.4N,  29.8W,  35, 1005,   40,    0,    0,    0,    0,    0,    0,    0,    0,    0,    0,    0,   40
20241003, 0600,  , TS, 10.3N,  30.2W,  40, 1002,   40,    0,    0,    0,    0,    0,    0,    0,    0,    0,    0,    0,   40
20241003, 1200,  , TS, 10.1N,  30.7W,  45, 1001,   40,   30,   30,   30,    0,    0,    0,    0,    0,    0,    0,    0,   30
20241003, 1800,  , TS,  9.9N,  31.3W,  45, 1001,   40,   30,   30,   30,    0,    0,    0,    0,    0,    0,    0,    0,   30
20241004, 0000,  , TS,  9.8N,  31.7W,  50,  999,   40,   30,   50,   50,    0,    0,    0,   20,    0,    0,    0,    0,   20
20241004, 0600,  , TS,  9.8N,  32.2W,  50,  998,   40,   30,   50,   50,    0,    0,    0,   20,    0,    0,    0,    0,   20
20241004, 1200,  , TS,  9.9N,  32.7W,  55,  997,   40,   30,   50,   50,   20,    0,    0,   20,    0,    0,    0,    0,   20
20241004, 1800,  , TS, 10.1N,  33.3W,  60,  994,   50,   40,   50,   60,   20,   10,   10,   20,    0,    0,    0,    0,   20
20241005, 0000,  , HU, 10.3N,  33.9W,  65,  990,   50,   40,   50,   60,   20,   10,   10,   20,   10,    0,    0,    0,   10
20241005, 0600,  , HU, 10.5N,  34.5W,  70,  986,   60,   40,   50,   60,   20,   10,   10,   20,   10,    0,    0,   10,   10
20241005, 1200,  , HU, 10.9N,  35.1W,  70,  986,   70,   40,   40,   70,   30,   20,   10,   30,   15,    0,    0,   15,   10
20241005, 1800,  , HU, 11.3N,  35.7W,  70,  985,   80,   40,   40,   70,   30,   20,   10,   30,   15,    0,    0,   15,   10
20241006, 0000,  , HU, 11.8N,  36.4W,  75,  983,   80,   50,   40,   70,   30,   20,   20,   30,   15,    0,    0,   15,   10
20241006, 0600,  , HU, 12.4N,  36.9W,  80,  980,   80,   50,   40,   80,   30,   20,   20,   30,   15,    0,    0,   15,   10
20241006, 1200,  , HU, 13.0N,  37.6W,  80,  980,   80,   50,   40,   80,   30,   20,   20,   30,   15,    0,    0,   15,   10
20241006, 1800,  , HU, 13.7N,  38.2W,  80,  980,   80,   50,   40,   90,   30,   20,   20,   40,   15,    0,    0,   15,   10
20241007, 0000,  , HU, 14.5N,  39.1W,  80,  980,   80,   50,   40,   90,   30,   20,   20,   40,   15,   10,   10,   15,   10
20241007, 0600,  , HU, 15.2N,  40.0W,  75,  983,   80,   60,   40,   90,   30,   20,   20,   40,   15,   10,   10,   15,   10
20241007, 1200,  , HU, 16.0N,  40.9W,  70,  985,   80,   60,   40,   90,   30,   20,   20,   40,   15,   10,   10,   15,   10
20241007, 1800,  , HU, 16.8N,  41.9W,  65,  989,   80,   60,   40,   90,   30,   20,   20,   40,   10,    0,    0,    0,   10
20241008, 0000,  , TS, 17.6N,  43.0W,  60,  992,   80,   60,   40,   90,   30,   20,   20,   40,    0,    0,    0,    0,   15
20241008, 0600,  , TS, 18.3N,  44.0W,  60,  992,   80,   60,   40,   90,   30,   20,   20,   40,    0,    0,    0,    0,   15
20241008, 1200,  , TS, 19.0N,  45.1W,  60,  992,   80,   60,   40,   90,   30,   30,   20,   40,    0,    0,    0,    0,   15
20241008, 1800,  , HU, 19.7N,  46.1W,  65,  989,   80,   60,   40,   90,   30,   30,   20,   40,   15,    0,    0,    0,   15
20241009, 0000,  , HU, 20.3N,  46.8W,  70,  987,   80,   60,   40,   90,   30,   30,   20,   40,   15,    0,    0,   15,   15
20241009, 0600,  , HU, 20.9N,  47.5W,  75,  984,   90,   60,   60,   80,   40,   30,   20,   40,   15,    0,    0,   15,   15
20241009, 1200,  , HU, 21.4N,  48.2W,  80,  981,   90,   60,   60,   80,   40,   30,   20,   40,   20,    0,    0,   15,   15
20241009, 1800,  , HU, 21.9N,  48.6W,  85,  974,   70,   60,   60,   70,   40,   30,   30,   30,   20,    0,    0,   20,   15
20241010, 0000,  , HU, 22.3N,  49.0W,  90,  970,   70,   70,   60,   70,   40,   30,   30,   30,   20,   15,   10,   20,   10
20241010, 0600,  , HU, 22.6N,  49.7W,  85,  974,   70,   70,   60,   70,   40,   30,   30,   30,   20,   15,   10,   20,   10
20241010, 1200,  , HU, 22.9N,  50.2W,  75,  980,   70,   70,   60,   70,   40,   30,   30,   30,   15,   15,   10,   15,   10
20241010, 1800,  , HU, 23.5N,  50.8W,  65,  990,   70,   70,   60,   70,   40,   30,   20,   20,   15,    0,    0,    0,   10
20241011, 0000,  , TS, 24.1N,  51.1W,  55,  997,   70,   80,   60,   60,   30,   30,   20,   20,    0,    0,    0,    0,   20
20241011, 0600,  , TS, 24.9N,  51.1W,  50,  999,   70,   80,   60,   50,   30,   30,    0,    0,    0,    0,    0,    0,   20
20241011, 1200,  , TS, 25.8N,  50.8W,  45, 1000,   70,   90,   60,    0,    0,    0,    0,    0,    0,    0,    0,    0,   20
20241011, 1800,  , TS, 27.0N,  50.0W,  45, 1000,   70,   90,   60,    0,    0,    0,    0,    0,    0,    0,    0,    0,   20
20241012, 0000,  , TS, 28.4N,  48.8W,  45, 1001,   70,   90,   60,    0,    0,    0,    0,    0,    0,    0,    0,    0,   20
20241012, 0600,  , TS, 30.4N,  47.1W,  45, 1002,   70,   90,   60,    0,    0,    0,    0,    0,    0,    0,    0,    0,   20
AL142024,             MILTON,     34,
20241004, 1800,  , LO, 21.0N,  94.6W,  30, 1009,    0,    0,    0,    0,    0,    0,    0,    0,    0,    0,    0,    0,   60
20241005, 0000,  , LO, 20.8N,  95.2W,  30, 1008,    0,    0,    0,    0,    0,    0,    0,    0,    0,    0,    0,    0,   60
20241005, 0600,  , LO, 21.4N,  95.4W,  30, 1008,    0,    0,    0,    0,    0,    0,    0,    0,    0,    0,    0,    0,   50
20241005, 1200,  , TD, 22.0N,  95.5W,  30, 1008,    0,    0,    0,    0,    0,    0,    0,    0,    0,    0,    0,    0,   30
20241005, 1800,  , TS, 22.5N,  95.5W,  35, 1006,   20,   30,   30,   20,    0,    0,    0,    0,    0,    0,    0,    0,   20
20241006, 0000,  , TS, 22.7N,  95.5W,  35, 1004,   20,   30,   30,   20,    0,    0,    0,    0,    0,    0,    0,    0,   20
20241006, 0600,  , TS, 22.6N,  95.2W,  45,  999,   20,   40,   30,   20,    0,    0,    0,    0,    0,    0,    0,    0,   20
20241006, 1200,  , TS, 22.5N,  94.8W,  55,  991,   30,   50,   30,   30,    0,   20,    0,    0,    0,    0,    0,    0,   20
20241006, 1800,  , HU, 22.5N,  94.1W,  70,  986,   50,   70,   60,   50,   20,   30,   30,   30,    0,   20,   15,    0,   15
20241007, 0000,  , HU, 22.5N,  93.4W,  75,  981,   60,   70,   70,   70,   30,   30,   40,   40,    0,   20,   20,    0,   15
20241007, 0600,  , HU, 22.1N,  92.9W,  90,  972,   60,   70,   70,   70,   30,   30,   40,   40,   10,   20,   20,   10,   10
20241007, 1200,  , HU, 21.8N,  92.2W, 120,  943,   70,   70,   70,   70,   30,   40,   40,   40,   20,   25,   25,   20,   10
20241007, 1800,  , HU, 21.7N,  91.3W, 150,  908,   70,   70,   70,   70,   30,   35,   35,   40,   20,   25,   25,   20,    5
20241007, 2000, I, HU, 21.8N,  90.9W, 155,  895,   70,   70,   70,   70,   30,   35,   35,   40,   20,   25,   25,   20,    5
20241008, 0000,  , HU, 21.8N,  90.4W, 145,  902,   70,   70,   70,   70,   30,   35,   35,   40,   20,   25,   25,   20,    5
20241008, 0600,  , HU, 21.9N,  89.5W, 125,  925,   90,   80,   80,   90,   45,   40,   40,   45,   25,   25,   25,   25,   10
20241008, 1200,  , HU, 22.5N,  88.8W, 125,  929,   90,   80,   80,  100,   45,   45,   45,   45,   25,   25,   25,   25,   10
20241008, 1800,  , HU, 22.5N,  88.0W, 140,  916,   80,   80,   80,  120,   45,   45,   45,   45,   25,   25,   25,   25,    5
20241008, 2205, R, HU, 22.8N,  87.2W, 145,  902,   80,   80,   80,  120,   45,   45,   45,   45,   25,   25,   25,   25,    5
20241009, 0000,  , HU, 23.0N,  86.9W, 140,  908,   80,   80,   80,  120,   45,   45,   45,   45,   25,   25,   25,   25,    5
20241009, 0205, R, HU, 23.3N,  86.6W, 135,  916,   80,   80,   80,  120,   45,   45,   45,   45,   25,   25,   25,   25,    5
20241009, 0600,  , HU, 23.8N,  85.9W, 140,  909,  100,  100,  100,  120,   45,   50,   50,   50,   25,   25,   25,   25,    5
20241009, 0825, R, HU, 24.3N,  85.4W, 140,  907,  100,  100,  100,  120,   45,   50,   50,   50,   25,   25,   25,   25,    5
20241009, 1200,  , HU, 25.0N,  84.8W, 135,  919,  140,  130,  110,  170,   50,   50,   50,   70,   30,   30,   30,   25,   10
20241009, 1800,  , HU, 26.3N,  84.0W, 115,  945,  180,  170,  110,  220,   60,   60,   70,   90,   30,   30,   30,   30,   15
20241010, 0000,  , HU, 27.3N,  82.7W, 105,  956,  180,  170,  110,  220,   60,   60,   70,   90,   30,   30,   30,   30,   20
20241010, 0030, L, HU, 27.4N,  82.6W, 100,  958,  180,  170,  110,  220,   60,   60,   70,   90,   30,   30,   30,   30,   20
20241010, 0600,  , HU, 28.1N,  81.3W,  70,  975,  220,  170,  110,  180,   60,   60,   70,   90,   30,   30,    0,    0,   30
20241010, 1200,  , HU, 29.0N,  79.5W,  65,  983,  270,  180,  120,  200,   80,   80,   80,   90,    0,   50,    0,    0,   50
20241010, 1800,  , EX, 29.5N,  77.5W,  60,  984,  270,  160,  160,  220,  100,  100,   90,  110,    0,    0,    0,    0,   50
20241011, 0000,  , EX, 29.5N,  75.0W,  60,  986,  240,  160,  180,  220,   90,   90,   80,  100,    0,    0,    0,    0,   50
20241011, 0600,  , EX, 29.5N,  72.4W,  55,  993,  200,  150,  210,  200,   90,   50,   80,   90,    0,    0,    0,    0,   50
20241011, 1200,  , EX, 29.5N,  69.3W,  55,  997,  200,  140,  240,  180,   70,    0,   70,   70,    0,    0,    0,    0,   50
20241011, 1800,  , EX, 29.3N,  65.9W,  50,  999,  200,  140,  240,  180,   50,    0,   50,   50,    0,    0,    0,    0,   50
AL152024,             NADINE,      8,
20241018, 1800,  , DB, 17.2N,  84.8W,  30, 1005,    0,    0,    0,    0,    0,    0,    0,    0,    0,    0,    0,    0,  120
20241019, 0000,  , TS, 17.3N,  85.5W,  35, 1004,  180,    0,    0,  180,    0,    0,    0,    0,    0,    0,    0,    0,  120
20241019, 0600,  , TS, 17.4N,  86.4W,  40, 1004,  240,    0,    0,  210,    0,    0,    0,    0,    0,    0,    0,    0,  100
20241019, 1200,  , TS, 17.4N,  87.5W,  45, 1003,  180,   30,    0,  120,    0,    0,    0,    0,    0,    0,    0,    0,   50
20241019, 1600, L, TS, 17.5N,  88.2W,  50, 1002,   90,   30,    0,   60,   30,    0,    0,    0,    0,    0,    0,    0,   30
20241019, 1800,  , TS, 17.5N,  88.7W,  45, 1004,   60,    0,    0,   30,    0,    0,    0,    0,    0,    0,    0,    0,   40
20241020, 0000,  , TD, 17.3N,  90.0W,  30, 1005,    0,    0,    0,    0,    0,    0,    0,    0,    0,    0,    0,    0,   60
20241020, 0600,  , LO, 17.1N,  91.2W,  25, 1006,    0,    0,    0,    0,    0,    0,    0,    0,    0,    0,    0,    0,   90
AL162024,              OSCAR,     17,
20241019, 0000,  , TS, 21.0N,  66.5W,  35, 1007,   20,    0,    0,   20,    0,    0,    0,    0,    0,    0,    0,    0,   20
20241019, 0600,  , TS, 21.2N,  68.2W,  45, 1005,   30,   20,    0,   20,    0,    0,    0,    0,    0,    0,    0,    0,   10
20241019, 1200,  , TS, 21.3N,  69.8W,  55,  996,   40,   30,   30,   40,   10,    0,    0,   10,    0,    0,    0,    0,    5
20241019, 1800,  , HU, 21.4N,  70.6W,  70,  989,   40,   30,   30,   40,   20,   10,   10,   20,    5,    5,    0,    5,    5
20241019, 2015, L, HU, 21.5N,  71.1W,  75,  987,   40,   30,   30,   40,   20,   10,   10,   20,    5,    5,    0,    5,    5
20241020, 0000,  , HU, 21.5N,  71.7W,  75,  987,   40,   30,   30,   40,   20,   10,   10,   20,    5,    5,    0,    5,    5
20241020, 0600,  , HU, 21.1N,  72.7W,  70,  988,   40,   30,   30,   40,   20,   10,   10,   20,    5,    5,    0,    5,    5
20241020, 1200,  , HU, 20.8N,  73.6W,  70,  986,   40,   30,   30,   40,   20,   10,   10,   20,   10,    5,    0,   10,    5
20241020, 1800,  , HU, 20.5N,  74.0W,  75,  984,   40,   30,   30,   40,   20,   10,   10,   20,   10,    5,    5,   10,    5
20241020, 2200, L, HU, 20.3N,  74.4W,  75,  984,   40,   30,   30,   40,   20,   10,   10,   20,   10,    5,    5,   10,    5
20241021, 0000,  , HU, 20.2N,  74.5W,  65,  988,   40,   50,   30,   40,   20,   10,   10,   20,   10,    0,    0,    0,   10
20241021, 0600,  , TS, 20.1N,  75.0W,  50,  996,   40,   60,   40,   40,   20,   20,    0,    0,    0,    0,    0,    0,   20
20241021, 1200,  , TS, 20.3N,  75.4W,  40, 1000,   60,   70,    0,   40,    0,    0,    0,    0,    0,    0,    0,    0,   40
20241021, 1800,  , TS, 20.7N,  75.9W,  35, 1003,   80,   80,    0,    0,    0,    0,    0,    0,    0,    0,    0,    0,   60
20241022, 0000,  , TS, 21.5N,  75.6W,  35, 1005,   90,   90,    0,    0,    0,    0,    0,    0,    0,    0,    0,    0,   60
20241022, 0600,  , TS, 22.2N,  75.1W,  35, 1006,   90,   90,    0,    0,    0,    0,    0,    0,    0,    0,    0,    0,   70
20241022, 1200,  , TS, 22.7N,  74.6W,  35, 1007,   90,   90,    0,    0,    0,    0,    0,    0,    0,    0,    0,    0,   80
AL172024,              PATTY,     15,
20241031, 1800,  , EX, 39.2N,  41.0W,  55,  977,    0,    0,  180,  120,    0,    0,  120,   90,    0,    0,    0,    0,   70
20241101, 0000,  , EX, 39.6N,  40.0W,  55,  977,    0,    0,  180,  120,    0,    0,  120,   90,    0,    0,    0,    0,   70
20241101, 0600,  , EX, 39.9N,  38.9W,  50,  979,    0,    0,  180,   90,    0,    0,  100,    0,    0,    0,    0,    0,   60
20241101, 1200,  , EX, 40.2N,  37.7W,  50,  981,    0,   60,  180,    0,    0,    0,   60,    0,    0,    0,    0,    0,   50
20241101, 1800,  , SS, 40.6N,  36.5W,  45,  983,    0,   60,  180,    0,    0,    0,    0,    0,    0,    0,    0,    0,   40
20241102, 0000,  , SS, 40.6N,  35.4W,  45,  985,    0,   60,  180,    0,    0,    0,    0,    0,    0,    0,    0,    0,   40
20241102, 0600,  , SS, 40.3N,  34.6W,  50,  986,    0,   60,  180,   90,    0,    0,   40,    0,    0,    0,    0,    0,   40
20241102, 1200,  , SS, 39.4N,  33.3W,  55,  982,    0,   60,  180,   90,    0,    0,   40,    0,    0,    0,    0,    0,   40
20241102, 1800,  , SS, 38.4N,  31.6W,  55,  982,    0,   60,  180,   90,    0,    0,   40,    0,    0,    0,    0,    0,   40
20241103, 0000,  , SS, 37.9N,  29.2W,  50,  985,    0,   60,  180,   90,    0,    0,   40,    0,    0,    0,    0,    0,   40
20241103, 0600,  , SS, 37.7N,  27.0W,  45,  988,    0,   60,  120,    0,    0,    0,    0,    0,    0,    0,    0,    0,   40
20241103, 1200,  , TS, 37.5N,  25.1W,  40,  990,    0,   50,   90,    0,    0,    0,    0,    0,    0,    0,    0,    0,   30
20241103, 1800,  , TS, 37.4N,  23.3W,  40,  990,    0,   50,   70,    0,    0,    0,    0,    0,    0,    0,    0,    0,   30
20241104, 0000,  , TS, 37.6N,  21.3W,  40,  993,   30,   60,   70,    0,    0,    0,    0,    0,    0,    0,    0,    0,   30
20241104, 0600,  , TS, 37.9N,  19.2W,  35,  996,   30,   60,   60,    0,    0,    0,    0,    0,    0,    0,    0,    0,   30
AL182024,             RAFAEL,     29,
20241103, 1800,  , DB, 12.7N,  77.0W,  30, 1004,    0,    0,    0,    0,    0,    0,    0,    0,    0,    0,    0,    0,   80
20241104, 0000,  , DB, 13.5N,  76.8W,  30, 1004,    0,    0,    0,    0,    0,    0,    0,    0,    0,    0,    0,    0,   70
20241104, 0600,  , DB, 14.2N,  76.7W,  30, 1004,    0,    0,    0,    0,    0,    0,    0,    0,    0,    0,    0,    0,   70
20241104, 1200,  , TD, 14.8N,  76.6W,  30, 1003,    0,    0,    0,    0,    0,    0,    0,    0,    0,    0,    0,    0,   70
20241104, 1800,  , TS, 15.1N,  76.4W,  35, 1001,   70,   90,    0,    0,    0,    0,    0,    0,    0,    0,    0,    0,   70
20241105, 0000,  , TS, 15.8N,  76.9W,  40,  999,   90,   90,    0,    0,    0,    0,    0,    0,    0,    0,    0,    0,   40
20241105, 0600,  , TS, 16.6N,  77.6W,  45,  994,   90,   90,    0,    0,    0,    0,    0,    0,    0,    0,    0,    0,   30
20241105, 1200,  , TS, 17.5N,  78.3W,  50,  993,   90,   90,    0,    0,   20,    0,    0,    0,    0,    0,    0,    0,   20
20241105, 1800,  , TS, 18.5N,  79.1W,  60,  990,   90,   80,   20,   30,   30,    0,    0,    0,    0,    0,    0,    0,   20
20241106, 0000,  , HU, 19.4N,  80.0W,  70,  985,   90,   80,   20,   50,   40,   20,    0,   25,   15,    0,    0,    0,   15
20241106, 0600,  , HU, 20.1N,  80.9W,  80,  975,   90,   80,   20,   50,   40,   20,    0,   25,   15,    0,    0,    0,   10
20241106, 1200,  , HU, 21.0N,  81.6W,  90,  964,  100,   80,   40,   50,   40,   20,   20,   25,   15,   15,   10,   10,   10
20241106, 1800,  , HU, 22.0N,  82.3W, 100,  955,  100,   90,   40,   50,   50,   40,   20,   25,   25,   20,   10,   15,   10
20241106, 2115, L, HU, 22.7N,  82.7W, 100,  955,  100,   90,   40,   50,   50,   40,   20,   25,   25,   20,   10,   15,   10
20241107, 0000,  , HU, 23.1N,  83.2W,  95,  968,  100,   90,   40,   50,   50,   40,   20,   25,   25,   20,   10,   15,   10
20241107, 0600,  , HU, 23.8N,  84.1W,  90,  970,  100,   90,   40,   70,   50,   40,   20,   30,   25,   20,   10,   20,   10
20241107, 1200,  , HU, 24.3N,  84.9W,  90,  969,  100,   90,   50,   90,   50,   40,   20,   40,   25,   20,   10,   25,   15
20241107, 1800,  , HU, 24.6N,  85.7W,  90,  968,  100,   90,   50,   90,   50,   40,   30,   40,   25,   20,   10,   25,   15
20241108, 0000,  , HU, 24.6N,  86.6W,  90,  966,  100,   90,   50,   90,   50,   40,   30,   40,   25,   20,   20,   25,   15
20241108, 0600,  , HU, 24.4N,  87.6W, 105,  954,  100,   90,   50,   90,   50,   40,   30,   40,   25,   20,   20,   25,   15
20241108, 1200,  , HU, 24.4N,  88.4W,  95,  962,   80,   70,   60,   80,   40,   40,   30,   40,   25,   20,   20,   25,   15
20241108, 1800,  , HU, 24.6N,  89.1W,  80,  973,   80,   70,   60,   80,   40,   40,   30,   40,   25,   20,   20,   25,   15
20241109, 0000,  , HU, 24.7N,  89.7W,  65,  986,   80,   70,   60,   80,   40,   40,   30,   40,    0,    0,    0,   25,   20
20241109, 0600,  , TS, 24.8N,  90.5W,  55,  992,   80,   70,   30,   70,   40,    0,    0,   20,    0,    0,    0,    0,   20
20241109, 1200,  , TS, 25.0N,  91.2W,  50,  998,   90,   70,   30,   70,   40,    0,    0,    0,    0,    0,    0,    0,   40
20241109, 1800,  , TS, 25.3N,  91.5W,  45, 1000,  100,   30,    0,   60,    0,    0,    0,    0,    0,    0,    0,    0,   60
20241110, 0000,  , TS, 25.6N,  91.7W,  40, 1001,  100,    0,    0,   60,    0,    0,    0,    0,    0,    0,    0,    0,   60
20241110, 0600,  , TS, 25.9N,  91.9W,  35, 1003,  100,    0,    0,   60,    0,    0,    0,    0,    0,    0,    0,    0,  100
20241110, 1200,  , LO, 26.1N,  91.9W,  35, 1003,  120,    0,    0,    0,    0,    0,    0,    0,    0,    0,    0,    0,  120
AL192024,               SARA,     20,
20241113, 1800,  , DB, 16.1N,  78.4W,  25, 1007,    0,    0,    0,    0,    0,    0,    0,    0,    0,    0,    0,    0,   30
20241114, 0000,  , DB, 16.0N,  79.7W,  25, 1005,    0,    0,    0,    0,    0,    0,    0,    0,    0,    0,    0,    0,   30
20241114, 0600,  , TD, 15.9N,  81.1W,  30, 1003,    0,    0,    0,    0,    0,    0,    0,    0,    0,    0,    0,    0,   40
20241114, 1200,  , TS, 15.8N,  82.2W,  35, 1001,   90,    0,    0,   90,    0,    0,    0,    0,    0,    0,    0,    0,   40
20241114, 1800,  , TS, 15.8N,  83.1W,  35, 1000,   90,    0,    0,   90,    0,    0,    0,    0,    0,    0,    0,    0,   40
20241115, 0000,  , TS, 15.7N,  84.0W,  40,  999,   90,    0,    0,   90,    0,    0,    0,    0,    0,    0,    0,    0,   40
20241115, 0120, L, TS, 15.8N,  84.3W,  40,  999,   90,    0,    0,   90,    0,    0,    0,    0,    0,    0,    0,    0,   40
20241115, 0600,  , TS, 16.0N,  85.0W,  40,  998,   90,    0,    0,   90,    0,    0,    0,    0,    0,    0,    0,    0,   40
20241115, 1200,  , TS, 16.1N,  85.6W,  45,  997,   90,    0,    0,  100,    0,    0,    0,    0,    0,    0,    0,    0,   30
20241115, 1800,  , TS, 16.1N,  86.1W,  45,  997,   80,    0,    0,  100,    0,    0,    0,    0,    0,    0,    0,    0,   40
20241116, 0000,  , TS, 16.1N,  86.1W,  45,  997,   80,    0,    0,  100,    0,    0,    0,    0,    0,    0,    0,    0,   40
20241116, 0600,  , TS, 16.2N,  86.2W,  40,  999,   80,    0,    0,  100,    0,    0,    0,    0,    0,    0,    0,    0,   50
20241116, 1200,  , TS, 16.2N,  86.4W,  40,  999,   80,    0,    0,  100,    0,    0,    0,    0,    0,    0,    0,    0,   50
20241116, 1800,  , TS, 16.3N,  86.8W,  35, 1000,   80,    0,   30,   90,    0,    0,    0,    0,    0,    0,    0,    0,   50
20241117, 0000,  , TS, 16.4N,  87.1W,  35, 1000,   80,   30,   30,   90,    0,    0,    0,    0,    0,    0,    0,    0,   40
20241117, 0600,  , TS, 16.5N,  87.5W,  35, 1001,   80,   30,   30,   90,    0,    0,    0,    0,    0,    0,    0,    0,   40
20241117, 1200,  , TS, 16.8N,  87.9W,  35, 1001,   80,   30,   30,   60,    0,    0,    0,    0,    0,    0,    0,    0,   40
20241117, 1400, L, TS, 17.0N,  88.3W,  35, 1001,   80,   30,   30,   60,    0,    0,    0,    0,    0,    0,    0,    0,   40
20241117, 1800,  , TD, 17.4N,  89.1W,  30, 1003,    0,    0,    0,    0,    0,    0,    0,    0,    0,    0,    0,    0,   50
20241118, 0000,  , TD, 17.9N,  90.2W,  25, 1004,    0,    0,    0,    0,    0,    0,    0,    0,    0,    0,    0,    0,   50
