AL011987,            UNNAMED,     31,
19870524, 1200,  , TD, 21.2N,  68.5W,  25, -999, -999, -999, -999, -999, -999, -999, -999, -999, -999, -999, -999, -999, -999
19870524, 1800,  , TD, 21.5N,  69.0W,  25, -999, -999, -999, -999, -999, -999, -999, -999, -999, -999, -999, -999, -999, -999
19870525, 0000,  , TD, 22.0N,  69.5W,  25, -999, -999, -999, -999, -999, -999, -999, -999, -999, -999, -999, -999, -999, -999
19870525, 0600,  , TD, 22.6N,  69.5W,  25, -999, -999, -999, -999, -999, -999, -999, -999, -999, -999, -999, -999, -999, -999
19870525, 1200,  , TD, 23.3N,  69.3W,  30, -999, -999, -999, -999, -999, -999, -999, -999, -999, -999, -999, -999, -999, -999
19870525, 1800,  , TD, 24.0N,  69.0W,  30, -999, -999, -999, -999, -999, -999, -999, -999, -999, -999, -999, -999, -999, -999
19870526, 0000,  , TD, 24.6N,  68.8W,  30, -999, -999, -999, -999, -999, -999, -999, -999, -999, -999, -999, -999, -999, -999
19870526, 0600,  , TD, 25.3N,  69.0W,  30, -999, -999, -999, -999, -999, -999, -999, -999, -999, -999, -999, -999, -999, -999
19870526, 1200,  , TD, 26.0N,  69.4W,  30, -999, -999, -999, -999, -999, -999, -999, -999, -999, -999, -999, -999, -999, -999
19870526, 1800,  , TD, 25.7N,  69.4W,  30, -999, -999, -999, -999, -999, -999, -999, -999, -999, -999, -999, -999, -999, -999
19870527, 0000,  , TD, 26.5N,  68.8W,  30, -999, -999, -999, -999, -999, -999, -999, -999, -999, -999, -999, -999, -999, -999
19870527, 0600,  , TD, 26.8N,  69.6W,  30, -999, -999, -999, -999, -999, -999, -999, -999, -999, -999, -999, -999, -999, -999
19870527, 1200,  , TD, 26.1N,  69.9W,  30, -999, -999, -999, -999, -999, -999, -999, -999, -999, -999, -999, -999, -999, -999
19870527, 1800,  , TD, 25.8N,  69.6W,  30, -999, -999, -999, -999, -999, -999, -999, -999, -999, -999, -999, -999, -999, -999
19870528, 0000,  , TD, 25.4N,  69.7W,  30, -999, -999, -999, -999, -999, -999, -999, -999, -999, -999, -999, -999, -999, -999
19870528, 0600,  , TD, 25.3N,  70.1W,  30, -999, -999, -999, -999, -999, -999, -999, -999, -999, -999, -999, -999, -999, -999
19870528, 1200,  , TD, 25.3N,  70.8W,  30, -999, -999, -999, -999, -999, -999, -999, -999, -999, -999, -999, -999, -999, -999
19870528, 1800,  , TD, 25.3N,  71.7W,  30, -999, -999, -999, -999, -999, -999, -999, -999, -999, -999, -999, -999, -999, -999
19870529, 0000,  , TD, 25.4N,  72.5W,  30, -999, -999, -999, -999, -999, -999, -999, -999, -999, -999, -999, -999, -999, -999
19870529, 0600,  , TD, 25.5N,  73.3W,  30, -999, -999, -999, -999, -999, -999, -999, -999, -999, -999, -999, -999, -999, -999
19870529, 1200,  , TD, 25.6N,  74.1W,  30, -999, -999, -999, -999, -999, -999, -999, -999, -999, -999, -999, -999, -999, -999
19870529, 1800,  , TD, 25.7N,  75.0W,  30, -999, -999, -999, -999, -999, -999, -999, -999, -999, -999, -999, -999, -999, -999
19870530, 0000,  , TD, 25.8N,  75.7W,  30, -999, -999, -999, -999, -999, -999, -999, -999, -999, -999, -999, -999, -999, -999
19870530, 0600,  , TD, 25.8N,  76.5W,  30, -999, -999, -999, -999, -999, -999, -999, -999, -999, -999, -999, -999, -999, -999
19870530, 1200,  , TD, 25.9N,  77.3W,  30, -999, -999, -999, -999, -999, -999, -999, -999, -999, -999, -999, -999, -999, -999
19870530, 1800,  , TD, 25.8N,  78.5W,  30, -999, -999, -999, -999, -999, -999, -999, -999, -999, -999, -999, -999, -999, -999
19870531, 0000,  , TD, 25.3N,  79.4W,  30, -999, -999, -999, -999, -999, -999, -999, -999, -999, -999, -999, -999, -999, -999
19870531, 0600,  , TD, 24.7N,  80.2W,  30, -999, -999, -999, -999, -999, -999, -999, -999, -999, -999, -999, -999, -999, -999
19870531, 1200,  , TD, 24.6N,  80.6W,  25, -999, -999, -999, -999, -999, -999, -999, -999, -999, -999, -999, -999, -999, -999
19870531, 1800,  , TD, 24.5N,  81.0W,  20, -999, -999, -999, -999, -999, -999, -999, -999, -999, -999, -999, -999, -999, -999
19870601, 0000,  , TD, 24.4N,  81.7W,  15, -999, -999, -999, -999, -999, -999, -999, -999, -999, -999, -999, -999, -999, -999
AL031987,            UNNAMED,     32,
19870809, 1200,  , TD, 26.3N,  93.6W,  30, 1010, -999, -999, -999, -999, -999, -999, -999, -999, -999, -999, -999, -999, -999
19870809, 1800,  , TS, 27.3N,  94.0W,  35, 1008, -999, -999, -999, -999, -999, -999, -999, -999, -999, -999, -999, -999, -999
19870810, 0000,  , TS, 28.4N,  94.4W,  40, 1008, -999, -999, -999, -999, -999, -999, -999, -999, -999, -999, -999, -999, -999
19870810, 0600, L, TS, 29.5N,  94.5W,  40, 1009, -999, -999, -999, -999, -999, -999, -999, -999, -999, -999, -999, -999, -999
19870810, 1200,  , TS, 30.5N,  94.5W,  40, 1009, -999, -999, -999, -999, -999, -999, -999, -999, -999, -999, -999, -999, -999
19870810, 1800,  , TD, 31.3N,  94.1W,  30, 1009, -999, -999, -999, -999, -999, -999, -999, -999, -999, -999, -999, -999, -999
19870811, 0000,  , TD, 31.8N,  93.5W,  25, 1009, -999, -999, -999, -999, -999, -999, -999, -999, -999, -999, -999, -999, -999
19870811, 0600,  , TD, 32.3N,  92.7W,  25, 1009, -999, -999, -999, -999, -999, -999, -999, -999, -999, -999, -999, -999, -999
19870811, 1200,  , TD, 32.3N,  91.8W,  25, 1008, -999, -999, -999, -999, -999, -999, -999, -999, -999, -999, -999, -999, -999
19870811, 1800,  , TD, 32.2N,  91.2W,  25, 1008, -999, -999, -999, -999, -999, -999, -999, -999, -999, -999, -999, -999, -999
19870812, 0000,  , TD, 32.1N,  90.6W,  25, 1007, -999, -999, -999, -999, -999, -999, -999, -999, -999, -999, -999, -999, -999
19870812, 0600,  , TD, 32.0N,  90.2W,  25, 1007, -999, -999, -999, -999, -999, -999, -999, -999, -999, -999, -999, -999, -999
19870812, 1200,  , TD, 32.0N,  89.7W,  25, 1007, -999, -999, -999, -999, -999, -999, -999, -999, -999, -999, -999, -999, -999
19870812, 1800,  , TD, 32.0N,  89.3W,  20, 1007, -999, -999, -999, -999, -999, -999, -999, -999, -999, -999, -999, -999, -999
19870813, 0000,  , TD, 31.9N,  88.8W,  20, 1008, -999, -999, -999, -999, -999, -999, -999, -999, -999, -999, -999, -999, -999
19870813, 0600,  , TD, 31.8N,  88.4W,  20, 1008, -999, -999, -999, -999, -999, -999, -999, -999, -999, -999, -999, -999, -999
19870813, 1200,  , TD, 31.7N,  88.0W,  20, 1009, -999, -999, -999, -999, -999, -999, -999, -999, -999, -999, -999, -999, -999
19870813, 1800,  , TD, 31.5N,  87.7W,  15, 1009, -999, -999, -999, -999, -999, -999, -999, -999, -999, -999, -999, -999, -999
19870814, 0000,  , TD, 31.3N,  87.4W,  15, 1010, -999, -999, -999, -999, -999, -999, -999, -999, -999, -999, -999, -999, -999
19870814, 0600,  , TD, 31.1N,  87.1W,  15, 1010, -999, -999, -999, -999, -999, -999, -999, -999, -999, -999, -999, -999, -999
19870814, 1200,  , TD, 30.8N,  86.8W,  15, 1010, -999, -999, -999, -999, -999, -999, -999, -999, -999, -999, -999, -999, -999
19870814, 1800,  , TD, 30.6N,  86.6W,  15, 1011, -999, -999, -999, -999, -999, -999, -999, -999, -999, -999, -999, -999, -999
19870815, 0000,  , TD, 30.3N,  86.3W,  15, 1011, -999, -999, -999, -999, -999, -999, -999, -999, -999, -999, -999, -999, -999
19870815, 0600,  , TD, 30.0N,  86.0W,  15, 1011, -999, -999, -999, -999, -999, -999, -999, -999, -999, -999, -999, -999, -999
19870815, 1200,  , TD, 29.8N,  85.6W,  15, 1012, -999, -999, -999, -999, -999, -999, -999, -999, -999, -999, -999, -999, -999
19870815, 1800,  , TD, 29.7N,  85.0W,  15, 1012, -999, -999, -999, -999, -999, -999, -999, -999, -999, -999, -999, -999, -999
19870816, 0000,  , TD, 29.8N,  84.5W,  15, 1013, -999, -999, -999, -999, -999, -999, -999, -999, -999, -999, -999, -999, -999
19870816, 0600,  , TD, 30.2N,  84.0W,  15, 1014, -999, -999, -999, -999, -999, -999, -999, -999, -999, -999, -999, -999, -999
19870816, 1200,  , TD, 30.5N,  83.7W,  15, 1014, -999, -999, -999, -999, -999, -999, -999, -999, -999, -999, -999, -999, -999
19870816, 1800,  , TD, 30.9N,  83.2W,  10, 1014, -999, -999, -999, -999, -999, -999, -999, -999, -999, -999, -999, -999, -999
19870817, 0000,  , TD, 31.4N,  82.9W,  10, 1015, -999, -999, -999, -999, -999, -999, -999, -999, -999, -999, -999, -999, -999
19870817, 0600,  , TD, 31.8N,  82.3W,  10, 1015, -999, -999, -999, -999, -999, -999, -999, -999, -999, -999, -999, -999, -999
AL021987,             ARLENE,     81,
19870808, 0000,  , LO, 34.3N,  77.5W,  10, 1016, -999, -999, -999, -999, -999, -999, -999, -999, -999, -999, -999, -999, -999
19870808, 0600,  , LO, 33.8N,  76.7W,  10, 1016, -999, -999, -999, -999, -999, -999, -999, -999, -999, -999, -999, -999, -999
19870808, 1200,  , LO, 33.0N,  76.0W,  10, 1015, -999, -999, -999, -999, -999, -999, -999, -999, -999, -999, -999, -999, -999
19870808, 1800,  , LO, 32.0N,  75.6W,  10, 1015, -999, -999, -999, -999, -999, -999, -999, -999, -999, -999, -999, -999, -999
19870809, 0000,  , LO, 31.0N,  75.2W,  10, 1014, -999, -999, -999, -999, -999, -999, -999, -999, -999, -999, -999, -999, -999
19870809, 0600,  , LO, 30.0N,  75.0W,  10, 1014, -999, -999, -999, -999, -999, -999, -999, -999, -999, -999, -999, -999, -999
19870809, 1200,  , LO, 29.0N,  75.1W,  15, 1013, -999, -999, -999, -999, -999, -999, -999, -999, -999, -999, -999, -999, -999
19870809, 1800,  , LO, 28.1N,  75.4W,  15, 1012, -999, -999, -999, -999, -999, -999, -999, -999, -999, -999, -999, -999, -999
19870810, 0000,  , LO, 27.2N,  75.8W,  15, 1011, -999, -999, -999, -999, -999, -999, -999, -999, -999, -999, -999, -999, -999
19870810, 0600,  , LO, 26.3N,  76.3W,  20, 1010, -999, -999, -999, -999, -999, -999, -999, -999, -999, -999, -999, -999, -999
19870810, 1200,  , LO, 25.5N,  76.9W,  20, 1009, -999, -999, -999, -999, -999, -999, -999, -999, -999, -999, -999, -999, -999
19870810, 1800,  , TD, 25.0N,  78.0W,  25, 1009, -999, -999, -999, -999, -999, -999, -999, -999, -999, -999, -999, -999, -999
19870811, 0000,  , TD, 26.2N,  78.2W,  25, 1009, -999, -999, -999, -999, -999, -999, -999, -999, -999, -999, -999, -999, -999
19870811, 0600,  , TD, 27.2N,  77.2W,  25, 1008, -999, -999, -999, -999, -999, -999, -999, -999, -999, -999, -999, -999, -999
19870811, 1200,  , TD, 28.3N,  75.7W,  25, 1008, -999, -999, -999, -999, -999, -999, -999, -999, -999, -999, -999, -999, -999
19870811, 1800,  , TS, 29.4N,  74.4W,  35, 1006, -999, -999, -999, -999, -999, -999, -999, -999, -999, -999, -999, -999, -999
19870812, 0000,  , TS, 30.7N,  73.2W,  40, 1002, -999, -999, -999, -999, -999, -999, -999, -999, -999, -999, -999, -999, -999
19870812, 0600,  , TS, 31.4N,  72.3W,  40, 1001, -999, -999, -999, -999, -999, -999, -999, -999, -999, -999, -999, -999, -999
19870812, 1200,  , TS, 32.0N,  71.0W,  45, 1000, -999, -999, -999, -999, -999, -999, -999, -999, -999, -999, -999, -999, -999
19870812, 1800,  , TS, 32.4N,  69.7W,  45,  999, -999, -999, -999, -999, -999, -999, -999, -999, -999, -999, -999, -999, -999
19870813, 0000,  , TS, 32.6N,  68.3W,  55,  997, -999, -999, -999, -999, -999, -999, -999, -999, -999, -999, -999, -999, -999
19870813, 0600,  , TS, 32.9N,  67.0W,  55,  997, -999, -999, -999, -999, -999, -999, -999, -999, -999, -999, -999, -999, -999
19870813, 1200,  , TS, 33.0N,  65.5W,  55,  998, -999, -999, -999, -999, -999, -999, -999, -999, -999, -999, -999, -999, -999
19870813, 1800,  , TS, 33.0N,  64.5W,  55,  999, -999, -999, -999, -999, -999, -999, -999, -999, -999, -999, -999, -999, -999
19870814, 0000,  , TS, 33.0N,  63.6W,  50, 1002, -999, -999, -999, -999, -999, -999, -999, -999, -999, -999, -999, -999, -999
19870814, 0600,  , TS, 32.9N,  62.8W,  45, 1003, -999, -999, -999, -999, -999, -999, -999, -999, -999, -999, -999, -999, -999
19870814, 1200,  , TS, 32.8N,  62.3W,  50,  996, -999, -999, -999, -999, -999, -999, -999, -999, -999, -999, -999, -999, -999
19870814, 1800,  , TS, 32.6N,  61.8W,  55,  994, -999, -999, -999, -999, -999, -999, -999, -999, -999, -999, -999, -999, -999
19870815, 0000,  , TS, 32.4N,  61.3W,  55,  994, -999, -999, -999, -999, -999, -999, -999, -999, -999, -999, -999, -999, -999
19870815, 0600,  , TS, 32.2N,  60.8W,  55,  995, -999, -999, -999, -999, -999, -999, -999, -999, -999, -999, -999, -999, -999
19870815, 1200,  , TS, 31.7N,  60.3W,  50,  996, -999, -999, -999, -999, -999, -999, -999, -999, -999, -999, -999, -999, -999
19870815, 1800,  , TS, 31.3N,  60.0W,  45,  998, -999, -999, -999, -999, -999, -999, -999, -999, -999, -999, -999, -999, -999
19870816, 0000,  , TS, 30.9N,  59.6W,  45,  999, -999, -999, -999, -999, -999, -999, -999, -999, -999, -999, -999, -999, -999
19870816, 0600,  , TS, 30.5N,  59.3W,  45, 1000, -999, -999, -999, -999, -999, -999, -999, -999, -999, -999, -999, -999, -999
19870816, 1200,  , TS, 30.2N,  59.0W,  45, 1000, -999, -999, -999, -999, -999, -999, -999, -999, -999, -999, -999, -999, -999
19870816, 1800,  , TS, 29.9N,  58.7W,  45, 1000, -999, -999, -999, -999, -999, -999, -999, -999, -999, -999, -999, -999, -999
19870817, 0000,  , TS, 29.8N,  58.2W,  45, 1000, -999, -999, -999, -999, -999, -999, -999, -999, -999, -999, -999, -999, -999
19870817, 0600,  , TS, 29.8N,  57.8W,  45, 1001, -999, -999, -999, -999, -999, -999, -999, -999, -999, -999, -999, -999, -999
19870817, 1200,  , TS, 29.9N,  57.3W,  40, 1002, -999, -999, -999, -999, -999, -999, -999, -999, -999, -999, -999, -999, -999
19870817, 1800,  , TS, 30.2N,  56.8W,  40, 1003, -999, -999, -999, -999, -999, -999, -999, -999, -999, -999, -999, -999, -999
19870818, 0000,  , TS, 30.9N,  56.2W,  35, 1004, -999, -999, -999, -999, -999, -999, -999, -999, -999, -999, -999, -999, -999
19870818, 0600,  , TS, 31.5N,  55.7W,  35, 1005, -999, -999, -999, -999, -999, -999, -999, -999, -999, -999, -999, -999, -999
19870818, 1200,  , TS, 32.4N,  54.7W,  35, 1005, -999, -999, -999, -999, -999, -999, -999, -999, -999, -999, -999, -999, -999
19870818, 1800,  , TS, 33.3N,  53.5W,  35, 1005, -999, -999, -999, -999, -999, -999, -999, -999, -999, -999, -999, -999, -999
19870819, 0000,  , TS, 34.0N,  52.2W,  35, 1005, -999, -999, -999, -999, -999, -999, -999, -999, -999, -999, -999, -999, -999
19870819, 0600,  , TS, 34.8N,  50.8W,  35, 1005, -999, -999, -999, -999, -999, -999, -999, -999, -999, -999, -999, -999, -999
19870819, 1200,  , TS, 35.4N,  49.5W,  35, 1005, -999, -999, -999, -999, -999, -999, -999, -999, -999, -999, -999, -999, -999
19870819, 1800,  , TS, 35.5N,  47.5W,  35, 1005, -999, -999, -999, -999, -999, -999, -999, -999, -999, -999, -999, -999, -999
19870820, 0000,  , TS, 35.0N,  46.0W,  35, 1004, -999, -999, -999, -999, -999, -999, -999, -999, -999, -999, -999, -999, -999
19870820, 0600,  , TS, 34.5N,  44.5W,  40, 1002, -999, -999, -999, -999, -999, -999, -999, -999, -999, -999, -999, -999, -999
19870820, 1200,  , TS, 34.0N,  43.5W,  40, 1000, -999, -999, -999, -999, -999, -999, -999, -999, -999, -999, -999, -999, -999
19870820, 1800,  , TS, 33.8N,  43.0W,  50,  997, -999, -999, -999, -999, -999, -999, -999, -999, -999, -999, -999, -999, -999
19870821, 0000,  , TS, 33.7N,  42.7W,  55,  995, -999, -999, -999, -999, -999, -999, -999, -999, -999, -999, -999, -999, -999
19870821, 0600,  , TS, 33.6N,  42.3W,  55,  994, -999, -999, -999, -999, -999, -999, -999, -999, -999, -999, -999, -999, -999
19870821, 1200,  , TS, 33.5N,  42.0W,  55,  993, -999, -999, -999, -999, -999, -999, -999, -999, -999, -999, -999, -999, -999
19870821, 1800,  , TS, 34.5N,  42.5W,  60,  991, -999, -999, -999, -999, -999, -999, -999, -999, -999, -999, -999, -999, -999
19870822, 0000,  , TS, 35.5N,  43.0W,  60,  989, -999, -999, -999, -999, -999, -999, -999, -999, -999, -999, -999, -999, -999
19870822, 0600,  , HU, 36.5N,  43.0W,  65,  988, -999, -999, -999, -999, -999, -999, -999, -999, -999, -999, -999, -999, -999
19870822, 1200,  , HU, 38.0N,  43.0W,  65,  987, -999, -999, -999, -999, -999, -999, -999, -999, -999, -999, -999, -999, -999
19870822, 1800,  , HU, 39.5N,  42.5W,  65,  987, -999, -999, -999, -999, -999, -999, -999, -999, -999, -999, -999, -999, -999
19870823, 0000,  , HU, 41.5N,  41.0W,  65,  987, -999, -999, -999, -999, -999, -999, -999, -999, -999, -999, -999, -999, -999
19870823, 0600,  , HU, 44.0N,  39.0W,  65,  987, -999, -999, -999, -999, -999, -999, -999, -999, -999, -999, -999, -999, -999
19870823, 1200,  , HU, 46.5N,  36.5W,  65,  988, -999, -999, -999, -999, -999, -999, -999, -999, -999, -999, -999, -999, -999
19870823, 1800,  , HU, 48.5N,  33.0W,  65,  988, -999, -999, -999, -999, -999, -999, -999, -999, -999, -999, -999, -999, -999
19870824, 0000,  , EX, 50.0N,  30.0W,  60,  989, -999, -999, -999, -999, -999, -999, -999, -999, -999, -999, -999, -999, -999
19870824, 0600,  , EX, 50.5N,  27.0W,  60,  991, -999, -999, -999, -999, -999, -999, -999, -999, -999, -999, -999, -999, -999
19870824, 1200,  , EX, 50.5N,  23.5W,  60,  992, -999, -999, -999, -999, -999, -999, -999, -999, -999, -999, -999, -999, -999
19870824, 1800,  , EX, 50.0N,  20.0W,  55,  995, -999, -999, -999, -999, -999, -999, -999, -999, -999, -999, -999, -999, -999
19870825, 0000,  , EX, 48.0N,  18.0W,  50,  998, -999, -999, -999, -999, -999, -999, -999, -999, -999, -999, -999, -999, -999
19870825, 0600,  , EX, 46.0N,  17.0W,  45, 1002, -999, -999, -999, -999, -999, -999, -999, -999, -999, -999, -999, -999, -999
19870825, 1200,  , EX, 44.0N,  16.5W,  35, 1006, -999, -999, -999, -999, -999, -999, -999, -999, -999, -999, -999, -999, -999
19870825, 1800,  , EX, 43.0N,  15.0W,  25, 1009, -999, -999, -999, -999, -999, -999, -999, -999, -999, -999, -999, -999, -999
19870826, 0000,  , EX, 41.5N,  14.5W,  20, 1010, -999, -999, -999, -999, -999, -999, -999, -999, -999, -999, -999, -999, -999
19870826, 0600,  , EX, 39.5N,  14.0W,  15, 1011, -999, -999, -999, -999, -999, -999, -999, -999, -999, -999, -999, -999, -999
19870826, 1200,  , EX, 37.5N,  11.5W,  10, 1010, -999, -999, -999, -999, -999, -999, -999, -999, -999, -999, -999, -999, -999
19870826, 1800,  , EX, 39.0N,   8.0W,  10, 1009, -999, -999, -999, -999, -999, -999, -999, -999, -999, -999, -999, -999, -999
19870827, 0000,  , EX, 39.0N,   6.0W,  15, 1008, -999, -999, -999, -999, -999, -999, -999, -999, -999, -999, -999, -999, -999
19870827, 0600,  , EX, 39.0N,   5.0W,  15, 1008, -999, -999, -999, -999, -999, -999, -999, -999, -999, -999, -999, -999, -999
19870827, 1200,  , EX, 39.0N,   4.5W,  15, 1008, -999, -999, -999, -999, -999, -999, -999, -999, -999, -999, -999, -999, -999
19870827, 1800,  , EX, 39.0N,   4.0W,  10, 1008, -999, -999, -999, -999, -999, -999, -999, -999, -999, -999, -999, -999, -999
19870828, 0000,  , EX, 39.0N,   4.0W,  10, 1009, -999, -999, -999, -999, -999, -999, -999, -999, -999, -999, -999, -999, -999
AL041987,            UNNAMED,     11,
19870813, 0000,  , TD, 12.5N,  47.0W,  20, -999, -999, -999, -999, -999, -999, -999, -999, -999, -999, -999, -999, -999, -999
19870813, 0600,  , TD, 13.2N,  49.2W,  25, -999, -999, -999, -999, -999, -999, -999, -999, -999, -999, -999, -999, -999, -999
19870813, 1200,  , TD, 14.0N,  51.0W,  30, -999, -999, -999, -999, -999, -999, -999, -999, -999, -999, -999, -999, -999, -999
19870813, 1800,  , TD, 14.8N,  52.5W,  30, -999, -999, -999, -999, -999, -999, -999, -999, -999, -999, -999, -999, -999, -999
19870814, 0000,  , TD, 15.5N,  54.0W,  30, -999, -999, -999, -999, -999, -999, -999, -999, -999, -999, -999, -999, -999, -999
19870814, 0600,  , TD, 16.2N,  55.5W,  30, -999, -999, -999, -999, -999, -999, -999, -999, -999, -999, -999, -999, -999, -999
19870814, 1200,  , TD, 17.0N,  57.0W,  30, -999, -999, -999, -999, -999, -999, -999, -999, -999, -999, -999, -999, -999, -999
19870814, 1800,  , TD, 17.2N,  58.5W,  25, -999, -999, -999, -999, -999, -999, -999, -999, -999, -999, -999, -999, -999, -999
19870815, 0000,  , TD, 18.0N,  60.5W,  20, -999, -999, -999, -999, -999, -999, -999, -999, -999, -999, -999, -999, -999, -999
19870815, 0600,  , TD, 18.5N,  62.2W,  20, -999, -999, -999, -999, -999, -999, -999, -999, -999, -999, -999, -999, -999, -999
19870815, 1200,  , TD, 19.0N,  64.0W,  15, -999, -999, -999, -999, -999, -999, -999, -999, -999, -999, -999, -999, -999, -999
AL051987,               BRET,     26,
19870818, 0000,  , TD, 14.8N,  20.0W,  25, 1011, -999, -999, -999, -999, -999, -999, -999, -999, -999, -999, -999, -999, -999
19870818, 0600,  , TD, 14.9N,  22.0W,  25, 1010, -999, -999, -999, -999, -999, -999, -999, -999, -999, -999, -999, -999, -999
19870818, 1200,  , TD, 15.0N,  24.0W,  30, 1008, -999, -999, -999, -999, -999, -999, -999, -999, -999, -999, -999, -999, -999
19870818, 1800,  , TS, 15.1N,  26.0W,  35, 1004, -999, -999, -999, -999, -999, -999, -999, -999, -999, -999, -999, -999, -999
19870819, 0000,  , TS, 15.2N,  27.9W,  35, 1004, -999, -999, -999, -999, -999, -999, -999, -999, -999, -999, -999, -999, -999
19870819, 0600,  , TS, 15.3N,  29.5W,  35, 1004, -999, -999, -999, -999, -999, -999, -999, -999, -999, -999, -999, -999, -999
19870819, 1200,  , TS, 15.4N,  31.0W,  35, 1004, -999, -999, -999, -999, -999, -999, -999, -999, -999, -999, -999, -999, -999
19870819, 1800,  , TS, 15.5N,  32.4W,  40, 1002, -999, -999, -999, -999, -999, -999, -999, -999, -999, -999, -999, -999, -999
19870820, 0000,  , TS, 15.6N,  34.0W,  40, 1002, -999, -999, -999, -999, -999, -999, -999, -999, -999, -999, -999, -999, -999
19870820, 0600,  , TS, 15.7N,  35.5W,  45, 1000, -999, -999, -999, -999, -999, -999, -999, -999, -999, -999, -999, -999, -999
19870820, 1200,  , TS, 15.8N,  37.0W,  45, 1000, -999, -999, -999, -999, -999, -999, -999, -999, -999, -999, -999, -999, -999
19870820, 1800,  , TS, 15.9N,  38.4W,  45, 1000, -999, -999, -999, -999, -999, -999, -999, -999, -999, -999, -999, -999, -999
19870821, 0000,  , TS, 16.0N,  39.8W,  40, 1002, -999, -999, -999, -999, -999, -999, -999, -999, -999, -999, -999, -999, -999
19870821, 0600,  , TS, 16.4N,  41.0W,  40, 1002, -999, -999, -999, -999, -999, -999, -999, -999, -999, -999, -999, -999, -999
19870821, 1200,  , TS, 16.9N,  42.5W,  35, 1005, -999, -999, -999, -999, -999, -999, -999, -999, -999, -999, -999, -999, -999
19870821, 1800,  , TS, 17.1N,  43.9W,  35, 1005, -999, -999, -999, -999, -999, -999, -999, -999, -999, -999, -999, -999, -999
19870822, 0000,  , TS, 17.5N,  45.0W,  35, 1005, -999, -999, -999, -999, -999, -999, -999, -999, -999, -999, -999, -999, -999
19870822, 0600,  , TS, 17.8N,  46.1W,  35, 1005, -999, -999, -999, -999, -999, -999, -999, -999, -999, -999, -999, -999, -999
19870822, 1200,  , TS, 18.1N,  47.2W,  35, 1007, -999, -999, -999, -999, -999, -999, -999, -999, -999, -999, -999, -999, -999
19870822, 1800,  , TD, 18.4N,  48.3W,  30, 1009, -999, -999, -999, -999, -999, -999, -999, -999, -999, -999, -999, -999, -999
19870823, 0000,  , TD, 19.0N,  49.4W,  30, 1009, -999, -999, -999, -999, -999, -999, -999, -999, -999, -999, -999, -999, -999
19870823, 0600,  , TD, 19.8N,  50.3W,  30, 1009, -999, -999, -999, -999, -999, -999, -999, -999, -999, -999, -999, -999, -999
19870823, 1200,  , TD, 20.5N,  51.3W,  25, 1011, -999, -999, -999, -999, -999, -999, -999, -999, -999, -999, -999, -999, -999
19870823, 1800,  , TD, 21.4N,  52.5W,  25, 1011, -999, -999, -999, -999, -999, -999, -999, -999, -999, -999, -999, -999, -999
19870824, 0000,  , TD, 22.2N,  53.8W,  25, 1011, -999, -999, -999, -999, -999, -999, -999, -999, -999, -999, -999, -999, -999
19870824, 0600,  , TD, 23.8N,  54.5W,  25, 1011, -999, -999, -999, -999, -999, -999, -999, -999, -999, -999, -999, -999, -999
AL061987,            UNNAMED,     14,
19870830, 1200,  , TD, 14.0N,  32.0W,  25, -999, -999, -999, -999, -999, -999, -999, -999, -999, -999, -999, -999, -999, -999
19870830, 1800,  , TD, 14.2N,  33.2W,  25, -999, -999, -999, -999, -999, -999, -999, -999, -999, -999, -999, -999, -999, -999
19870831, 0000,  , TD, 14.5N,  34.6W,  30, -999, -999, -999, -999, -999, -999, -999, -999, -999, -999, -999, -999, -999, -999
19870831, 0600,  , TD, 14.8N,  35.8W,  30, -999, -999, -999, -999, -999, -999, -999, -999, -999, -999, -999, -999, -999, -999
19870831, 1200,  , TD, 15.0N,  37.0W,  30, -999, -999, -999, -999, -999, -999, -999, -999, -999, -999, -999, -999, -999, -999
19870831, 1800,  , TD, 15.2N,  38.2W,  30, -999, -999, -999, -999, -999, -999, -999, -999, -999, -999, -999, -999, -999, -999
19870901, 0000,  , TD, 15.5N,  39.8W,  30, -999, -999, -999, -999, -999, -999, -999, -999, -999, -999, -999, -999, -999, -999
19870901, 0600,  , TD, 15.9N,  40.9W,  30, -999, -999, -999, -999, -999, -999, -999, -999, -999, -999, -999, -999, -999, -999
19870901, 1200,  , TD, 16.0N,  42.0W,  30, -999, -999, -999, -999, -999, -999, -999, -999, -999, -999, -999, -999, -999, -999
19870901, 1800,  , TD, 16.2N,  43.2W,  30, -999, -999, -999, -999, -999, -999, -999, -999, -999, -999, -999, -999, -999, -999
19870902, 0000,  , TD, 16.7N,  44.4W,  30, -999, -999, -999, -999, -999, -999, -999, -999, -999, -999, -999, -999, -999, -999
19870902, 0600,  , TD, 16.9N,  45.8W,  25, -999, -999, -999, -999, -999, -999, -999, -999, -999, -999, -999, -999, -999, -999
19870902, 1200,  , TD, 17.0N,  47.0W,  25, -999, -999, -999, -999, -999, -999, -999, -999, -999, -999, -999, -999, -999, -999
19870902, 1800,  , TD, 17.2N,  48.2W,  20, -999, -999, -999, -999, -999, -999, -999, -999, -999, -999, -999, -999, -999, -999
AL071987,              CINDY,     22,
19870905, 1200,  , TD, 15.2N,  31.3W,  25, 1011, -999, -999, -999, -999, -999, -999, -999, -999, -999, -999, -999, -999, -999
19870905, 1800,  , TD, 16.0N,  32.2W,  30, 1009, -999, -999, -999, -999, -999, -999, -999, -999, -999, -999, -999, -999, -999
19870906, 0000,  , TD, 16.9N,  33.1W,  30, 1009, -999, -999, -999, -999, -999, -999, -999, -999, -999, -999, -999, -999, -999
19870906, 0600,  , TD, 18.0N,  34.2W,  30, 1009, -999, -999, -999, -999, -999, -999, -999, -999, -999, -999, -999, -999, -999
19870906, 1200,  , TD, 18.9N,  35.3W,  30, 1009, -999, -999, -999, -999, -999, -999, -999, -999, -999, -999, -999, -999, -999
19870906, 1800,  , TD, 20.0N,  36.6W,  30, 1009, -999, -999, -999, -999, -999, -999, -999, -999, -999, -999, -999, -999, -999
19870907, 0000,  , TD, 21.3N,  37.8W,  30, 1009, -999, -999, -999, -999, -999, -999, -999, -999, -999, -999, -999, -999, -999
19870907, 0600,  , TD, 22.9N,  38.6W,  30, 1008, -999, -999, -999, -999, -999, -999, -999, -999, -999, -999, -999, -999, -999
19870907, 1200,  , TS, 24.6N,  39.3W,  35, 1007, -999, -999, -999, -999, -999, -999, -999, -999, -999, -999, -999, -999, -999
19870907, 1800,  , TS, 26.4N,  39.3W,  40, 1003, -999, -999, -999, -999, -999, -999, -999, -999, -999, -999, -999, -999, -999
19870908, 0000,  , TS, 28.2N,  39.4W,  45, 1000, -999, -999, -999, -999, -999, -999, -999, -999, -999, -999, -999, -999, -999
19870908, 0600,  , TS, 30.0N,  39.5W,  45, 1000, -999, -999, -999, -999, -999, -999, -999, -999, -999, -999, -999, -999, -999
19870908, 1200,  , TS, 31.1N,  39.5W,  45, 1000, -999, -999, -999, -999, -999, -999, -999, -999, -999, -999, -999, -999, -999
19870908, 1800,  , TS, 32.2N,  39.4W,  40, 1003, -999, -999, -999, -999, -999, -999, -999, -999, -999, -999, -999, -999, -999
19870909, 0000,  , TS, 33.3N,  39.3W,  35, 1005, -999, -999, -999, -999, -999, -999, -999, -999, -999, -999, -999, -999, -999
19870909, 0600,  , TS, 34.4N,  39.0W,  35, 1005, -999, -999, -999, -999, -999, -999, -999, -999, -999, -999, -999, -999, -999
19870909, 1200,  , TS, 35.7N,  37.9W,  35, 1007, -999, -999, -999, -999, -999, -999, -999, -999, -999, -999, -999, -999, -999
19870909, 1800,  , TS, 37.0N,  36.5W,  35, 1007, -999, -999, -999, -999, -999, -999, -999, -999, -999, -999, -999, -999, -999
19870910, 0000,  , TS, 38.1N,  34.9W,  35, 1007, -999, -999, -999, -999, -999, -999, -999, -999, -999, -999, -999, -999, -999
19870910, 0600,  , TS, 39.7N,  32.6W,  35, 1007, -999, -999, -999, -999, -999, -999, -999, -999, -999, -999, -999, -999, -999
19870910, 1200,  , TS, 41.0N,  30.5W,  35, 1007, -999, -999, -999, -999, -999, -999, -999, -999, -999, -999, -999, -999, -999
19870910, 1800,  , EX, 42.5N,  28.0W,  35, 1005, -999, -999, -999, -999, -999, -999, -999, -999, -999, -999, -999, -999, -999
AL081987,            UNNAMED,     12,
19870906, 0000,  , TD, 12.8N,  63.3W,  25, -999, -999, -999, -999, -999, -999, -999, -999, -999, -999, -999, -999, -999, -999
19870906, 0600,  , TD, 12.9N,  65.0W,  30, -999, -999, -999, -999, -999, -999, -999, -999, -999, -999, -999, -999, -999, -999
19870906, 1200,  , TD, 13.0N,  67.0W,  30, -999, -999, -999, -999, -999, -999, -999, -999, -999, -999, -999, -999, -999, -999
19870906, 1800,  , TD, 13.1N,  69.0W,  30, -999, -999, -999, -999, -999, -999, -999, -999, -999, -999, -999, -999, -999, -999
19870907, 0000,  , TD, 13.2N,  70.8W,  30, -999, -999, -999, -999, -999, -999, -999, -999, -999, -999, -999, -999, -999, -999
19870907, 0600,  , TD, 13.3N,  72.5W,  30, -999, -999, -999, -999, -999, -999, -999, -999, -999, -999, -999, -999, -999, -999
19870907, 1200,  , TD, 13.4N,  74.2W,  30, -999, -999, -999, -999, -999, -999, -999, -999, -999, -999, -999, -999, -999, -999
19870907, 1800,  , TD, 13.6N,  76.3W,  30, -999, -999, -999, -999, -999, -999, -999, -999, -999, -999, -999, -999, -999, -999
19870908, 0000,  , TD, 13.8N,  78.2W,  30, -999, -999, -999, -999, -999, -999, -999, -999, -999, -999, -999, -999, -999, -999
19870908, 0600,  , TD, 13.9N,  80.1W,  30, -999, -999, -999, -999, -999, -999, -999, -999, -999, -999, -999, -999, -999, -999
19870908, 1200,  , TD, 14.0N,  82.0W,  30, -999, -999, -999, -999, -999, -999, -999, -999, -999, -999, -999, -999, -999, -999
19870908, 1800,  , TD, 14.0N,  83.9W, -99, -999, -999, -999, -999, -999, -999, -999, -999, -999, -999, -999, -999, -999, -999
AL091987,            UNNAMED,      7,
19870907, 0000,  , TD, 28.6N,  78.0W,  25, -999, -999, -999, -999, -999, -999, -999, -999, -999, -999, -999, -999, -999, -999
19870907, 0600,  , TD, 29.8N,  78.5W,  30, -999, -999, -999, -999, -999, -999, -999, -999, -999, -999, -999, -999, -999, -999
19870907, 1200,  , TD, 31.0N,  78.7W,  30, -999, -999, -999, -999, -999, -999, -999, -999, -999, -999, -999, -999, -999, -999
19870907, 1800,  , TD, 32.3N,  78.6W,  30, -999, -999, -999, -999, -999, -999, -999, -999, -999, -999, -999, -999, -999, -999
19870908, 0000,  , TD, 33.5N,  78.5W,  30, -999, -999, -999, -999, -999, -999, -999, -999, -999, -999, -999, -999, -999, -999
19870908, 0600,  , TD, 34.8N,  78.5W, -99, -999, -999, -999, -999, -999, -999, -999, -999, -999, -999, -999, -999, -999, -999
19870908, 1200,  , TD, 36.0N,  78.5W, -99, -999, -999, -999, -999, -999, -999, -999, -999, -999, -999, -999, -999, -999, -999
AL101987,             DENNIS,     49,
19870908, 1800,  , TD, 10.8N,  18.4W,  25, 1012, -999, -999, -999, -999, -999, -999, -999, -999, -999, -999, -999, -999, -999
19870909, 0000,  , TD, 10.9N,  19.5W,  25, 1011, -999, -999, -999, -999, -999, -999, -999, -999, -999, -999, -999, -999, -999
19870909, 0600,  , TD, 10.9N,  20.7W,  25, 1011, -999, -999, -999, -999, -999, -999, -999, -999, -999, -999, -999, -999, -999
19870909, 1200,  , TD, 10.9N,  21.9W,  25, 1011, -999, -999, -999, -999, -999, -999, -999, -999, -999, -999, -999, -999, -999
19870909, 1800,  , TD, 10.8N,  23.0W,  30, 1011, -999, -999, -999, -999, -999, -999, -999, -999, -999, -999, -999, -999, -999
19870910, 0000,  , TD, 10.7N,  23.6W,  30, 1011, -999, -999, -999, -999, -999, -999, -999, -999, -999, -999, -999, -999, -999
19870910, 0600,  , TD, 10.7N,  24.3W,  30, 1009, -999, -999, -999, -999, -999, -999, -999, -999, -999, -999, -999, -999, -999
19870910, 1200,  , TS, 10.8N,  25.0W,  35, 1008, -999, -999, -999, -999, -999, -999, -999, -999, -999, -999, -999, -999, -999
19870910, 1800,  , TS, 10.9N,  25.7W,  35, 1005, -999, -999, -999, -999, -999, -999, -999, -999, -999, -999, -999, -999, -999
19870911, 0000,  , TS, 11.3N,  26.3W,  40, 1003, -999, -999, -999, -999, -999, -999, -999, -999, -999, -999, -999, -999, -999
19870911, 0600,  , TS, 11.8N,  27.0W,  40, 1002, -999, -999, -999, -999, -999, -999, -999, -999, -999, -999, -999, -999, -999
19870911, 1200,  , TS, 12.3N,  27.7W,  45, 1001, -999, -999, -999, -999, -999, -999, -999, -999, -999, -999, -999, -999, -999
19870911, 1800,  , TS, 12.8N,  28.5W,  45, 1000, -999, -999, -999, -999, -999, -999, -999, -999, -999, -999, -999, -999, -999
19870912, 0000,  , TS, 13.2N,  29.5W,  45, 1000, -999, -999, -999, -999, -999, -999, -999, -999, -999, -999, -999, -999, -999
19870912, 0600,  , TS, 13.5N,  30.5W,  40, 1001, -999, -999, -999, -999, -999, -999, -999, -999, -999, -999, -999, -999, -999
19870912, 1200,  , TS, 13.8N,  31.5W,  40, 1002, -999, -999, -999, -999, -999, -999, -999, -999, -999, -999, -999, -999, -999
19870912, 1800,  , TS, 14.2N,  32.5W,  35, 1004, -999, -999, -999, -999, -999, -999, -999, -999, -999, -999, -999, -999, -999
19870913, 0000,  , TS, 14.6N,  33.2W,  35, 1005, -999, -999, -999, -999, -999, -999, -999, -999, -999, -999, -999, -999, -999
19870913, 0600,  , TS, 15.1N,  33.9W,  35, 1005, -999, -999, -999, -999, -999, -999, -999, -999, -999, -999, -999, -999, -999
19870913, 1200,  , TS, 15.5N,  34.6W,  35, 1005, -999, -999, -999, -999, -999, -999, -999, -999, -999, -999, -999, -999, -999
19870913, 1800,  , TS, 15.9N,  35.4W,  35, 1005, -999, -999, -999, -999, -999, -999, -999, -999, -999, -999, -999, -999, -999
19870914, 0000,  , TS, 16.3N,  36.7W,  35, 1005, -999, -999, -999, -999, -999, -999, -999, -999, -999, -999, -999, -999, -999
19870914, 0600,  , TS, 16.8N,  37.9W,  35, 1005, -999, -999, -999, -999, -999, -999, -999, -999, -999, -999, -999, -999, -999
19870914, 1200,  , TS, 17.2N,  39.2W,  35, 1005, -999, -999, -999, -999, -999, -999, -999, -999, -999, -999, -999, -999, -999
19870914, 1800,  , TS, 17.7N,  40.5W,  35, 1005, -999, -999, -999, -999, -999, -999, -999, -999, -999, -999, -999, -999, -999
19870915, 0000,  , TS, 17.8N,  41.5W,  35, 1005, -999, -999, -999, -999, -999, -999, -999, -999, -999, -999, -999, -999, -999
19870915, 0600,  , TS, 17.8N,  42.4W,  35, 1005, -999, -999, -999, -999, -999, -999, -999, -999, -999, -999, -999, -999, -999
19870915, 1200,  , TS, 17.7N,  43.4W,  35, 1005, -999, -999, -999, -999, -999, -999, -999, -999, -999, -999, -999, -999, -999
19870915, 1800,  , TS, 17.6N,  44.4W,  35, 1005, -999, -999, -999, -999, -999, -999, -999, -999, -999, -999, -999, -999, -999
19870916, 0000,  , TS, 17.5N,  45.1W,  35, 1005, -999, -999, -999, -999, -999, -999, -999, -999, -999, -999, -999, -999, -999
19870916, 0600,  , TS, 17.5N,  45.7W,  35, 1005, -999, -999, -999, -999, -999, -999, -999, -999, -999, -999, -999, -999, -999
19870916, 1200,  , TS, 17.6N,  46.3W,  35, 1005, -999, -999, -999, -999, -999, -999, -999, -999, -999, -999, -999, -999, -999
19870916, 1800,  , TS, 17.6N,  46.9W,  35, 1005, -999, -999, -999, -999, -999, -999, -999, -999, -999, -999, -999, -999, -999
19870917, 0000,  , TS, 17.7N,  47.7W,  35, 1005, -999, -999, -999, -999, -999, -999, -999, -999, -999, -999, -999, -999, -999
19870917, 0600,  , TS, 17.8N,  48.4W,  35, 1005, -999, -999, -999, -999, -999, -999, -999, -999, -999, -999, -999, -999, -999
19870917, 1200,  , TS, 17.8N,  49.1W,  35, 1006, -999, -999, -999, -999, -999, -999, -999, -999, -999, -999, -999, -999, -999
19870917, 1800,  , TS, 17.9N,  49.9W,  35, 1006, -999, -999, -999, -999, -999, -999, -999, -999, -999, -999, -999, -999, -999
19870918, 0000,  , TD, 18.1N,  51.1W,  30, 1007, -999, -999, -999, -999, -999, -999, -999, -999, -999, -999, -999, -999, -999
19870918, 0600,  , TD, 18.5N,  52.1W,  30, 1009, -999, -999, -999, -999, -999, -999, -999, -999, -999, -999, -999, -999, -999
19870918, 1200,  , TD, 20.8N,  53.0W,  30, 1010, -999, -999, -999, -999, -999, -999, -999, -999, -999, -999, -999, -999, -999
19870918, 1800,  , TD, 23.2N,  53.8W,  30, 1011, -999, -999, -999, -999, -999, -999, -999, -999, -999, -999, -999, -999, -999
19870919, 0000,  , TD, 24.5N,  54.8W,  30, 1012, -999, -999, -999, -999, -999, -999, -999, -999, -999, -999, -999, -999, -999
19870919, 0600,  , TD, 25.7N,  55.7W,  30, 1012, -999, -999, -999, -999, -999, -999, -999, -999, -999, -999, -999, -999, -999
19870919, 1200,  , TD, 27.0N,  56.8W,  25, 1012, -999, -999, -999, -999, -999, -999, -999, -999, -999, -999, -999, -999, -999
19870919, 1800,  , TD, 28.5N,  57.4W,  25, 1012, -999, -999, -999, -999, -999, -999, -999, -999, -999, -999, -999, -999, -999
19870920, 0000,  , TD, 30.2N,  56.0W,  25, 1012, -999, -999, -999, -999, -999, -999, -999, -999, -999, -999, -999, -999, -999
19870920, 0600,  , TD, 31.3N,  54.0W,  25, 1012, -999, -999, -999, -999, -999, -999, -999, -999, -999, -999, -999, -999, -999
19870920, 1200,  , TD, 32.1N,  51.7W,  25, 1012, -999, -999, -999, -999, -999, -999, -999, -999, -999, -999, -999, -999, -999
19870920, 1800,  , EX, 32.8N,  49.5W,  25, 1012, -999, -999, -999, -999, -999, -999, -999, -999, -999, -999, -999, -999, -999
AL111987,            UNNAMED,     17,
19870913, 1200,  , TD, 14.0N,  54.0W,  25, -999, -999, -999, -999, -999, -999, -999, -999, -999, -999, -999, -999, -999, -999
19870913, 1800,  , TD, 14.7N,  54.8W,  25, -999, -999, -999, -999, -999, -999, -999, -999, -999, -999, -999, -999, -999, -999
19870914, 0000,  , TD, 15.0N,  55.5W,  30, -999, -999, -999, -999, -999, -999, -999, -999, -999, -999, -999, -999, -999, -999
19870914, 0600,  , TD, 15.5N,  56.1W,  30, -999, -999, -999, -999, -999, -999, -999, -999, -999, -999, -999, -999, -999, -999
19870914, 1200,  , TD, 16.0N,  57.0W,  30, -999, -999, -999, -999, -999, -999, -999, -999, -999, -999, -999, -999, -999, -999
19870914, 1800,  , TD, 16.5N,  57.8W,  30, -999, -999, -999, -999, -999, -999, -999, -999, -999, -999, -999, -999, -999, -999
19870915, 0000,  , TD, 17.0N,  58.5W,  30, -999, -999, -999, -999, -999, -999, -999, -999, -999, -999, -999, -999, -999, -999
19870915, 0600,  , TD, 17.5N,  59.2W,  30, -999, -999, -999, -999, -999, -999, -999, -999, -999, -999, -999, -999, -999, -999
19870915, 1200,  , TD, 18.0N,  60.0W,  30, -999, -999, -999, -999, -999, -999, -999, -999, -999, -999, -999, -999, -999, -999
19870915, 1800,  , TD, 18.5N,  60.8W,  25, -999, -999, -999, -999, -999, -999, -999, -999, -999, -999, -999, -999, -999, -999
19870916, 0000,  , TD, 19.0N,  61.8W,  25, -999, -999, -999, -999, -999, -999, -999, -999, -999, -999, -999, -999, -999, -999
19870916, 0600,  , TD, 19.5N,  62.7W,  25, -999, -999, -999, -999, -999, -999, -999, -999, -999, -999, -999, -999, -999, -999
19870916, 1200,  , TD, 20.0N,  63.5W,  25, -999, -999, -999, -999, -999, -999, -999, -999, -999, -999, -999, -999, -999, -999
19870916, 1800,  , TD, 20.5N,  63.9W,  20, -999, -999, -999, -999, -999, -999, -999, -999, -999, -999, -999, -999, -999, -999
19870917, 0000,  , TD, 21.0N,  64.0W,  20, -999, -999, -999, -999, -999, -999, -999, -999, -999, -999, -999, -999, -999, -999
19870917, 0600,  , TD, 21.5N,  64.0W,  20, -999, -999, -999, -999, -999, -999, -999, -999, -999, -999, -999, -999, -999, -999
19870917, 1200,  , TD, 22.0N,  64.0W,  15, -999, -999, -999, -999, -999, -999, -999, -999, -999, -999, -999, -999, -999, -999
AL121987,              EMILY,     30,
19870920, 0000,  , TD,  9.8N,  51.3W,  25, 1008, -999, -999, -999, -999, -999, -999, -999, -999, -999, -999, -999, -999, -999
19870920, 0600,  , TD, 10.4N,  53.0W,  25, 1007, -999, -999, -999, -999, -999, -999, -999, -999, -999, -999, -999, -999, -999
19870920, 1200,  , TD, 10.9N,  54.7W,  30, 1006, -999, -999, -999, -999, -999, -999, -999, -999, -999, -999, -999, -999, -999
19870920, 1800,  , TS, 11.4N,  56.4W,  35, 1005, -999, -999, -999, -999, -999, -999, -999, -999, -999, -999, -999, -999, -999
19870921, 0000,  , TS, 12.0N,  58.0W,  40, 1004, -999, -999, -999, -999, -999, -999, -999, -999, -999, -999, -999, -999, -999
19870921, 0600,  , TS, 12.4N,  59.7W,  40, 1004, -999, -999, -999, -999, -999, -999, -999, -999, -999, -999, -999, -999, -999
19870921, 1200,  , TS, 13.1N,  61.3W,  45, 1004, -999, -999, -999, -999, -999, -999, -999, -999, -999, -999, -999, -999, -999
19870921, 1800,  , TS, 13.7N,  63.1W,  50, 1002, -999, -999, -999, -999, -999, -999, -999, -999, -999, -999, -999, -999, -999
19870922, 0000,  , TS, 14.5N,  64.7W,  60,  992, -999, -999, -999, -999, -999, -999, -999, -999, -999, -999, -999, -999, -999
19870922, 0600,  , HU, 15.1N,  66.3W,  80,  978, -999, -999, -999, -999, -999, -999, -999, -999, -999, -999, -999, -999, -999
19870922, 1200,  , HU, 15.9N,  67.7W,  90,  971, -999, -999, -999, -999, -999, -999, -999, -999, -999, -999, -999, -999, -999
19870922, 1800,  , HU, 16.7N,  69.1W, 110,  958, -999, -999, -999, -999, -999, -999, -999, -999, -999, -999, -999, -999, -999
19870923, 0000,  , HU, 17.8N,  70.4W, 105,  960, -999, -999, -999, -999, -999, -999, -999, -999, -999, -999, -999, -999, -999
19870923, 0300, L, HU, 18.3N,  71.0W,  95,  965, -999, -999, -999, -999, -999, -999, -999, -999, -999, -999, -999, -999, -999
19870923, 0600,  , HU, 19.0N,  71.5W,  70,  984, -999, -999, -999, -999, -999, -999, -999, -999, -999, -999, -999, -999, -999
19870923, 1200,  , TS, 20.0N,  72.3W,  55, 1004, -999, -999, -999, -999, -999, -999, -999, -999, -999, -999, -999, -999, -999
19870923, 1800,  , TS, 20.9N,  72.8W,  40, 1003, -999, -999, -999, -999, -999, -999, -999, -999, -999, -999, -999, -999, -999
19870924, 0000,  , TS, 22.0N,  73.0W,  40, 1000, -999, -999, -999, -999, -999, -999, -999, -999, -999, -999, -999, -999, -999
19870924, 0600,  , TS, 23.2N,  73.0W,  45, 1001, -999, -999, -999, -999, -999, -999, -999, -999, -999, -999, -999, -999, -999
19870924, 1200,  , TS, 24.4N,  72.7W,  45, 1002, -999, -999, -999, -999, -999, -999, -999, -999, -999, -999, -999, -999, -999
19870924, 1800,  , TS, 26.0N,  72.0W,  45, 1002, -999, -999, -999, -999, -999, -999, -999, -999, -999, -999, -999, -999, -999
19870925, 0000,  , TS, 28.0N,  70.5W,  45,  999, -999, -999, -999, -999, -999, -999, -999, -999, -999, -999, -999, -999, -999
19870925, 0600,  , HU, 30.2N,  68.0W,  70,  985, -999, -999, -999, -999, -999, -999, -999, -999, -999, -999, -999, -999, -999
19870925, 1145, L, HU, 32.3N,  64.7W,  75,  974, -999, -999, -999, -999, -999, -999, -999, -999, -999, -999, -999, -999, -999
19870925, 1200,  , HU, 32.4N,  64.6W,  80,  974, -999, -999, -999, -999, -999, -999, -999, -999, -999, -999, -999, -999, -999
19870925, 1800,  , HU, 35.0N,  60.0W,  80,  974, -999, -999, -999, -999, -999, -999, -999, -999, -999, -999, -999, -999, -999
19870926, 0000,  , HU, 38.0N,  55.0W,  75,  976, -999, -999, -999, -999, -999, -999, -999, -999, -999, -999, -999, -999, -999
19870926, 0600,  , HU, 41.2N,  49.0W,  70,  979, -999, -999, -999, -999, -999, -999, -999, -999, -999, -999, -999, -999, -999
19870926, 1200,  , HU, 44.8N,  42.5W,  65,  983, -999, -999, -999, -999, -999, -999, -999, -999, -999, -999, -999, -999, -999
19870926, 1800,  , EX, 49.0N,  36.0W,  55,  994, -999, -999, -999, -999, -999, -999, -999, -999, -999, -999, -999, -999, -999
AL131987,              FLOYD,     21,
19871009, 0600,  , TD, 15.0N,  82.6W,  25, 1004, -999, -999, -999, -999, -999, -999, -999, -999, -999, -999, -999, -999, -999
19871009, 1200,  , TD, 14.5N,  82.5W,  25, 1003, -999, -999, -999, -999, -999, -999, -999, -999, -999, -999, -999, -999, -999
19871009, 1800,  , TD, 14.1N,  82.1W,  25, 1001, -999, -999, -999, -999, -999, -999, -999, -999, -999, -999, -999, -999, -999
19871010, 0000,  , TD, 14.4N,  81.8W,  25,  999, -999, -999, -999, -999, -999, -999, -999, -999, -999, -999, -999, -999, -999
19871010, 0600,  , TD, 15.3N,  82.2W,  30,  999, -999, -999, -999, -999, -999, -999, -999, -999, -999, -999, -999, -999, -999
19871010, 1200,  , TS, 16.0N,  82.2W,  35,  999, -999, -999, -999, -999, -999, -999, -999, -999, -999, -999, -999, -999, -999
19871010, 1800,  , TS, 16.8N,  83.5W,  35,  999, -999, -999, -999, -999, -999, -999, -999, -999, -999, -999, -999, -999, -999
19871011, 0000,  , TS, 17.6N,  83.9W,  40,  999, -999, -999, -999, -999, -999, -999, -999, -999, -999, -999, -999, -999, -999
19871011, 0600,  , TS, 18.4N,  84.2W,  40,  998, -999, -999, -999, -999, -999, -999, -999, -999, -999, -999, -999, -999, -999
19871011, 1200,  , TS, 19.4N,  84.5W,  45,  997, -999, -999, -999, -999, -999, -999, -999, -999, -999, -999, -999, -999, -999
19871011, 1800,  , TS, 20.5N,  84.5W,  50,  996, -999, -999, -999, -999, -999, -999, -999, -999, -999, -999, -999, -999, -999
19871012, 0000,  , TS, 21.7N,  84.3W,  55,  995, -999, -999, -999, -999, -999, -999, -999, -999, -999, -999, -999, -999, -999
19871012, 0600,  , TS, 23.0N,  84.0W,  60,  994, -999, -999, -999, -999, -999, -999, -999, -999, -999, -999, -999, -999, -999
19871012, 1200,  , HU, 24.0N,  82.9W,  65,  993, -999, -999, -999, -999, -999, -999, -999, -999, -999, -999, -999, -999, -999
19871012, 1800,  , HU, 24.7N,  81.5W,  65,  993, -999, -999, -999, -999, -999, -999, -999, -999, -999, -999, -999, -999, -999
19871012, 2100, L, HU, 25.1N,  80.5W,  65,  993, -999, -999, -999, -999, -999, -999, -999, -999, -999, -999, -999, -999,   10
19871013, 0000,  , TS, 25.3N,  79.9W,  60,  993, -999, -999, -999, -999, -999, -999, -999, -999, -999, -999, -999, -999, -999
19871013, 0600,  , TS, 26.0N,  78.3W,  50,  994, -999, -999, -999, -999, -999, -999, -999, -999, -999, -999, -999, -999, -999
19871013, 1200,  , TS, 27.0N,  76.9W,  45,  996, -999, -999, -999, -999, -999, -999, -999, -999, -999, -999, -999, -999, -999
19871013, 1800,  , EX, 28.1N,  75.4W,  40,  997, -999, -999, -999, -999, -999, -999, -999, -999, -999, -999, -999, -999, -999
19871014, 0000,  , EX, 29.5N,  74.0W,  40,  998, -999, -999, -999, -999, -999, -999, -999, -999, -999, -999, -999, -999, -999
AL141987,            UNNAMED,     17,
19871031, 1800,  , TD, 16.5N,  77.5W,  30, -999, -999, -999, -999, -999, -999, -999, -999, -999, -999, -999, -999, -999, -999
19871101, 0000,  , TD, 17.5N,  78.5W,  30, -999, -999, -999, -999, -999, -999, -999, -999, -999, -999, -999, -999, -999, -999
19871101, 0600,  , TD, 18.4N,  79.3W,  30, -999, -999, -999, -999, -999, -999, -999, -999, -999, -999, -999, -999, -999, -999
19871101, 1200,  , TD, 19.5N,  79.9W,  30, -999, -999, -999, -999, -999, -999, -999, -999, -999, -999, -999, -999, -999, -999
19871101, 1800,  , TD, 20.1N,  80.3W,  30, -999, -999, -999, -999, -999, -999, -999, -999, -999, -999, -999, -999, -999, -999
19871102, 0000,  , TD, 20.3N,  80.5W,  25, -999, -999, -999, -999, -999, -999, -999, -999, -999, -999, -999, -999, -999, -999
19871102, 0600,  , TD, 20.7N,  80.8W,  25, -999, -999, -999, -999, -999, -999, -999, -999, -999, -999, -999, -999, -999, -999
19871102, 1200,  , TD, 21.1N,  81.1W,  25, -999, -999, -999, -999, -999, -999, -999, -999, -999, -999, -999, -999, -999, -999
19871102, 1800,  , TD, 21.4N,  81.4W,  25, -999, -999, -999, -999, -999, -999, -999, -999, -999, -999, -999, -999, -999, -999
19871103, 0000,  , TD, 22.3N,  81.8W,  25, -999, -999, -999, -999, -999, -999, -999, -999, -999, -999, -999, -999, -999, -999
19871103, 0600,  , TD, 23.2N,  82.2W,  25, -999, -999, -999, -999, -999, -999, -999, -999, -999, -999, -999, -999, -999, -999
19871103, 1200,  , TD, 24.0N,  82.9W,  25, -999, -999, -999, -999, -999, -999, -999, -999, -999, -999, -999, -999, -999, -999
19871103, 1800,  , TD, 24.9N,  83.6W,  25, -999, -999, -999, -999, -999, -999, -999, -999, -999, -999, -999, -999, -999, -999
19871104, 0000,  , TD, 25.7N,  83.9W,  25, -999, -999, -999, -999, -999, -999, -999, -999, -999, -999, -999, -999, -999, -999
19871104, 0600,  , TD, 26.7N,  83.5W,  25, -999, -999, -999, -999, -999, -999, -999, -999, -999, -999, -999, -999, -999, -999
19871104, 1200,  , TD, 27.5N,  83.0W,  20, -999, -999, -999, -999, -999, -999, -999, -999, -999, -999, -999, -999, -999, -999
19871104, 1800,  , TD, 28.5N,  82.0W,  20, -999, -999, -999, -999, -999, -999, -999, -999, -999, -999, -999, -999, -999, -999
