AL011872,            UNNAMED,     22,
18720709, 0000,  , TS, 23.5N,  92.0W,  40, -999, -999, -999, -999, -999, -999, -999, -999, -999, -999, -999, -999, -999, -999
18720709, 0600,  , TS, 24.1N,  91.8W,  40, -999, -999, -999, -999, -999, -999, -999, -999, -999, -999, -999, -999, -999, -999
18720709, 1200,  , TS, 24.6N,  91.6W,  40, -999, -999, -999, -999, -999, -999, -999, -999, -999, -999, -999, -999, -999, -999
18720709, 1800,  , TS, 25.1N,  91.2W,  40, -999, -999, -999, -999, -999, -999, -999, -999, -999, -999, -999, -999, -999, -999
18720710, 0000,  , TS, 25.7N,  90.8W,  50, -999, -999, -999, -999, -999, -999, -999, -999, -999, -999, -999, -999, -999, -999
18720710, 0600,  , TS, 26.3N,  90.4W,  50, -999, -999, -999, -999, -999, -999, -999, -999, -999, -999, -999, -999, -999, -999
18720710, 1200,  , TS, 27.0N,  90.0W,  50, -999, -999, -999, -999, -999, -999, -999, -999, -999, -999, -999, -999, -999, -999
18720710, 1800,  , TS, 27.7N,  89.6W,  50, -999, -999, -999, -999, -999, -999, -999, -999, -999, -999, -999, -999, -999, -999
18720711, 0000,  , TS, 28.4N,  89.3W,  50, -999, -999, -999, -999, -999, -999, -999, -999, -999, -999, -999, -999, -999, -999
18720711, 0500, L, TS, 29.1N,  89.1W,  50, -999, -999, -999, -999, -999, -999, -999, -999, -999, -999, -999, -999, -999, -999
18720711, 0600,  , TS, 29.2N,  89.1W,  50, -999, -999, -999, -999, -999, -999, -999, -999, -999, -999, -999, -999, -999, -999
18720711, 0800, L, TS, 30.2N,  89.0W,  50, -999, -999, -999, -999, -999, -999, -999, -999, -999, -999, -999, -999, -999, -999
18720711, 1200,  , TS, 30.0N,  89.0W,  50, -999, -999, -999, -999, -999, -999, -999, -999, -999, -999, -999, -999, -999, -999
18720711, 1800,  , TS, 30.5N,  89.0W,  50, -999, -999, -999, -999, -999, -999, -999, -999, -999, -999, -999, -999, -999, -999
18720712, 0000,  , TS, 30.9N,  89.0W,  40, -999, -999, -999, -999, -999, -999, -999, -999, -999, -999, -999, -999, -999, -999
18720712, 0600,  , TS, 31.3N,  89.1W,  40, -999, -999, -999, -999, -999, -999, -999, -999, -999, -999, -999, -999, -999, -999
18720712, 1200,  , TS, 31.6N,  89.3W,  40, -999, -999, -999, -999, -999, -999, -999, -999, -999, -999, -999, -999, -999, -999
18720712, 1800,  , TS, 32.0N,  89.5W,  40, -999, -999, -999, -999, -999, -999, -999, -999, -999, -999, -999, -999, -999, -999
18720713, 0000,  , TD, 32.5N,  89.5W,  30, -999, -999, -999, -999, -999, -999, -999, -999, -999, -999, -999, -999, -999, -999
18720713, 0600,  , TD, 33.0N,  89.4W,  30, -999, -999, -999, -999, -999, -999, -999, -999, -999, -999, -999, -999, -999, -999
18720713, 1200,  , TD, 33.5N,  89.0W,  30, -999, -999, -999, -999, -999, -999, -999, -999, -999, -999, -999, -999, -999, -999
18720713, 1800,  , TD, 34.2N,  88.5W,  30, -999, -999, -999, -999, -999, -999, -999, -999, -999, -999, -999, -999, -999, -999
AL021872,            UNNAMED,     56,
18720820, 0000,  , TS, 14.3N,  29.7W,  40, -999, -999, -999, -999, -999, -999, -999, -999, -999, -999, -999, -999, -999, -999
18720820, 0600,  , TS, 14.4N,  30.4W,  40, -999, -999, -999, -999, -999, -999, -999, -999, -999, -999, -999, -999, -999, -999
18720820, 1200,  , TS, 14.5N,  31.0W,  40, -999, -999, -999, -999, -999, -999, -999, -999, -999, -999, -999, -999, -999, -999
18720820, 1800,  , TS, 14.7N,  32.0W,  40, -999, -999, -999, -999, -999, -999, -999, -999, -999, -999, -999, -999, -999, -999
18720821, 0000,  , TS, 15.0N,  33.4W,  40, -999, -999, -999, -999, -999, -999, -999, -999, -999, -999, -999, -999, -999, -999
18720821, 0600,  , TS, 15.3N,  34.8W,  40, -999, -999, -999, -999, -999, -999, -999, -999, -999, -999, -999, -999, -999, -999
18720821, 1200,  , TS, 15.4N,  35.8W,  40, -999, -999, -999, -999, -999, -999, -999, -999, -999, -999, -999, -999, -999, -999
18720821, 1800,  , TS, 15.6N,  36.8W,  40, -999, -999, -999, -999, -999, -999, -999, -999, -999, -999, -999, -999, -999, -999
18720822, 0000,  , TS, 15.9N,  37.8W,  50, -999, -999, -999, -999, -999, -999, -999, -999, -999, -999, -999, -999, -999, -999
18720822, 0600,  , TS, 16.1N,  38.9W,  50, -999, -999, -999, -999, -999, -999, -999, -999, -999, -999, -999, -999, -999, -999
18720822, 1200,  , TS, 16.2N,  40.2W,  50, -999, -999, -999, -999, -999, -999, -999, -999, -999, -999, -999, -999, -999, -999
18720822, 1800,  , TS, 16.5N,  41.4W,  50, -999, -999, -999, -999, -999, -999, -999, -999, -999, -999, -999, -999, -999, -999
18720823, 0000,  , TS, 16.7N,  42.2W,  60, -999, -999, -999, -999, -999, -999, -999, -999, -999, -999, -999, -999, -999, -999
18720823, 0600,  , TS, 17.0N,  43.5W,  60, -999, -999, -999, -999, -999, -999, -999, -999, -999, -999, -999, -999, -999, -999
18720823, 1200,  , TS, 17.2N,  44.7W,  60, -999, -999, -999, -999, -999, -999, -999, -999, -999, -999, -999, -999, -999, -999
18720823, 1800,  , TS, 17.7N,  45.5W,  60, -999, -999, -999, -999, -999, -999, -999, -999, -999, -999, -999, -999, -999, -999
18720824, 0000,  , HU, 18.1N,  46.7W,  70, -999, -999, -999, -999, -999, -999, -999, -999, -999, -999, -999, -999, -999, -999
18720824, 0600,  , HU, 18.5N,  47.7W,  70, -999, -999, -999, -999, -999, -999, -999, -999, -999, -999, -999, -999, -999, -999
18720824, 1200,  , HU, 19.0N,  48.9W,  70, -999, -999, -999, -999, -999, -999, -999, -999, -999, -999, -999, -999, -999, -999
18720824, 1800,  , HU, 19.4N,  49.8W,  70, -999, -999, -999, -999, -999, -999, -999, -999, -999, -999, -999, -999, -999, -999
18720825, 0000,  , HU, 19.7N,  50.5W,  70, -999, -999, -999, -999, -999, -999, -999, -999, -999, -999, -999, -999, -999, -999
18720825, 0600,  , HU, 20.0N,  51.4W,  70, -999, -999, -999, -999, -999, -999, -999, -999, -999, -999, -999, -999, -999, -999
18720825, 1200,  , HU, 20.5N,  52.5W,  70, -999, -999, -999, -999, -999, -999, -999, -999, -999, -999, -999, -999, -999, -999
18720825, 1800,  , HU, 20.9N,  53.3W,  70, -999, -999, -999, -999, -999, -999, -999, -999, -999, -999, -999, -999, -999, -999
18720826, 0000,  , HU, 21.2N,  54.2W,  70, -999, -999, -999, -999, -999, -999, -999, -999, -999, -999, -999, -999, -999, -999
18720826, 0600,  , HU, 21.6N,  54.9W,  70, -999, -999, -999, -999, -999, -999, -999, -999, -999, -999, -999, -999, -999, -999
18720826, 1200,  , HU, 22.0N,  55.7W,  70, -999, -999, -999, -999, -999, -999, -999, -999, -999, -999, -999, -999, -999, -999
18720826, 1800,  , HU, 22.2N,  56.2W,  70, -999, -999, -999, -999, -999, -999, -999, -999, -999, -999, -999, -999, -999, -999
18720827, 0000,  , HU, 22.7N,  56.9W,  70, -999, -999, -999, -999, -999, -999, -999, -999, -999, -999, -999, -999, -999, -999
18720827, 0600,  , HU, 23.1N,  57.6W,  70, -999, -999, -999, -999, -999, -999, -999, -999, -999, -999, -999, -999, -999, -999
18720827, 1200,  , HU, 23.7N,  58.4W,  70, -999, -999, -999, -999, -999, -999, -999, -999, -999, -999, -999, -999, -999, -999
18720827, 1800,  , HU, 24.0N,  58.9W,  70, -999, -999, -999, -999, -999, -999, -999, -999, -999, -999, -999, -999, -999, -999
18720828, 0000,  , HU, 24.5N,  59.4W,  80, -999, -999, -999, -999, -999, -999, -999, -999, -999, -999, -999, -999, -999, -999
18720828, 0600,  , HU, 25.0N,  60.0W,  80, -999, -999, -999, -999, -999, -999, -999, -999, -999, -999, -999, -999, -999, -999
18720828, 1200,  , HU, 25.8N,  60.8W,  80, -999, -999, -999, -999, -999, -999, -999, -999, -999, -999, -999, -999, -999, -999
18720828, 1800,  , HU, 26.8N,  61.4W,  80, -999, -999, -999, -999, -999, -999, -999, -999, -999, -999, -999, -999, -999, -999
18720829, 0000,  , HU, 27.9N,  61.8W,  90, -999, -999, -999, -999, -999, -999, -999, -999, -999, -999, -999, -999, -999, -999
18720829, 0600,  , HU, 28.9N,  62.0W,  90, -999, -999, -999, -999, -999, -999, -999, -999, -999, -999, -999, -999, -999, -999
18720829, 1200,  , HU, 30.0N,  62.2W,  90, -999, -999, -999, -999, -999, -999, -999, -999, -999, -999, -999, -999, -999, -999
18720829, 1800,  , HU, 30.9N,  62.2W,  90, -999, -999, -999, -999, -999, -999, -999, -999, -999, -999, -999, -999, -999, -999
18720830, 0000,  , HU, 31.9N,  62.3W,  90, -999, -999, -999, -999, -999, -999, -999, -999, -999, -999, -999, -999, -999, -999
18720830, 0600,  , HU, 33.0N,  62.2W,  90, -999, -999, -999, -999, -999, -999, -999, -999, -999, -999, -999, -999, -999, -999
18720830, 1200,  , HU, 34.5N,  62.0W,  90, -999, -999, -999, -999, -999, -999, -999, -999, -999, -999, -999, -999, -999, -999
18720830, 1800,  , HU, 35.7N,  61.9W,  90, -999, -999, -999, -999, -999, -999, -999, -999, -999, -999, -999, -999, -999, -999
18720831, 0000,  , HU, 37.0N,  61.7W,  90, -999, -999, -999, -999, -999, -999, -999, -999, -999, -999, -999, -999, -999, -999
18720831, 0600,  , HU, 38.3N,  61.2W,  90, -999, -999, -999, -999, -999, -999, -999, -999, -999, -999, -999, -999, -999, -999
18720831, 1200,  , HU, 39.5N,  60.5W,  80, -999, -999, -999, -999, -999, -999, -999, -999, -999, -999, -999, -999, -999, -999
18720831, 1800,  , HU, 40.5N,  59.4W,  80, -999, -999, -999, -999, -999, -999, -999, -999, -999, -999, -999, -999, -999, -999
18720901, 0000,  , HU, 41.9N,  57.7W,  80, -999, -999, -999, -999, -999, -999, -999, -999, -999, -999, -999, -999, -999, -999
18720901, 0600,  , HU, 43.0N,  56.5W,  80, -999, -999, -999, -999, -999, -999, -999, -999, -999, -999, -999, -999, -999, -999
18720901, 1200,  , HU, 44.2N,  55.9W,  70, -999, -999, -999, -999, -999, -999, -999, -999, -999, -999, -999, -999, -999, -999
18720901, 1800,  , HU, 44.9N,  56.2W,  70, -999, -999, -999, -999, -999, -999, -999, -999, -999, -999, -999, -999, -999, -999
18720902, 0000,  , EX, 45.4N,  56.8W,  70, -999, -999, -999, -999, -999, -999, -999, -999, -999, -999, -999, -999, -999, -999
18720902, 0600,  , EX, 45.7N,  57.6W,  70, -999, -999, -999, -999, -999, -999, -999, -999, -999, -999, -999, -999, -999, -999
18720902, 1200,  , EX, 46.5N,  58.5W,  60, -999, -999, -999, -999, -999, -999, -999, -999, -999, -999, -999, -999, -999, -999
18720902, 1800,  , EX, 47.5N,  59.6W,  50, -999, -999, -999, -999, -999, -999, -999, -999, -999, -999, -999, -999, -999, -999
AL031872,            UNNAMED,     48,
18720909, 0000,  , TS, 12.5N,  59.4W,  40, -999, -999, -999, -999, -999, -999, -999, -999, -999, -999, -999, -999, -999, -999
18720909, 0600,  , TS, 12.8N,  59.7W,  40, -999, -999, -999, -999, -999, -999, -999, -999, -999, -999, -999, -999, -999, -999
18720909, 1200,  , TS, 13.3N,  60.0W,  40, -999, -999, -999, -999, -999, -999, -999, -999, -999, -999, -999, -999, -999, -999
18720909, 1800,  , TS, 13.9N,  60.3W,  40, -999, -999, -999, -999, -999, -999, -999, -999, -999, -999, -999, -999, -999, -999
18720910, 0000,  , TS, 14.4N,  60.6W,  50, -999, -999, -999, -999, -999, -999, -999, -999, -999, -999, -999, -999, -999, -999
18720910, 0600,  , TS, 15.2N,  61.0W,  50, -999, -999, -999, -999, -999, -999, -999, -999, -999, -999, -999, -999, -999, -999
18720910, 1200,  , TS, 16.0N,  61.5W,  50, -999, -999, -999, -999, -999, -999, -999, -999, -999, -999, -999, -999, -999, -999
18720910, 1800,  , TS, 16.9N,  62.1W,  50, -999, -999, -999, -999, -999, -999, -999, -999, -999, -999, -999, -999, -999, -999
18720911, 0000,  , TS, 17.7N,  62.7W,  60, -999, -999, -999, -999, -999, -999, -999, -999, -999, -999, -999, -999, -999, -999
18720911, 0600,  , TS, 18.7N,  63.1W,  60, -999, -999, -999, -999, -999, -999, -999, -999, -999, -999, -999, -999, -999, -999
18720911, 1200,  , TS, 19.7N,  63.5W,  60, -999, -999, -999, -999, -999, -999, -999, -999, -999, -999, -999, -999, -999, -999
18720911, 1800,  , TS, 20.9N,  63.7W,  60, -999, -999, -999, -999, -999, -999, -999, -999, -999, -999, -999, -999, -999, -999
18720912, 0000,  , HU, 21.6N,  63.8W,  70, -999, -999, -999, -999, -999, -999, -999, -999, -999, -999, -999, -999, -999, -999
18720912, 0600,  , HU, 22.5N,  63.8W,  70, -999, -999, -999, -999, -999, -999, -999, -999, -999, -999, -999, -999, -999, -999
18720912, 1200,  , HU, 23.2N,  63.7W,  70, -999, -999, -999, -999, -999, -999, -999, -999, -999, -999, -999, -999, -999, -999
18720912, 1800,  , HU, 24.0N,  63.6W,  70, -999, -999, -999, -999, -999, -999, -999, -999, -999, -999, -999, -999, -999, -999
18720913, 0000,  , HU, 24.7N,  63.5W,  70, -999, -999, -999, -999, -999, -999, -999, -999, -999, -999, -999, -999, -999, -999
18720913, 0600,  , HU, 25.4N,  63.3W,  70, -999, -999, -999, -999, -999, -999, -999, -999, -999, -999, -999, -999, -999, -999
18720913, 1200,  , HU, 26.1N,  63.2W,  70, -999, -999, -999, -999, -999, -999, -999, -999, -999, -999, -999, -999, -999, -999
18720913, 1800,  , HU, 26.8N,  63.1W,  70, -999, -999, -999, -999, -999, -999, -999, -999, -999, -999, -999, -999, -999, -999
18720914, 0000,  , HU, 27.4N,  63.0W,  70, -999, -999, -999, -999, -999, -999, -999, -999, -999, -999, -999, -999, -999, -999
18720914, 0600,  , HU, 28.1N,  62.8W,  70, -999, -999, -999, -999, -999, -999, -999, -999, -999, -999, -999, -999, -999, -999
18720914, 1200,  , HU, 28.7N,  62.7W,  70, -999, -999, -999, -999, -999, -999, -999, -999, -999, -999, -999, -999, -999, -999
18720914, 1800,  , HU, 29.6N,  62.5W,  70, -999, -999, -999, -999, -999, -999, -999, -999, -999, -999, -999, -999, -999, -999
18720915, 0000,  , HU, 30.3N,  62.4W,  70, -999, -999, -999, -999, -999, -999, -999, -999, -999, -999, -999, -999, -999, -999
18720915, 0600,  , HU, 31.0N,  62.3W,  70, -999, -999, -999, -999, -999, -999, -999, -999, -999, -999, -999, -999, -999, -999
18720915, 1200,  , HU, 31.7N,  62.2W,  70, -999, -999, -999, -999, -999, -999, -999, -999, -999, -999, -999, -999, -999, -999
18720915, 1800,  , HU, 32.2N,  62.1W,  70, -999, -999, -999, -999, -999, -999, -999, -999, -999, -999, -999, -999, -999, -999
18720916, 0000,  , HU, 32.8N,  61.9W,  70, -999, -999, -999, -999, -999, -999, -999, -999, -999, -999, -999, -999, -999, -999
18720916, 0600,  , HU, 33.5N,  61.8W,  70, -999, -999, -999, -999, -999, -999, -999, -999, -999, -999, -999, -999, -999, -999
18720916, 1200,  , HU, 34.0N,  61.7W,  70, -999, -999, -999, -999, -999, -999, -999, -999, -999, -999, -999, -999, -999, -999
18720916, 1800,  , HU, 34.5N,  61.5W,  70, -999, -999, -999, -999, -999, -999, -999, -999, -999, -999, -999, -999, -999, -999
18720917, 0000,  , HU, 35.3N,  61.1W,  70, -999, -999, -999, -999, -999, -999, -999, -999, -999, -999, -999, -999, -999, -999
18720917, 0600,  , HU, 36.0N,  60.7W,  70, -999, -999, -999, -999, -999, -999, -999, -999, -999, -999, -999, -999, -999, -999
18720917, 1200,  , HU, 37.0N,  60.1W,  70, -999, -999, -999, -999, -999, -999, -999, -999, -999, -999, -999, -999, -999, -999
18720917, 1800,  , HU, 37.7N,  59.7W,  70, -999, -999, -999, -999, -999, -999, -999, -999, -999, -999, -999, -999, -999, -999
18720918, 0000,  , HU, 38.3N,  59.4W,  70, -999, -999, -999, -999, -999, -999, -999, -999, -999, -999, -999, -999, -999, -999
18720918, 0600,  , HU, 38.9N,  59.1W,  70, -999, -999, -999, -999, -999, -999, -999, -999, -999, -999, -999, -999, -999, -999
18720918, 1200,  , HU, 39.5N,  58.7W,  70, -999, -999, -999, -999, -999, -999, -999, -999, -999, -999, -999, -999, -999, -999
18720918, 1800,  , HU, 40.0N,  58.4W,  70, -999, -999, -999, -999, -999, -999, -999, -999, -999, -999, -999, -999, -999, -999
18720919, 0000,  , HU, 40.9N,  58.0W,  70, -999, -999, -999, -999, -999, -999, -999, -999, -999, -999, -999, -999, -999, -999
18720919, 0600,  , HU, 41.5N,  57.4W,  70, -999, -999, -999, -999, -999, -999, -999, -999, -999, -999, -999, -999, -999, -999
18720919, 1200,  , HU, 42.0N,  56.9W,  70, -999, -999, -999, -999, -999, -999, -999, -999, -999, -999, -999, -999, -999, -999
18720919, 1800,  , HU, 42.5N,  56.4W,  70, -999, -999, -999, -999, -999, -999, -999, -999, -999, -999, -999, -999, -999, -999
18720920, 0000,  , HU, 43.0N,  56.0W,  70, -999, -999, -999, -999, -999, -999, -999, -999, -999, -999, -999, -999, -999, -999
18720920, 0600,  , HU, 43.3N,  55.5W,  70, -999, -999, -999, -999, -999, -999, -999, -999, -999, -999, -999, -999, -999, -999
18720920, 1200,  , HU, 43.7N,  55.0W,  70, -999, -999, -999, -999, -999, -999, -999, -999, -999, -999, -999, -999, -999, -999
18720920, 1800,  , HU, 44.2N,  54.5W,  70, -999, -999, -999, -999, -999, -999, -999, -999, -999, -999, -999, -999, -999, -999
AL041872,            UNNAMED,     28,
18720930, 0000,  , TS, 13.0N,  31.7W,  40, -999, -999, -999, -999, -999, -999, -999, -999, -999, -999, -999, -999, -999, -999
18720930, 0600,  , TS, 13.4N,  32.7W,  40, -999, -999, -999, -999, -999, -999, -999, -999, -999, -999, -999, -999, -999, -999
18720930, 1200,  , TS, 13.8N,  33.7W,  40, -999, -999, -999, -999, -999, -999, -999, -999, -999, -999, -999, -999, -999, -999
18720930, 1800,  , TS, 14.4N,  34.7W,  40, -999, -999, -999, -999, -999, -999, -999, -999, -999, -999, -999, -999, -999, -999
18721001, 0000,  , TS, 15.3N,  36.0W,  50, -999, -999, -999, -999, -999, -999, -999, -999, -999, -999, -999, -999, -999, -999
18721001, 0600,  , TS, 16.2N,  37.4W,  50, -999, -999, -999, -999, -999, -999, -999, -999, -999, -999, -999, -999, -999, -999
18721001, 1200,  , TS, 17.2N,  38.7W,  50, -999, -999, -999, -999, -999, -999, -999, -999, -999, -999, -999, -999, -999, -999
18721001, 1800,  , TS, 17.9N,  39.5W,  50, -999, -999, -999, -999, -999, -999, -999, -999, -999, -999, -999, -999, -999, -999
18721002, 0000,  , TS, 18.5N,  40.3W,  60, -999, -999, -999, -999, -999, -999, -999, -999, -999, -999, -999, -999, -999, -999
18721002, 0600,  , TS, 19.1N,  41.0W,  60, -999, -999, -999, -999, -999, -999, -999, -999, -999, -999, -999, -999, -999, -999
18721002, 1200,  , TS, 20.0N,  42.0W,  60, -999, -999, -999, -999, -999, -999, -999, -999, -999, -999, -999, -999, -999, -999
18721002, 1800,  , TS, 21.0N,  42.9W,  60, -999, -999, -999, -999, -999, -999, -999, -999, -999, -999, -999, -999, -999, -999
18721003, 0000,  , HU, 22.0N,  43.8W,  70, -999, -999, -999, -999, -999, -999, -999, -999, -999, -999, -999, -999, -999, -999
18721003, 0600,  , HU, 23.1N,  44.8W,  70, -999, -999, -999, -999, -999, -999, -999, -999, -999, -999, -999, -999, -999, -999
18721003, 1200,  , HU, 24.0N,  45.7W,  70, -999, -999, -999, -999, -999, -999, -999, -999, -999, -999, -999, -999, -999, -999
18721003, 1800,  , HU, 25.1N,  46.5W,  70, -999, -999, -999, -999, -999, -999, -999, -999, -999, -999, -999, -999, -999, -999
18721004, 0000,  , HU, 26.4N,  47.2W,  70, -999, -999, -999, -999, -999, -999, -999, -999, -999, -999, -999, -999, -999, -999
18721004, 0600,  , HU, 27.7N,  48.0W,  70, -999, -999, -999, -999, -999, -999, -999, -999, -999, -999, -999, -999, -999, -999
18721004, 1200,  , HU, 29.0N,  48.8W,  70, -999, -999, -999, -999, -999, -999, -999, -999, -999, -999, -999, -999, -999, -999
18721004, 1800,  , HU, 30.3N,  49.4W,  70, -999, -999, -999, -999, -999, -999, -999, -999, -999, -999, -999, -999, -999, -999
18721005, 0000,  , HU, 31.7N,  49.8W,  70, -999, -999, -999, -999, -999, -999, -999, -999, -999, -999, -999, -999, -999, -999
18721005, 0600,  , HU, 33.0N,  50.0W,  70, -999, -999, -999, -999, -999, -999, -999, -999, -999, -999, -999, -999, -999, -999
18721005, 1200,  , HU, 34.5N,  49.9W,  70, -999, -999, -999, -999, -999, -999, -999, -999, -999, -999, -999, -999, -999, -999
18721005, 1800,  , HU, 36.4N,  48.8W,  70, -999, -999, -999, -999, -999, -999, -999, -999, -999, -999, -999, -999, -999, -999
18721006, 0000,  , HU, 38.2N,  46.4W,  70, -999, -999, -999, -999, -999, -999, -999, -999, -999, -999, -999, -999, -999, -999
18721006, 0600,  , HU, 39.3N,  43.8W,  70, -999, -999, -999, -999, -999, -999, -999, -999, -999, -999, -999, -999, -999, -999
18721006, 1200,  , HU, 40.0N,  41.0W,  70, -999, -999, -999, -999, -999, -999, -999, -999, -999, -999, -999, -999, -999, -999
18721006, 1800,  , HU, 40.5N,  38.0W,  70, -999, -999, -999, -999, -999, -999, -999, -999, -999, -999, -999, -999, -999, -999
AL051872,            UNNAMED,     28,
18721022, 0000,  , TS, 23.4N,  89.3W,  40, -999, -999, -999, -999, -999, -999, -999, -999, -999, -999, -999, -999, -999, -999
18721022, 0600,  , TS, 24.0N,  88.3W,  40, -999, -999, -999, -999, -999, -999, -999, -999, -999, -999, -999, -999, -999, -999
18721022, 1200,  , TS, 24.7N,  87.3W,  40, -999, -999, -999, -999, -999, -999, -999, -999, -999, -999, -999, -999, -999, -999
18721022, 1800,  , TS, 25.7N,  86.2W,  40, -999, -999, -999, -999, -999, -999, -999, -999, -999, -999, -999, -999, -999, -999
18721023, 0000,  , TS, 26.7N,  84.8W,  50, -999, -999, -999, -999, -999, -999, -999, -999, -999, -999, -999, -999, -999, -999
18721023, 0600,  , TS, 27.6N,  83.3W,  50, -999, -999, -999, -999, -999, -999, -999, -999, -999, -999, -999, -999, -999, -999
18721023, 0800, L, TS, 27.9N,  82.7W,  50, -999, -999, -999, -999, -999, -999, -999, -999, -999, -999, -999, -999, -999, -999
18721023, 1200,  , TS, 28.4N,  81.8W,  40, -999, -999, -999, -999, -999, -999, -999, -999, -999, -999, -999, -999, -999, -999
18721023, 1800,  , TS, 29.0N,  80.3W,  40, -999, -999, -999, -999, -999, -999, -999, -999, -999, -999, -999, -999, -999, -999
18721024, 0000,  , TS, 30.0N,  79.0W,  50, -999, -999, -999, -999, -999, -999, -999, -999, -999, -999, -999, -999, -999, -999
18721024, 0600,  , TS, 31.3N,  78.5W,  60, -999, -999, -999, -999, -999, -999, -999, -999, -999, -999, -999, -999, -999, -999
18721024, 1200,  , HU, 32.6N,  78.2W,  70, -999, -999, -999, -999, -999, -999, -999, -999, -999, -999, -999, -999, -999, -999
18721024, 1800,  , TS, 33.6N,  77.9W,  60, -999, -999, -999, -999, -999, -999, -999, -999, -999, -999, -999, -999, -999, -999
18721025, 0000,  , TS, 34.3N,  77.7W,  50, -999, -999, -999, -999, -999, -999, -999, -999, -999, -999, -999, -999, -999, -999
18721025, 0100, L, TS, 34.4N,  77.7W,  50, -999, -999, -999, -999, -999, -999, -999, -999, -999, -999, -999, -999, -999, -999
18721025, 0600,  , TS, 35.0N,  77.5W,  50, -999, -999, -999, -999, -999, -999, -999, -999, -999, -999, -999, -999, -999, -999
18721025, 1200,  , TS, 35.7N,  77.2W,  40, -999, -999, -999, -999, -999, -999, -999, -999, -999, -999, -999, -999, -999, -999
18721025, 1800,  , TS, 36.5N,  76.9W,  40, -999, -999, -999, -999, -999, -999, -999, -999, -999, -999, -999, -999, -999, -999
18721026, 0000,  , TS, 37.5N,  76.5W,  40, -999, -999, -999, -999, -999, -999, -999, -999, -999, -999, -999, -999, -999, -999
18721026, 0600,  , TS, 38.6N,  75.8W,  40, -999, -999, -999, -999, -999, -999, -999, -999, -999, -999, -999, -999, -999, -999
18721026, 1200,  , TS, 39.7N,  74.8W,  40, -999, -999, -999, -999, -999, -999, -999, -999, -999, -999, -999, -999, -999, -999
18721026, 1800,  , TS, 40.6N,  73.8W,  40, -999, -999, -999, -999, -999, -999, -999, -999, -999, -999, -999, -999, -999, -999
18721027, 0000,  , TS, 41.3N,  72.6W,  40, -999, -999, -999, -999, -999, -999, -999, -999, -999, -999, -999, -999, -999, -999
18721027, 0600,  , TS, 41.8N,  71.3W,  40, -999, -999, -999, -999, -999, -999, -999, -999, -999, -999, -999, -999, -999, -999
18721027, 1200,  , EX, 42.4N,  69.2W,  40, -999, -999, -999, -999, -999, -999, -999, -999, -999, -999, -999, -999, -999, -999
18721027, 1800,  , EX, 42.9N,  67.2W,  40, -999, -999, -999, -999, -999, -999, -999, -999, -999, -999, -999, -999, -999, -999
18721028, 0000,  , EX, 43.6N,  65.0W,  40, -999, -999, -999, -999, -999, -999, -999, -999, -999, -999, -999, -999, -999, -999
18721028, 0600,  , EX, 44.5N,  62.5W,  40, -999, -999, -999, -999, -999, -999, -999, -999, -999, -999, -999, -999, -999, -999
