AL011949,            UNNAMED,     37,
19490821, 0000,  , TS, 21.2N,  61.5W,  55, -999, -999, -999, -999, -999, -999, -999, -999, -999, -999, -999, -999, -999, -999
19490821, 0600,  , TS, 21.9N,  63.2W,  60, -999, -999, -999, -999, -999, -999, -999, -999, -999, -999, -999, -999, -999, -999
19490821, 1200,  , HU, 22.6N,  64.9W,  65, -999, -999, -999, -999, -999, -999, -999, -999, -999, -999, -999, -999, -999, -999
19490821, 1800,  , HU, 23.3N,  66.6W,  70,  993, -999, -999, -999, -999, -999, -999, -999, -999, -999, -999, -999, -999, -999
19490822, 0000,  , HU, 24.0N,  68.3W,  75, -999, -999, -999, -999, -999, -999, -999, -999, -999, -999, -999, -999, -999, -999
19490822, 0600,  , HU, 24.7N,  70.0W,  75, -999, -999, -999, -999, -999, -999, -999, -999, -999, -999, -999, -999, -999, -999
19490822, 1200,  , HU, 25.4N,  71.6W,  80,  984, -999, -999, -999, -999, -999, -999, -999, -999, -999, -999, -999, -999, -999
19490822, 1800,  , HU, 26.2N,  73.1W,  85,  974, -999, -999, -999, -999, -999, -999, -999, -999, -999, -999, -999, -999, -999
19490823, 0000,  , HU, 27.2N,  74.3W,  85, -999, -999, -999, -999, -999, -999, -999, -999, -999, -999, -999, -999, -999, -999
19490823, 0600,  , HU, 28.2N,  75.3W,  85, -999, -999, -999, -999, -999, -999, -999, -999, -999, -999, -999, -999, -999, -999
19490823, 1200,  , HU, 29.2N,  76.1W,  90, -999, -999, -999, -999, -999, -999, -999, -999, -999, -999, -999, -999, -999, -999
19490823, 1800,  , HU, 30.2N,  76.6W,  90, -999, -999, -999, -999, -999, -999, -999, -999, -999, -999, -999, -999, -999, -999
19490824, 0000,  , HU, 31.5N,  76.7W,  95, -999, -999, -999, -999, -999, -999, -999, -999, -999, -999, -999, -999, -999, -999
19490824, 0600,  , HU, 32.9N,  76.6W,  95, -999, -999, -999, -999, -999, -999, -999, -999, -999, -999, -999, -999, -999, -999
19490824, 1200,  , HU, 34.3N,  76.1W,  90,  977, -999, -999, -999, -999, -999, -999, -999, -999, -999, -999, -999, -999,   25
19490824, 1800,  , HU, 35.7N,  74.5W,  90, -999, -999, -999, -999, -999, -999, -999, -999, -999, -999, -999, -999, -999, -999
19490825, 0000,  , HU, 36.7N,  71.7W,  85, -999, -999, -999, -999, -999, -999, -999, -999, -999, -999, -999, -999, -999, -999
19490825, 0600,  , HU, 37.4N,  67.7W,  85, -999, -999, -999, -999, -999, -999, -999, -999, -999, -999, -999, -999, -999, -999
19490825, 1200,  , EX, 38.2N,  61.3W,  80,  963, -999, -999, -999, -999, -999, -999, -999, -999, -999, -999, -999, -999, -999
19490825, 1800,  , EX, 39.6N,  56.7W,  75, -999, -999, -999, -999, -999, -999, -999, -999, -999, -999, -999, -999, -999, -999
19490826, 0000,  , EX, 41.3N,  54.0W,  70, -999, -999, -999, -999, -999, -999, -999, -999, -999, -999, -999, -999, -999, -999
19490826, 0600,  , EX, 43.0N,  51.9W,  65, -999, -999, -999, -999, -999, -999, -999, -999, -999, -999, -999, -999, -999, -999
19490826, 1200,  , EX, 44.7N,  50.0W,  65, -999, -999, -999, -999, -999, -999, -999, -999, -999, -999, -999, -999, -999, -999
19490826, 1800,  , EX, 46.1N,  47.5W,  60, -999, -999, -999, -999, -999, -999, -999, -999, -999, -999, -999, -999, -999, -999
19490827, 0000,  , EX, 47.4N,  45.0W,  60, -999, -999, -999, -999, -999, -999, -999, -999, -999, -999, -999, -999, -999, -999
19490827, 0600,  , EX, 49.2N,  42.5W,  55, -999, -999, -999, -999, -999, -999, -999, -999, -999, -999, -999, -999, -999, -999
19490827, 1200,  , EX, 51.2N,  40.0W,  50, -999, -999, -999, -999, -999, -999, -999, -999, -999, -999, -999, -999, -999, -999
19490827, 1800,  , EX, 52.8N,  37.8W,  50, -999, -999, -999, -999, -999, -999, -999, -999, -999, -999, -999, -999, -999, -999
19490828, 0000,  , EX, 54.2N,  35.7W,  50, -999, -999, -999, -999, -999, -999, -999, -999, -999, -999, -999, -999, -999, -999
19490828, 0600,  , EX, 56.0N,  33.0W,  45, -999, -999, -999, -999, -999, -999, -999, -999, -999, -999, -999, -999, -999, -999
19490828, 1200,  , EX, 58.0N,  30.0W,  40, -999, -999, -999, -999, -999, -999, -999, -999, -999, -999, -999, -999, -999, -999
19490828, 1800,  , EX, 60.0N,  27.4W,  40, -999, -999, -999, -999, -999, -999, -999, -999, -999, -999, -999, -999, -999, -999
19490829, 0000,  , EX, 61.5N,  24.7W,  50, -999, -999, -999, -999, -999, -999, -999, -999, -999, -999, -999, -999, -999, -999
19490829, 0600,  , EX, 62.9N,  21.9W,  45, -999, -999, -999, -999, -999, -999, -999, -999, -999, -999, -999, -999, -999, -999
19490829, 1200,  , EX, 64.0N,  19.0W,  40, -999, -999, -999, -999, -999, -999, -999, -999, -999, -999, -999, -999, -999, -999
19490829, 1800,  , EX, 65.0N,  16.0W,  40, -999, -999, -999, -999, -999, -999, -999, -999, -999, -999, -999, -999, -999, -999
19490830, 0000,  , EX, 66.0N,  13.0W,  35, -999, -999, -999, -999, -999, -999, -999, -999, -999, -999, -999, -999, -999, -999
AL021949,            UNNAMED,     40,
19490823, 0600,  , TS, 18.0N,  60.0W,  50, -999, -999, -999, -999, -999, -999, -999, -999, -999, -999, -999, -999, -999, -999
19490823, 1200,  , TS, 18.2N,  61.4W,  50, -999, -999, -999, -999, -999, -999, -999, -999, -999, -999, -999, -999, -999, -999
19490823, 1800,  , TS, 18.5N,  62.7W,  55, -999, -999, -999, -999, -999, -999, -999, -999, -999, -999, -999, -999, -999, -999
19490824, 0000,  , TS, 19.0N,  64.2W,  60, -999, -999, -999, -999, -999, -999, -999, -999, -999, -999, -999, -999, -999, -999
19490824, 0600,  , TS, 19.7N,  65.8W,  60, -999, -999, -999, -999, -999, -999, -999, -999, -999, -999, -999, -999, -999, -999
19490824, 1200,  , HU, 20.5N,  67.3W,  65, -999, -999, -999, -999, -999, -999, -999, -999, -999, -999, -999, -999, -999, -999
19490824, 1800,  , HU, 21.3N,  68.6W,  70, -999, -999, -999, -999, -999, -999, -999, -999, -999, -999, -999, -999, -999, -999
19490825, 0000,  , HU, 22.1N,  69.8W,  70, -999, -999, -999, -999, -999, -999, -999, -999, -999, -999, -999, -999, -999, -999
19490825, 0600,  , HU, 23.0N,  71.1W,  75, -999, -999, -999, -999, -999, -999, -999, -999, -999, -999, -999, -999, -999, -999
19490825, 1200,  , HU, 23.6N,  72.4W,  75, -999, -999, -999, -999, -999, -999, -999, -999, -999, -999, -999, -999, -999, -999
19490825, 1800,  , HU, 24.0N,  73.7W,  80, -999, -999, -999, -999, -999, -999, -999, -999, -999, -999, -999, -999, -999, -999
19490826, 0000,  , HU, 24.2N,  75.0W,  90, -999, -999, -999, -999, -999, -999, -999, -999, -999, -999, -999, -999, -999, -999
19490826, 0600,  , HU, 24.6N,  76.4W, 100, -999, -999, -999, -999, -999, -999, -999, -999, -999, -999, -999, -999, -999, -999
19490826, 1200,  , HU, 25.2N,  77.8W, 110, -999, -999, -999, -999, -999, -999, -999, -999, -999, -999, -999, -999, -999, -999
19490826, 1800,  , HU, 25.9N,  79.0W, 115, -999, -999, -999, -999, -999, -999, -999, -999, -999, -999, -999, -999, -999, -999
19490826, 2300, L, HU, 26.6N,  80.0W, 115,  954, -999, -999, -999, -999, -999, -999, -999, -999, -999, -999, -999, -999,   20
19490827, 0000,  , HU, 26.6N,  80.1W, 115,  954, -999, -999, -999, -999, -999, -999, -999, -999, -999, -999, -999, -999, -999
19490827, 0600,  , HU, 27.3N,  81.2W,  85,  965, -999, -999, -999, -999, -999, -999, -999, -999, -999, -999, -999, -999, -999
19490827, 1200,  , HU, 28.2N,  82.2W,  65,  974, -999, -999, -999, -999, -999, -999, -999, -999, -999, -999, -999, -999, -999
19490827, 1800,  , HU, 29.1N,  82.8W,  65,  980, -999, -999, -999, -999, -999, -999, -999, -999, -999, -999, -999, -999, -999
19490828, 0000,  , HU, 30.3N,  82.9W,  65,  987, -999, -999, -999, -999, -999, -999, -999, -999, -999, -999, -999, -999, -999
19490828, 0600,  , HU, 31.8N,  82.9W,  65,  988, -999, -999, -999, -999, -999, -999, -999, -999, -999, -999, -999, -999, -999
19490828, 1200,  , TS, 33.2N,  82.7W,  55,  996, -999, -999, -999, -999, -999, -999, -999, -999, -999, -999, -999, -999, -999
19490828, 1800,  , TS, 34.7N,  82.2W,  50, 1000, -999, -999, -999, -999, -999, -999, -999, -999, -999, -999, -999, -999, -999
19490829, 0000,  , TS, 36.4N,  80.6W,  50, 1002, -999, -999, -999, -999, -999, -999, -999, -999, -999, -999, -999, -999, -999
19490829, 0600,  , TS, 38.6N,  78.2W,  50, 1000, -999, -999, -999, -999, -999, -999, -999, -999, -999, -999, -999, -999, -999
19490829, 1200,  , TS, 40.8N,  76.6W,  50,  998, -999, -999, -999, -999, -999, -999, -999, -999, -999, -999, -999, -999, -999
19490829, 1800,  , EX, 43.8N,  72.5W,  45, -999, -999, -999, -999, -999, -999, -999, -999, -999, -999, -999, -999, -999, -999
19490830, 0000,  , EX, 46.8N,  68.2W,  45, -999, -999, -999, -999, -999, -999, -999, -999, -999, -999, -999, -999, -999, -999
19490830, 0600,  , EX, 49.5N,  64.9W,  45, -999, -999, -999, -999, -999, -999, -999, -999, -999, -999, -999, -999, -999, -999
19490830, 1200,  , EX, 52.2N,  62.5W,  45, -999, -999, -999, -999, -999, -999, -999, -999, -999, -999, -999, -999, -999, -999
19490830, 1800,  , EX, 54.1N,  59.2W,  40, -999, -999, -999, -999, -999, -999, -999, -999, -999, -999, -999, -999, -999, -999
19490831, 0000,  , EX, 54.8N,  54.7W,  35, -999, -999, -999, -999, -999, -999, -999, -999, -999, -999, -999, -999, -999, -999
19490831, 0600,  , EX, 54.8N,  51.0W,  35, -999, -999, -999, -999, -999, -999, -999, -999, -999, -999, -999, -999, -999, -999
19490831, 1200,  , EX, 54.9N,  46.9W,  35, -999, -999, -999, -999, -999, -999, -999, -999, -999, -999, -999, -999, -999, -999
19490831, 1800,  , EX, 54.7N,  42.0W,  35, -999, -999, -999, -999, -999, -999, -999, -999, -999, -999, -999, -999, -999, -999
19490901, 0000,  , EX, 54.0N,  35.0W,  40, -999, -999, -999, -999, -999, -999, -999, -999, -999, -999, -999, -999, -999, -999
19490901, 0600,  , EX, 53.5N,  25.0W,  45, -999, -999, -999, -999, -999, -999, -999, -999, -999, -999, -999, -999, -999, -999
19490901, 1200,  , EX, 53.2N,  19.0W,  50, -999, -999, -999, -999, -999, -999, -999, -999, -999, -999, -999, -999, -999, -999
19490901, 1800,  , EX, 53.0N,  17.0W,  50, -999, -999, -999, -999, -999, -999, -999, -999, -999, -999, -999, -999, -999, -999
AL031949,            UNNAMED,     14,
19490830, 1800,  , TD, 11.9N,  55.8W,  30, -999, -999, -999, -999, -999, -999, -999, -999, -999, -999, -999, -999, -999, -999
19490831, 0000,  , TD, 12.2N,  56.5W,  30, -999, -999, -999, -999, -999, -999, -999, -999, -999, -999, -999, -999, -999, -999
19490831, 0600,  , TS, 12.6N,  57.3W,  35, -999, -999, -999, -999, -999, -999, -999, -999, -999, -999, -999, -999, -999, -999
19490831, 1200,  , TS, 13.0N,  58.1W,  35, -999, -999, -999, -999, -999, -999, -999, -999, -999, -999, -999, -999, -999, -999
19490831, 1800,  , TS, 13.3N,  59.0W,  40, -999, -999, -999, -999, -999, -999, -999, -999, -999, -999, -999, -999, -999, -999
19490901, 0000,  , TS, 13.6N,  60.0W,  40, -999, -999, -999, -999, -999, -999, -999, -999, -999, -999, -999, -999, -999, -999
19490901, 0600, L, TS, 13.9N,  61.0W,  40, -999, -999, -999, -999, -999, -999, -999, -999, -999, -999, -999, -999, -999, -999
19490901, 1200,  , TS, 14.2N,  62.0W,  40, -999, -999, -999, -999, -999, -999, -999, -999, -999, -999, -999, -999, -999, -999
19490901, 1800,  , TS, 14.7N,  63.2W,  40, -999, -999, -999, -999, -999, -999, -999, -999, -999, -999, -999, -999, -999, -999
19490902, 0000,  , TS, 15.0N,  64.4W,  40, -999, -999, -999, -999, -999, -999, -999, -999, -999, -999, -999, -999, -999, -999
19490902, 0600,  , TS, 15.2N,  65.2W,  40, -999, -999, -999, -999, -999, -999, -999, -999, -999, -999, -999, -999, -999, -999
19490902, 1200,  , TS, 15.3N,  66.0W,  40, -999, -999, -999, -999, -999, -999, -999, -999, -999, -999, -999, -999, -999, -999
19490902, 1800,  , TD, 15.3N,  66.9W,  30, -999, -999, -999, -999, -999, -999, -999, -999, -999, -999, -999, -999, -999, -999
19490903, 0000,  , TD, 15.3N,  68.0W,  25, -999, -999, -999, -999, -999, -999, -999, -999, -999, -999, -999, -999, -999, -999
AL041949,            UNNAMED,     35,
19490903, 0000,  , TD, 18.5N,  65.4W,  30, -999, -999, -999, -999, -999, -999, -999, -999, -999, -999, -999, -999, -999, -999
19490903, 0600,  , TS, 18.9N,  65.9W,  40, -999, -999, -999, -999, -999, -999, -999, -999, -999, -999, -999, -999, -999, -999
19490903, 1200,  , TS, 19.8N,  66.3W,  55, -999, -999, -999, -999, -999, -999, -999, -999, -999, -999, -999, -999, -999, -999
19490903, 1800,  , HU, 21.0N,  66.6W,  70,  987, -999, -999, -999, -999, -999, -999, -999, -999, -999, -999, -999, -999, -999
19490904, 0000,  , HU, 22.1N,  66.8W,  65, -999, -999, -999, -999, -999, -999, -999, -999, -999, -999, -999, -999, -999, -999
19490904, 0600,  , TS, 23.0N,  67.0W,  60,  995, -999, -999, -999, -999, -999, -999, -999, -999, -999, -999, -999, -999, -999
19490904, 1200,  , TS, 23.5N,  67.2W,  60,  994, -999, -999, -999, -999, -999, -999, -999, -999, -999, -999, -999, -999, -999
19490904, 1800,  , TS, 24.1N,  67.4W,  60,  994, -999, -999, -999, -999, -999, -999, -999, -999, -999, -999, -999, -999, -999
19490905, 0000,  , HU, 24.7N,  67.4W,  65, -999, -999, -999, -999, -999, -999, -999, -999, -999, -999, -999, -999, -999, -999
19490905, 0600,  , HU, 25.2N,  67.2W,  70, -999, -999, -999, -999, -999, -999, -999, -999, -999, -999, -999, -999, -999, -999
19490905, 1200,  , HU, 25.6N,  67.0W,  75, -999, -999, -999, -999, -999, -999, -999, -999, -999, -999, -999, -999, -999, -999
19490905, 1800,  , HU, 25.9N,  66.7W,  80,  982, -999, -999, -999, -999, -999, -999, -999, -999, -999, -999, -999, -999, -999
19490906, 0000,  , HU, 26.0N,  66.4W,  90,  974, -999, -999, -999, -999, -999, -999, -999, -999, -999, -999, -999, -999, -999
19490906, 0600,  , HU, 26.0N,  65.9W,  95, -999, -999, -999, -999, -999, -999, -999, -999, -999, -999, -999, -999, -999, -999
19490906, 1200,  , HU, 26.1N,  65.3W, 100, -999, -999, -999, -999, -999, -999, -999, -999, -999, -999, -999, -999, -999, -999
19490906, 1800,  , HU, 26.3N,  64.9W, 100, -999, -999, -999, -999, -999, -999, -999, -999, -999, -999, -999, -999, -999, -999
19490907, 0000,  , HU, 26.5N,  64.7W, 100, -999, -999, -999, -999, -999, -999, -999, -999, -999, -999, -999, -999, -999, -999
19490907, 0600,  , HU, 26.7N,  64.5W, 100, -999, -999, -999, -999, -999, -999, -999, -999, -999, -999, -999, -999, -999, -999
19490907, 1200,  , HU, 27.2N,  64.4W, 100, -999, -999, -999, -999, -999, -999, -999, -999, -999, -999, -999, -999, -999, -999
19490907, 1800,  , HU, 28.4N,  64.4W, 105, -999, -999, -999, -999, -999, -999, -999, -999, -999, -999, -999, -999, -999, -999
19490908, 0000,  , HU, 29.7N,  64.3W, 110, -999, -999, -999, -999, -999, -999, -999, -999, -999, -999, -999, -999, -999, -999
19490908, 0600,  , HU, 30.7N,  64.1W, 110, -999, -999, -999, -999, -999, -999, -999, -999, -999, -999, -999, -999, -999, -999
19490908, 1200,  , HU, 31.7N,  63.8W, 110, -999, -999, -999, -999, -999, -999, -999, -999, -999, -999, -999, -999, -999, -999
19490908, 1800,  , HU, 33.0N,  63.2W, 110, -999, -999, -999, -999, -999, -999, -999, -999, -999, -999, -999, -999, -999, -999
19490909, 0000,  , HU, 34.4N,  62.1W, 110, -999, -999, -999, -999, -999, -999, -999, -999, -999, -999, -999, -999, -999, -999
19490909, 0600,  , HU, 35.8N,  61.0W, 105, -999, -999, -999, -999, -999, -999, -999, -999, -999, -999, -999, -999, -999, -999
19490909, 1200,  , HU, 37.6N,  59.8W,  95, -999, -999, -999, -999, -999, -999, -999, -999, -999, -999, -999, -999, -999, -999
19490909, 1800,  , HU, 39.9N,  58.7W,  85, -999, -999, -999, -999, -999, -999, -999, -999, -999, -999, -999, -999, -999, -999
19490910, 0000,  , HU, 42.4N,  57.8W,  75, -999, -999, -999, -999, -999, -999, -999, -999, -999, -999, -999, -999, -999, -999
19490910, 0600,  , EX, 45.0N,  56.3W,  65, -999, -999, -999, -999, -999, -999, -999, -999, -999, -999, -999, -999, -999, -999
19490910, 1200,  , EX, 48.9N,  53.2W,  60, -999, -999, -999, -999, -999, -999, -999, -999, -999, -999, -999, -999, -999, -999
19490910, 1800,  , EX, 53.3N,  50.9W,  60, -999, -999, -999, -999, -999, -999, -999, -999, -999, -999, -999, -999, -999, -999
19490911, 0000,  , EX, 56.8N,  48.8W,  60, -999, -999, -999, -999, -999, -999, -999, -999, -999, -999, -999, -999, -999, -999
19490911, 0600,  , EX, 58.7N,  47.7W,  50, -999, -999, -999, -999, -999, -999, -999, -999, -999, -999, -999, -999, -999, -999
19490911, 1200,  , EX, 61.0N,  46.9W,  45, -999, -999, -999, -999, -999, -999, -999, -999, -999, -999, -999, -999, -999, -999
AL051949,            UNNAMED,     11,
19490903, 0600,  , TS, 23.7N,  89.0W,  35, -999, -999, -999, -999, -999, -999, -999, -999, -999, -999, -999, -999, -999, -999
19490903, 1200,  , TS, 24.2N,  89.0W,  40, -999, -999, -999, -999, -999, -999, -999, -999, -999, -999, -999, -999, -999, -999
19490903, 1800,  , TS, 25.0N,  89.3W,  45, -999, -999, -999, -999, -999, -999, -999, -999, -999, -999, -999, -999, -999, -999
19490904, 0000,  , TS, 26.3N,  89.8W,  50, -999, -999, -999, -999, -999, -999, -999, -999, -999, -999, -999, -999, -999, -999
19490904, 0600,  , TS, 27.8N,  90.2W,  50, -999, -999, -999, -999, -999, -999, -999, -999, -999, -999, -999, -999, -999, -999
19490904, 1200, L, TS, 29.3N,  90.6W,  50, -999, -999, -999, -999, -999, -999, -999, -999, -999, -999, -999, -999, -999, -999
19490904, 1800,  , TS, 30.3N,  90.8W,  40, -999, -999, -999, -999, -999, -999, -999, -999, -999, -999, -999, -999, -999, -999
19490905, 0000,  , TS, 31.3N,  90.6W,  35, -999, -999, -999, -999, -999, -999, -999, -999, -999, -999, -999, -999, -999, -999
19490905, 0600,  , TD, 32.3N,  90.1W,  30, -999, -999, -999, -999, -999, -999, -999, -999, -999, -999, -999, -999, -999, -999
19490905, 1200,  , TD, 33.4N,  89.4W,  25, -999, -999, -999, -999, -999, -999, -999, -999, -999, -999, -999, -999, -999, -999
19490905, 1800,  , TD, 34.8N,  88.5W,  20, -999, -999, -999, -999, -999, -999, -999, -999, -999, -999, -999, -999, -999, -999
AL061949,            UNNAMED,     47,
19490905, 0600,  , TS, 27.3N,  40.4W,  35, -999, -999, -999, -999, -999, -999, -999, -999, -999, -999, -999, -999, -999, -999
19490905, 1200,  , TS, 28.3N,  41.2W,  35, -999, -999, -999, -999, -999, -999, -999, -999, -999, -999, -999, -999, -999, -999
19490905, 1800,  , TS, 29.2N,  42.0W,  35, -999, -999, -999, -999, -999, -999, -999, -999, -999, -999, -999, -999, -999, -999
19490906, 0000,  , TS, 30.2N,  42.8W,  40, -999, -999, -999, -999, -999, -999, -999, -999, -999, -999, -999, -999, -999, -999
19490906, 0600,  , TS, 31.6N,  43.5W,  40, -999, -999, -999, -999, -999, -999, -999, -999, -999, -999, -999, -999, -999, -999
19490906, 1200,  , TS, 32.9N,  43.7W,  40, -999, -999, -999, -999, -999, -999, -999, -999, -999, -999, -999, -999, -999, -999
19490906, 1800,  , TS, 34.0N,  43.5W,  40, -999, -999, -999, -999, -999, -999, -999, -999, -999, -999, -999, -999, -999, -999
19490907, 0000,  , TS, 34.3N,  42.7W,  40, -999, -999, -999, -999, -999, -999, -999, -999, -999, -999, -999, -999, -999, -999
19490907, 0600,  , TS, 34.4N,  41.7W,  40, -999, -999, -999, -999, -999, -999, -999, -999, -999, -999, -999, -999, -999, -999
19490907, 1200,  , TS, 34.5N,  41.0W,  40, -999, -999, -999, -999, -999, -999, -999, -999, -999, -999, -999, -999, -999, -999
19490907, 1800,  , TS, 34.7N,  41.0W,  40, -999, -999, -999, -999, -999, -999, -999, -999, -999, -999, -999, -999, -999, -999
19490908, 0000,  , TS, 35.0N,  40.7W,  40, -999, -999, -999, -999, -999, -999, -999, -999, -999, -999, -999, -999, -999, -999
19490908, 0600,  , TS, 35.3N,  41.0W,  40, -999, -999, -999, -999, -999, -999, -999, -999, -999, -999, -999, -999, -999, -999
19490908, 1200,  , TS, 35.5N,  41.0W,  40, -999, -999, -999, -999, -999, -999, -999, -999, -999, -999, -999, -999, -999, -999
19490908, 1800,  , TS, 35.5N,  40.7W,  40, -999, -999, -999, -999, -999, -999, -999, -999, -999, -999, -999, -999, -999, -999
19490909, 0000,  , TS, 35.0N,  40.7W,  40, -999, -999, -999, -999, -999, -999, -999, -999, -999, -999, -999, -999, -999, -999
19490909, 0600,  , TS, 34.5N,  41.9W,  40, -999, -999, -999, -999, -999, -999, -999, -999, -999, -999, -999, -999, -999, -999
19490909, 1200,  , TS, 34.2N,  43.3W,  40, -999, -999, -999, -999, -999, -999, -999, -999, -999, -999, -999, -999, -999, -999
19490909, 1800,  , TS, 34.3N,  43.8W,  40, -999, -999, -999, -999, -999, -999, -999, -999, -999, -999, -999, -999, -999, -999
19490910, 0000,  , TS, 34.4N,  44.2W,  40, -999, -999, -999, -999, -999, -999, -999, -999, -999, -999, -999, -999, -999, -999
19490910, 0600,  , TS, 34.6N,  44.5W,  40, -999, -999, -999, -999, -999, -999, -999, -999, -999, -999, -999, -999, -999, -999
19490910, 1200,  , TS, 35.2N,  44.5W,  40, -999, -999, -999, -999, -999, -999, -999, -999, -999, -999, -999, -999, -999, -999
19490910, 1800,  , TS, 36.0N,  44.6W,  40, -999, -999, -999, -999, -999, -999, -999, -999, -999, -999, -999, -999, -999, -999
19490911, 0000,  , TS, 37.1N,  44.6W,  40, -999, -999, -999, -999, -999, -999, -999, -999, -999, -999, -999, -999, -999, -999
19490911, 0600,  , TS, 38.3N,  44.2W,  40, -999, -999, -999, -999, -999, -999, -999, -999, -999, -999, -999, -999, -999, -999
19490911, 1200,  , TS, 39.6N,  43.8W,  40, -999, -999, -999, -999, -999, -999, -999, -999, -999, -999, -999, -999, -999, -999
19490911, 1800,  , TS, 41.4N,  43.0W,  45, -999, -999, -999, -999, -999, -999, -999, -999, -999, -999, -999, -999, -999, -999
19490912, 0000,  , TS, 43.6N,  41.1W,  55,  996, -999, -999, -999, -999, -999, -999, -999, -999, -999, -999, -999, -999, -999
19490912, 0600,  , EX, 46.0N,  39.0W,  55, -999, -999, -999, -999, -999, -999, -999, -999, -999, -999, -999, -999, -999, -999
19490912, 1200,  , EX, 47.8N,  37.5W,  55, -999, -999, -999, -999, -999, -999, -999, -999, -999, -999, -999, -999, -999, -999
19490912, 1800,  , EX, 48.5N,  37.0W,  55, -999, -999, -999, -999, -999, -999, -999, -999, -999, -999, -999, -999, -999, -999
19490913, 0000,  , EX, 48.4N,  37.2W,  60, -999, -999, -999, -999, -999, -999, -999, -999, -999, -999, -999, -999, -999, -999
19490913, 0600,  , EX, 48.0N,  38.2W,  60, -999, -999, -999, -999, -999, -999, -999, -999, -999, -999, -999, -999, -999, -999
19490913, 1200,  , EX, 47.4N,  39.5W,  60, -999, -999, -999, -999, -999, -999, -999, -999, -999, -999, -999, -999, -999, -999
19490913, 1800,  , EX, 46.7N,  40.5W,  60, -999, -999, -999, -999, -999, -999, -999, -999, -999, -999, -999, -999, -999, -999
19490914, 0000,  , EX, 45.9N,  41.3W,  65, -999, -999, -999, -999, -999, -999, -999, -999, -999, -999, -999, -999, -999, -999
19490914, 0600,  , EX, 45.2N,  41.9W,  65, -999, -999, -999, -999, -999, -999, -999, -999, -999, -999, -999, -999, -999, -999
19490914, 1200,  , EX, 44.7N,  42.2W,  65, -999, -999, -999, -999, -999, -999, -999, -999, -999, -999, -999, -999, -999, -999
19490914, 1800,  , EX, 44.2N,  41.8W,  65, -999, -999, -999, -999, -999, -999, -999, -999, -999, -999, -999, -999, -999, -999
19490915, 0000,  , EX, 43.7N,  40.8W,  65, -999, -999, -999, -999, -999, -999, -999, -999, -999, -999, -999, -999, -999, -999
19490915, 0600,  , EX, 43.2N,  39.4W,  55, -999, -999, -999, -999, -999, -999, -999, -999, -999, -999, -999, -999, -999, -999
19490915, 1200,  , EX, 42.8N,  38.0W,  45, -999, -999, -999, -999, -999, -999, -999, -999, -999, -999, -999, -999, -999, -999
19490915, 1800,  , EX, 42.8N,  36.8W,  40, -999, -999, -999, -999, -999, -999, -999, -999, -999, -999, -999, -999, -999, -999
19490916, 0000,  , EX, 43.0N,  35.8W,  35, -999, -999, -999, -999, -999, -999, -999, -999, -999, -999, -999, -999, -999, -999
19490916, 0600,  , EX, 43.7N,  34.9W,  35, -999, -999, -999, -999, -999, -999, -999, -999, -999, -999, -999, -999, -999, -999
19490916, 1200,  , EX, 45.0N,  34.0W,  35, -999, -999, -999, -999, -999, -999, -999, -999, -999, -999, -999, -999, -999, -999
19490916, 1800,  , EX, 46.5N,  33.2W,  30, -999, -999, -999, -999, -999, -999, -999, -999, -999, -999, -999, -999, -999, -999
AL071949,            UNNAMED,     14,
19490911, 1800,  , EX, 31.0N,  72.8W,  40, -999, -999, -999, -999, -999, -999, -999, -999, -999, -999, -999, -999, -999, -999
19490912, 0000,  , EX, 32.0N,  72.5W,  40, -999, -999, -999, -999, -999, -999, -999, -999, -999, -999, -999, -999, -999, -999
19490912, 0600,  , EX, 32.7N,  73.0W,  40, -999, -999, -999, -999, -999, -999, -999, -999, -999, -999, -999, -999, -999, -999
19490912, 1200,  , TS, 33.2N,  74.0W,  40, -999, -999, -999, -999, -999, -999, -999, -999, -999, -999, -999, -999, -999, -999
19490912, 1800,  , TS, 33.6N,  75.1W,  45, -999, -999, -999, -999, -999, -999, -999, -999, -999, -999, -999, -999, -999, -999
19490913, 0000,  , TS, 33.9N,  76.3W,  40, -999, -999, -999, -999, -999, -999, -999, -999, -999, -999, -999, -999, -999, -999
19490913, 0600,  , TS, 34.2N,  77.6W,  35, -999, -999, -999, -999, -999, -999, -999, -999, -999, -999, -999, -999, -999, -999
19490913, 0800, L, TS, 34.3N,  77.8W,  35, -999, -999, -999, -999, -999, -999, -999, -999, -999, -999, -999, -999, -999, -999
19490913, 1200,  , TD, 34.4N,  78.7W,  30, -999, -999, -999, -999, -999, -999, -999, -999, -999, -999, -999, -999, -999, -999
19490913, 1800,  , TD, 34.5N,  79.1W,  25, -999, -999, -999, -999, -999, -999, -999, -999, -999, -999, -999, -999, -999, -999
19490914, 0000,  , TD, 34.9N,  79.1W,  25, -999, -999, -999, -999, -999, -999, -999, -999, -999, -999, -999, -999, -999, -999
19490914, 0600,  , TD, 35.3N,  78.7W,  25, -999, -999, -999, -999, -999, -999, -999, -999, -999, -999, -999, -999, -999, -999
19490914, 1200,  , TD, 35.8N,  78.0W,  25, -999, -999, -999, -999, -999, -999, -999, -999, -999, -999, -999, -999, -999, -999
19490914, 1800,  , TD, 36.6N,  77.3W,  25, -999, -999, -999, -999, -999, -999, -999, -999, -999, -999, -999, -999, -999, -999
AL081949,            UNNAMED,     16,
19490913, 0600,  , TS, 16.0N,  32.0W,  35, -999, -999, -999, -999, -999, -999, -999, -999, -999, -999, -999, -999, -999, -999
19490913, 1200,  , TS, 17.0N,  32.6W,  35, -999, -999, -999, -999, -999, -999, -999, -999, -999, -999, -999, -999, -999, -999
19490913, 1800,  , TS, 17.8N,  32.9W,  35, -999, -999, -999, -999, -999, -999, -999, -999, -999, -999, -999, -999, -999, -999
19490914, 0000,  , TS, 18.8N,  32.6W,  40, -999, -999, -999, -999, -999, -999, -999, -999, -999, -999, -999, -999, -999, -999
19490914, 0600,  , TS, 20.0N,  32.5W,  40, -999, -999, -999, -999, -999, -999, -999, -999, -999, -999, -999, -999, -999, -999
19490914, 1200,  , TS, 21.1N,  32.3W,  45, -999, -999, -999, -999, -999, -999, -999, -999, -999, -999, -999, -999, -999, -999
19490914, 1800,  , TS, 21.8N,  32.1W,  50, -999, -999, -999, -999, -999, -999, -999, -999, -999, -999, -999, -999, -999, -999
19490915, 0000,  , TS, 22.7N,  31.8W,  50, -999, -999, -999, -999, -999, -999, -999, -999, -999, -999, -999, -999, -999, -999
19490915, 0600,  , TS, 23.6N,  31.7W,  50, -999, -999, -999, -999, -999, -999, -999, -999, -999, -999, -999, -999, -999, -999
19490915, 1200,  , TS, 24.5N,  31.5W,  50, -999, -999, -999, -999, -999, -999, -999, -999, -999, -999, -999, -999, -999, -999
19490915, 1800,  , TS, 25.4N,  31.3W,  50, -999, -999, -999, -999, -999, -999, -999, -999, -999, -999, -999, -999, -999, -999
19490916, 0000,  , TS, 26.4N,  31.0W,  45, -999, -999, -999, -999, -999, -999, -999, -999, -999, -999, -999, -999, -999, -999
19490916, 0600,  , TS, 27.6N,  30.6W,  40, -999, -999, -999, -999, -999, -999, -999, -999, -999, -999, -999, -999, -999, -999
19490916, 1200,  , TS, 28.7N,  30.1W,  40, -999, -999, -999, -999, -999, -999, -999, -999, -999, -999, -999, -999, -999, -999
19490916, 1800,  , TS, 29.4N,  29.8W,  35, -999, -999, -999, -999, -999, -999, -999, -999, -999, -999, -999, -999, -999, -999
19490917, 0000,  , TD, 30.0N,  29.7W,  30, -999, -999, -999, -999, -999, -999, -999, -999, -999, -999, -999, -999, -999, -999
AL091949,            UNNAMED,     27,
19490920, 1200,  , TS, 26.0N,  91.8W,  35, -999, -999, -999, -999, -999, -999, -999, -999, -999, -999, -999, -999, -999, -999
19490920, 1800,  , TS, 26.4N,  92.3W,  35, -999, -999, -999, -999, -999, -999, -999, -999, -999, -999, -999, -999, -999, -999
19490921, 0000,  , TS, 26.6N,  92.8W,  40, -999, -999, -999, -999, -999, -999, -999, -999, -999, -999, -999, -999, -999, -999
19490921, 0600,  , TS, 26.6N,  93.3W,  40, -999, -999, -999, -999, -999, -999, -999, -999, -999, -999, -999, -999, -999, -999
19490921, 1200,  , TS, 26.6N,  93.5W,  45, -999, -999, -999, -999, -999, -999, -999, -999, -999, -999, -999, -999, -999, -999
19490921, 1800,  , TS, 26.6N,  94.0W,  50, -999, -999, -999, -999, -999, -999, -999, -999, -999, -999, -999, -999, -999, -999
19490922, 0000,  , TS, 26.2N,  94.4W,  50, -999, -999, -999, -999, -999, -999, -999, -999, -999, -999, -999, -999, -999, -999
19490922, 0600,  , TS, 25.8N,  94.5W,  50, -999, -999, -999, -999, -999, -999, -999, -999, -999, -999, -999, -999, -999, -999
19490922, 1200,  , TS, 25.6N,  94.5W,  50, -999, -999, -999, -999, -999, -999, -999, -999, -999, -999, -999, -999, -999, -999
19490922, 1800,  , TS, 25.5N,  94.3W,  50, -999, -999, -999, -999, -999, -999, -999, -999, -999, -999, -999, -999, -999, -999
19490923, 0000,  , TS, 25.3N,  94.0W,  50, -999, -999, -999, -999, -999, -999, -999, -999, -999, -999, -999, -999, -999, -999
19490923, 0600,  , TS, 24.8N,  94.1W,  50, -999, -999, -999, -999, -999, -999, -999, -999, -999, -999, -999, -999, -999, -999
19490923, 1200,  , TS, 24.0N,  94.2W,  50, -999, -999, -999, -999, -999, -999, -999, -999, -999, -999, -999, -999, -999, -999
19490923, 1800,  , TS, 22.8N,  94.6W,  55, -999, -999, -999, -999, -999, -999, -999, -999, -999, -999, -999, -999, -999, -999
19490924, 0000,  , TS, 22.2N,  95.2W,  60, -999, -999, -999, -999, -999, -999, -999, -999, -999, -999, -999, -999, -999, -999
19490924, 0600,  , HU, 22.0N,  95.7W,  65, -999, -999, -999, -999, -999, -999, -999, -999, -999, -999, -999, -999, -999, -999
19490924, 1200,  , HU, 21.9N,  96.1W,  70, -999, -999, -999, -999, -999, -999, -999, -999, -999, -999, -999, -999, -999, -999
19490924, 1800,  , HU, 21.9N,  96.5W,  75, -999, -999, -999, -999, -999, -999, -999, -999, -999, -999, -999, -999, -999, -999
19490925, 0000,  , HU, 21.6N,  96.7W,  80, -999, -999, -999, -999, -999, -999, -999, -999, -999, -999, -999, -999, -999, -999
19490925, 0600,  , HU, 21.2N,  96.8W,  80, -999, -999, -999, -999, -999, -999, -999, -999, -999, -999, -999, -999, -999, -999
19490925, 1200,  , HU, 20.9N,  96.6W,  80, -999, -999, -999, -999, -999, -999, -999, -999, -999, -999, -999, -999, -999, -999
19490925, 1800,  , HU, 20.6N,  96.4W,  75, -999, -999, -999, -999, -999, -999, -999, -999, -999, -999, -999, -999, -999, -999
19490926, 0000,  , HU, 20.3N,  96.2W,  65, -999, -999, -999, -999, -999, -999, -999, -999, -999, -999, -999, -999, -999, -999
19490926, 0600,  , TS, 19.7N,  96.3W,  55, -999, -999, -999, -999, -999, -999, -999, -999, -999, -999, -999, -999, -999, -999
19490926, 0800, L, TS, 19.5N,  96.3W,  55, -999, -999, -999, -999, -999, -999, -999, -999, -999, -999, -999, -999, -999, -999
19490926, 1200,  , TS, 19.0N,  96.3W,  35, -999, -999, -999, -999, -999, -999, -999, -999, -999, -999, -999, -999, -999, -999
19490926, 1800,  , TD, 18.1N,  96.5W,  20, -999, -999, -999, -999, -999, -999, -999, -999, -999, -999, -999, -999, -999, -999
AL101949,            UNNAMED,     11,
19490920, 1200,  , TS, 14.2N,  60.8W,  40, -999, -999, -999, -999, -999, -999, -999, -999, -999, -999, -999, -999, -999, -999
19490920, 1800,  , TS, 14.7N,  61.8W,  45, -999, -999, -999, -999, -999, -999, -999, -999, -999, -999, -999, -999, -999, -999
19490921, 0000,  , TS, 15.2N,  62.9W,  50, -999, -999, -999, -999, -999, -999, -999, -999, -999, -999, -999, -999, -999, -999
19490921, 0600,  , TS, 15.8N,  64.1W,  60, -999, -999, -999, -999, -999, -999, -999, -999, -999, -999, -999, -999, -999, -999
19490921, 1200,  , HU, 16.4N,  65.3W,  65, -999, -999, -999, -999, -999, -999, -999, -999, -999, -999, -999, -999, -999, -999
19490921, 1800,  , HU, 17.1N,  66.6W,  70, -999, -999, -999, -999, -999, -999, -999, -999, -999, -999, -999, -999, -999, -999
19490922, 0000,  , HU, 17.5N,  67.6W,  70, -999, -999, -999, -999, -999, -999, -999, -999, -999, -999, -999, -999, -999, -999
19490922, 0600,  , HU, 17.8N,  68.6W,  65, -999, -999, -999, -999, -999, -999, -999, -999, -999, -999, -999, -999, -999, -999
19490922, 1200,  , TS, 18.2N,  69.5W,  55, -999, -999, -999, -999, -999, -999, -999, -999, -999, -999, -999, -999, -999, -999
19490922, 1500, L, TS, 18.4N,  70.0W,  55, -999, -999, -999, -999, -999, -999, -999, -999, -999, -999, -999, -999, -999, -999
19490922, 1800,  , TS, 18.5N,  70.6W,  35, -999, -999, -999, -999, -999, -999, -999, -999, -999, -999, -999, -999, -999, -999
AL111949,            UNNAMED,     41,
19490927, 0600,  , TD, 13.2N,  90.0W,  30, -999, -999, -999, -999, -999, -999, -999, -999, -999, -999, -999, -999, -999, -999
19490927, 1200,  , TD, 13.3N,  90.1W,  30, -999, -999, -999, -999, -999, -999, -999, -999, -999, -999, -999, -999, -999, -999
19490927, 1800,  , TD, 13.4N,  90.2W,  30, -999, -999, -999, -999, -999, -999, -999, -999, -999, -999, -999, -999, -999, -999
19490928, 0000,  , TD, 13.5N,  90.2W,  30, -999, -999, -999, -999, -999, -999, -999, -999, -999, -999, -999, -999, -999, -999
19490928, 0600,  , TD, 13.7N,  90.2W,  30, -999, -999, -999, -999, -999, -999, -999, -999, -999, -999, -999, -999, -999, -999
19490928, 1200,  , TD, 14.0N,  90.2W,  30, -999, -999, -999, -999, -999, -999, -999, -999, -999, -999, -999, -999, -999, -999
19490928, 1800,  , TD, 14.2N,  90.3W,  30, -999, -999, -999, -999, -999, -999, -999, -999, -999, -999, -999, -999, -999, -999
19490929, 0000,  , TD, 14.4N,  90.5W,  30, -999, -999, -999, -999, -999, -999, -999, -999, -999, -999, -999, -999, -999, -999
19490929, 0600,  , TD, 14.6N,  90.7W,  30, -999, -999, -999, -999, -999, -999, -999, -999, -999, -999, -999, -999, -999, -999
19490929, 1200,  , TD, 15.0N,  91.1W,  30, -999, -999, -999, -999, -999, -999, -999, -999, -999, -999, -999, -999, -999, -999
19490929, 1800,  , TD, 15.5N,  90.9W,  30, -999, -999, -999, -999, -999, -999, -999, -999, -999, -999, -999, -999, -999, -999
19490930, 0000,  , TD, 16.0N,  90.9W,  30, -999, -999, -999, -999, -999, -999, -999, -999, -999, -999, -999, -999, -999, -999
19490930, 0600,  , TD, 16.5N,  90.8W,  30, -999, -999, -999, -999, -999, -999, -999, -999, -999, -999, -999, -999, -999, -999
19490930, 1200,  , TD, 17.0N,  90.6W,  30, -999, -999, -999, -999, -999, -999, -999, -999, -999, -999, -999, -999, -999, -999
19490930, 1800,  , TD, 17.5N,  90.5W,  30, -999, -999, -999, -999, -999, -999, -999, -999, -999, -999, -999, -999, -999, -999
19491001, 0000,  , TD, 18.0N,  90.7W,  30, -999, -999, -999, -999, -999, -999, -999, -999, -999, -999, -999, -999, -999, -999
19491001, 0600,  , TD, 18.6N,  91.5W,  30, -999, -999, -999, -999, -999, -999, -999, -999, -999, -999, -999, -999, -999, -999
19491001, 1200,  , TS, 19.1N,  92.0W,  35, -999, -999, -999, -999, -999, -999, -999, -999, -999, -999, -999, -999, -999, -999
19491001, 1800,  , TS, 19.5N,  92.3W,  40, -999, -999, -999, -999, -999, -999, -999, -999, -999, -999, -999, -999, -999, -999
19491002, 0000,  , TS, 20.0N,  92.7W,  50, -999, -999, -999, -999, -999, -999, -999, -999, -999, -999, -999, -999, -999, -999
19491002, 0600,  , TS, 20.6N,  93.5W,  55, -999, -999, -999, -999, -999, -999, -999, -999, -999, -999, -999, -999, -999, -999
19491002, 1200,  , TS, 21.3N,  93.9W,  60, -999, -999, -999, -999, -999, -999, -999, -999, -999, -999, -999, -999, -999, -999
19491002, 1800,  , HU, 22.0N,  94.3W,  65, -999, -999, -999, -999, -999, -999, -999, -999, -999, -999, -999, -999, -999, -999
19491003, 0000,  , HU, 22.7N,  94.6W,  75, -999, -999, -999, -999, -999, -999, -999, -999, -999, -999, -999, -999, -999, -999
19491003, 0600,  , HU, 23.5N,  95.0W,  85, -999, -999, -999, -999, -999, -999, -999, -999, -999, -999, -999, -999, -999, -999
19491003, 1200,  , HU, 24.7N,  95.4W,  95, -999, -999, -999, -999, -999, -999, -999, -999, -999, -999, -999, -999, -999, -999
19491003, 1800,  , HU, 26.3N,  95.5W,  95, -999, -999, -999, -999, -999, -999, -999, -999, -999, -999, -999, -999, -999, -999
19491004, 0000,  , HU, 27.8N,  95.6W,  95, -999, -999, -999, -999, -999, -999, -999, -999, -999, -999, -999, -999, -999, -999
19491004, 0500, L, HU, 28.8N,  95.6W,  95,  965, -999, -999, -999, -999, -999, -999, -999, -999, -999, -999, -999, -999,   15
19491004, 0600,  , HU, 29.1N,  95.6W,  95,  965, -999, -999, -999, -999, -999, -999, -999, -999, -999, -999, -999, -999, -999
19491004, 1200,  , TS, 30.1N,  95.2W,  55,  982, -999, -999, -999, -999, -999, -999, -999, -999, -999, -999, -999, -999, -999
19491004, 1800,  , TS, 31.0N,  95.0W,  40, -999, -999, -999, -999, -999, -999, -999, -999, -999, -999, -999, -999, -999, -999
19491005, 0000,  , TS, 31.6N,  94.8W,  35,  998, -999, -999, -999, -999, -999, -999, -999, -999, -999, -999, -999, -999, -999
19491005, 0600,  , TD, 32.1N,  94.4W,  30, -999, -999, -999, -999, -999, -999, -999, -999, -999, -999, -999, -999, -999, -999
19491005, 1200,  , TD, 33.0N,  93.9W,  25, -999, -999, -999, -999, -999, -999, -999, -999, -999, -999, -999, -999, -999, -999
19491005, 1800,  , TD, 34.1N,  92.9W,  25, -999, -999, -999, -999, -999, -999, -999, -999, -999, -999, -999, -999, -999, -999
19491006, 0000,  , TD, 35.4N,  91.7W,  25, -999, -999, -999, -999, -999, -999, -999, -999, -999, -999, -999, -999, -999, -999
19491006, 0600,  , EX, 37.7N,  90.7W,  25, -999, -999, -999, -999, -999, -999, -999, -999, -999, -999, -999, -999, -999, -999
19491006, 1200,  , EX, 39.8N,  89.6W,  25, -999, -999, -999, -999, -999, -999, -999, -999, -999, -999, -999, -999, -999, -999
19491006, 1800,  , EX, 41.9N,  88.6W,  25, -999, -999, -999, -999, -999, -999, -999, -999, -999, -999, -999, -999, -999, -999
19491007, 0000,  , EX, 43.9N,  87.5W,  25, -999, -999, -999, -999, -999, -999, -999, -999, -999, -999, -999, -999, -999, -999
AL121949,            UNNAMED,     21,
19491002, 1800,  , TS, 24.0N,  56.8W,  35, -999, -999, -999, -999, -999, -999, -999, -999, -999, -999, -999, -999, -999, -999
19491003, 0000,  , TS, 25.0N,  56.8W,  35, -999, -999, -999, -999, -999, -999, -999, -999, -999, -999, -999, -999, -999, -999
19491003, 0600,  , TS, 25.9N,  56.7W,  35, -999, -999, -999, -999, -999, -999, -999, -999, -999, -999, -999, -999, -999, -999
19491003, 1200,  , TS, 26.5N,  56.5W,  40, -999, -999, -999, -999, -999, -999, -999, -999, -999, -999, -999, -999, -999, -999
19491003, 1800,  , TS, 26.8N,  56.3W,  40, -999, -999, -999, -999, -999, -999, -999, -999, -999, -999, -999, -999, -999, -999
19491004, 0000,  , TS, 26.8N,  56.1W,  45, -999, -999, -999, -999, -999, -999, -999, -999, -999, -999, -999, -999, -999, -999
19491004, 0600,  , TS, 26.9N,  55.8W,  45, -999, -999, -999, -999, -999, -999, -999, -999, -999, -999, -999, -999, -999, -999
19491004, 1200,  , TS, 27.2N,  55.0W,  50, -999, -999, -999, -999, -999, -999, -999, -999, -999, -999, -999, -999, -999, -999
19491004, 1800,  , TS, 28.0N,  53.6W,  50, -999, -999, -999, -999, -999, -999, -999, -999, -999, -999, -999, -999, -999, -999
19491005, 0000,  , TS, 28.8N,  51.8W,  50, -999, -999, -999, -999, -999, -999, -999, -999, -999, -999, -999, -999, -999, -999
19491005, 0600,  , TS, 29.7N,  49.8W,  50, -999, -999, -999, -999, -999, -999, -999, -999, -999, -999, -999, -999, -999, -999
19491005, 1200,  , TS, 30.5N,  48.0W,  50, -999, -999, -999, -999, -999, -999, -999, -999, -999, -999, -999, -999, -999, -999
19491005, 1800,  , TS, 30.8N,  46.5W,  50, -999, -999, -999, -999, -999, -999, -999, -999, -999, -999, -999, -999, -999, -999
19491006, 0000,  , TS, 31.0N,  45.5W,  45, -999, -999, -999, -999, -999, -999, -999, -999, -999, -999, -999, -999, -999, -999
19491006, 0600,  , TS, 31.5N,  44.4W,  45, -999, -999, -999, -999, -999, -999, -999, -999, -999, -999, -999, -999, -999, -999
19491006, 1200,  , TS, 32.0N,  43.0W,  45, -999, -999, -999, -999, -999, -999, -999, -999, -999, -999, -999, -999, -999, -999
19491006, 1800,  , TS, 32.5N,  41.6W,  40, -999, -999, -999, -999, -999, -999, -999, -999, -999, -999, -999, -999, -999, -999
19491007, 0000,  , TS, 33.0N,  40.2W,  40, -999, -999, -999, -999, -999, -999, -999, -999, -999, -999, -999, -999, -999, -999
19491007, 0600,  , TS, 33.5N,  38.8W,  35, -999, -999, -999, -999, -999, -999, -999, -999, -999, -999, -999, -999, -999, -999
19491007, 1200,  , EX, 34.0N,  37.0W,  35, -999, -999, -999, -999, -999, -999, -999, -999, -999, -999, -999, -999, -999, -999
19491007, 1800,  , EX, 34.8N,  34.5W,  30, -999, -999, -999, -999, -999, -999, -999, -999, -999, -999, -999, -999, -999, -999
AL131949,            UNNAMED,     35,
19491013, 0600,  , TD, 20.8N,  74.7W,  30, -999, -999, -999, -999, -999, -999, -999, -999, -999, -999, -999, -999, -999, -999
19491013, 1200,  , TD, 21.5N,  74.1W,  30, -999, -999, -999, -999, -999, -999, -999, -999, -999, -999, -999, -999, -999, -999
19491013, 1800,  , TS, 22.2N,  73.5W,  35, -999, -999, -999, -999, -999, -999, -999, -999, -999, -999, -999, -999, -999, -999
19491014, 0000,  , TS, 22.9N,  72.9W,  40, -999, -999, -999, -999, -999, -999, -999, -999, -999, -999, -999, -999, -999, -999
19491014, 0600,  , TS, 23.5N,  72.4W,  50, -999, -999, -999, -999, -999, -999, -999, -999, -999, -999, -999, -999, -999, -999
19491014, 1200,  , TS, 24.2N,  71.9W,  60, -999, -999, -999, -999, -999, -999, -999, -999, -999, -999, -999, -999, -999, -999
19491014, 1800,  , HU, 25.0N,  71.4W,  65,  995, -999, -999, -999, -999, -999, -999, -999, -999, -999, -999, -999, -999, -999
19491015, 0000,  , HU, 25.9N,  71.0W,  70, -999, -999, -999, -999, -999, -999, -999, -999, -999, -999, -999, -999, -999, -999
19491015, 0600,  , HU, 26.8N,  70.5W,  75, -999, -999, -999, -999, -999, -999, -999, -999, -999, -999, -999, -999, -999, -999
19491015, 1200,  , HU, 27.6N,  70.0W,  80, -999, -999, -999, -999, -999, -999, -999, -999, -999, -999, -999, -999, -999, -999
19491015, 1800,  , HU, 29.2N,  69.6W,  80, -999, -999, -999, -999, -999, -999, -999, -999, -999, -999, -999, -999, -999, -999
19491016, 0000,  , HU, 30.9N,  69.2W,  80, -999, -999, -999, -999, -999, -999, -999, -999, -999, -999, -999, -999, -999, -999
19491016, 0600,  , HU, 32.6N,  68.7W,  80, -999, -999, -999, -999, -999, -999, -999, -999, -999, -999, -999, -999, -999, -999
19491016, 1200,  , HU, 34.5N,  68.0W,  80, -999, -999, -999, -999, -999, -999, -999, -999, -999, -999, -999, -999, -999, -999
19491016, 1800,  , HU, 35.5N,  66.9W,  75, -999, -999, -999, -999, -999, -999, -999, -999, -999, -999, -999, -999, -999, -999
19491017, 0000,  , HU, 35.9N,  65.8W,  65, -999, -999, -999, -999, -999, -999, -999, -999, -999, -999, -999, -999, -999, -999
19491017, 0600,  , TS, 36.3N,  64.7W,  60, -999, -999, -999, -999, -999, -999, -999, -999, -999, -999, -999, -999, -999, -999
19491017, 1200,  , TS, 36.7N,  63.6W,  55, -999, -999, -999, -999, -999, -999, -999, -999, -999, -999, -999, -999, -999, -999
19491017, 1800,  , TS, 37.1N,  62.9W,  55, -999, -999, -999, -999, -999, -999, -999, -999, -999, -999, -999, -999, -999, -999
19491018, 0000,  , TS, 37.2N,  62.7W,  55, -999, -999, -999, -999, -999, -999, -999, -999, -999, -999, -999, -999, -999, -999
19491018, 0600,  , TS, 37.3N,  62.6W,  55, -999, -999, -999, -999, -999, -999, -999, -999, -999, -999, -999, -999, -999, -999
19491018, 1200,  , TS, 37.8N,  62.5W,  55, -999, -999, -999, -999, -999, -999, -999, -999, -999, -999, -999, -999, -999, -999
19491018, 1800,  , TS, 38.9N,  62.5W,  55, -999, -999, -999, -999, -999, -999, -999, -999, -999, -999, -999, -999, -999, -999
19491019, 0000,  , TS, 40.0N,  62.4W,  50, -999, -999, -999, -999, -999, -999, -999, -999, -999, -999, -999, -999, -999, -999
19491019, 0600,  , EX, 41.2N,  62.2W,  50, -999, -999, -999, -999, -999, -999, -999, -999, -999, -999, -999, -999, -999, -999
19491019, 1200,  , EX, 42.1N,  61.9W,  50, -999, -999, -999, -999, -999, -999, -999, -999, -999, -999, -999, -999, -999, -999
19491019, 1800,  , EX, 43.0N,  61.0W,  50, -999, -999, -999, -999, -999, -999, -999, -999, -999, -999, -999, -999, -999, -999
19491020, 0000,  , EX, 43.0N,  60.0W,  45, -999, -999, -999, -999, -999, -999, -999, -999, -999, -999, -999, -999, -999, -999
19491020, 0600,  , EX, 42.5N,  60.2W,  40, -999, -999, -999, -999, -999, -999, -999, -999, -999, -999, -999, -999, -999, -999
19491020, 1200,  , EX, 41.5N,  60.8W,  35, -999, -999, -999, -999, -999, -999, -999, -999, -999, -999, -999, -999, -999, -999
19491020, 1800,  , EX, 41.7N,  60.5W,  35, -999, -999, -999, -999, -999, -999, -999, -999, -999, -999, -999, -999, -999, -999
19491021, 0000,  , EX, 42.5N,  59.0W,  35, -999, -999, -999, -999, -999, -999, -999, -999, -999, -999, -999, -999, -999, -999
19491021, 0600,  , EX, 43.5N,  56.0W,  35, -999, -999, -999, -999, -999, -999, -999, -999, -999, -999, -999, -999, -999, -999
19491021, 1200,  , EX, 44.7N,  51.0W,  35, -999, -999, -999, -999, -999, -999, -999, -999, -999, -999, -999, -999, -999, -999
19491021, 1800,  , EX, 45.0N,  45.0W,  35, -999, -999, -999, -999, -999, -999, -999, -999, -999, -999, -999, -999, -999, -999
AL141949,            UNNAMED,     17,
19491013, 0600,  , TS, 21.8N,  49.2W,  35, -999, -999, -999, -999, -999, -999, -999, -999, -999, -999, -999, -999, -999, -999
19491013, 1200,  , TS, 22.1N,  50.1W,  35, -999, -999, -999, -999, -999, -999, -999, -999, -999, -999, -999, -999, -999, -999
19491013, 1800,  , TS, 22.5N,  50.9W,  35, -999, -999, -999, -999, -999, -999, -999, -999, -999, -999, -999, -999, -999, -999
19491014, 0000,  , TS, 22.9N,  51.6W,  35, -999, -999, -999, -999, -999, -999, -999, -999, -999, -999, -999, -999, -999, -999
19491014, 0600,  , TS, 23.3N,  52.1W,  40, -999, -999, -999, -999, -999, -999, -999, -999, -999, -999, -999, -999, -999, -999
19491014, 1200,  , TS, 24.0N,  52.3W,  40, -999, -999, -999, -999, -999, -999, -999, -999, -999, -999, -999, -999, -999, -999
19491014, 1800,  , TS, 25.2N,  52.5W,  45, -999, -999, -999, -999, -999, -999, -999, -999, -999, -999, -999, -999, -999, -999
19491015, 0000,  , TS, 26.8N,  53.0W,  50, -999, -999, -999, -999, -999, -999, -999, -999, -999, -999, -999, -999, -999, -999
19491015, 0600,  , TS, 28.1N,  54.0W,  50, -999, -999, -999, -999, -999, -999, -999, -999, -999, -999, -999, -999, -999, -999
19491015, 1200,  , TS, 29.1N,  55.0W,  50, -999, -999, -999, -999, -999, -999, -999, -999, -999, -999, -999, -999, -999, -999
19491015, 1800,  , TS, 30.2N,  56.2W,  50, -999, -999, -999, -999, -999, -999, -999, -999, -999, -999, -999, -999, -999, -999
19491016, 0000,  , TS, 32.1N,  56.9W,  50, -999, -999, -999, -999, -999, -999, -999, -999, -999, -999, -999, -999, -999, -999
19491016, 0600,  , TS, 33.6N,  56.7W,  45, -999, -999, -999, -999, -999, -999, -999, -999, -999, -999, -999, -999, -999, -999
19491016, 1200,  , TS, 35.0N,  55.7W,  40, -999, -999, -999, -999, -999, -999, -999, -999, -999, -999, -999, -999, -999, -999
19491016, 1800,  , TS, 36.1N,  54.6W,  35, -999, -999, -999, -999, -999, -999, -999, -999, -999, -999, -999, -999, -999, -999
19491017, 0000,  , TS, 37.2N,  53.1W,  35, -999, -999, -999, -999, -999, -999, -999, -999, -999, -999, -999, -999, -999, -999
19491017, 0600,  , TS, 38.0N,  51.2W,  35, -999, -999, -999, -999, -999, -999, -999, -999, -999, -999, -999, -999, -999, -999
AL151949,            UNNAMED,     19,
19491101, 1200,  , TS, 26.0N,  45.5W,  35, -999, -999, -999, -999, -999, -999, -999, -999, -999, -999, -999, -999, -999, -999
19491101, 1800,  , TS, 25.0N,  46.5W,  40, -999, -999, -999, -999, -999, -999, -999, -999, -999, -999, -999, -999, -999, -999
19491102, 0000,  , TS, 24.1N,  47.7W,  40, -999, -999, -999, -999, -999, -999, -999, -999, -999, -999, -999, -999, -999, -999
19491102, 0600,  , TS, 23.3N,  49.0W,  40, -999, -999, -999, -999, -999, -999, -999, -999, -999, -999, -999, -999, -999, -999
19491102, 1200,  , TS, 22.5N,  51.0W,  45, -999, -999, -999, -999, -999, -999, -999, -999, -999, -999, -999, -999, -999, -999
19491102, 1800,  , TS, 21.8N,  53.6W,  45, -999, -999, -999, -999, -999, -999, -999, -999, -999, -999, -999, -999, -999, -999
19491103, 0000,  , TS, 21.2N,  56.0W,  45, -999, -999, -999, -999, -999, -999, -999, -999, -999, -999, -999, -999, -999, -999
19491103, 0600,  , TS, 20.8N,  58.0W,  45, -999, -999, -999, -999, -999, -999, -999, -999, -999, -999, -999, -999, -999, -999
19491103, 1200,  , TS, 20.5N,  60.0W,  45, -999, -999, -999, -999, -999, -999, -999, -999, -999, -999, -999, -999, -999, -999
19491103, 1800,  , TS, 20.8N,  62.0W,  45, -999, -999, -999, -999, -999, -999, -999, -999, -999, -999, -999, -999, -999, -999
19491104, 0000,  , TS, 21.5N,  64.0W,  40, -999, -999, -999, -999, -999, -999, -999, -999, -999, -999, -999, -999, -999, -999
19491104, 0600,  , TS, 22.4N,  65.3W,  35, -999, -999, -999, -999, -999, -999, -999, -999, -999, -999, -999, -999, -999, -999
19491104, 1200,  , TS, 23.5N,  66.0W,  35, -999, -999, -999, -999, -999, -999, -999, -999, -999, -999, -999, -999, -999, -999
19491104, 1800,  , TD, 25.0N,  66.2W,  30, -999, -999, -999, -999, -999, -999, -999, -999, -999, -999, -999, -999, -999, -999
19491105, 0000,  , TD, 26.7N,  66.0W,  30, -999, -999, -999, -999, -999, -999, -999, -999, -999, -999, -999, -999, -999, -999
19491105, 0600,  , EX, 29.0N,  65.0W,  30, -999, -999, -999, -999, -999, -999, -999, -999, -999, -999, -999, -999, -999, -999
19491105, 1200,  , EX, 31.8N,  63.5W,  30, -999, -999, -999, -999, -999, -999, -999, -999, -999, -999, -999, -999, -999, -999
19491105, 1800,  , EX, 36.0N,  63.0W,  30, -999, -999, -999, -999, -999, -999, -999, -999, -999, -999, -999, -999, -999, -999
19491106, 0000,  , EX, 41.5N,  63.0W,  30, -999, -999, -999, -999, -999, -999, -999, -999, -999, -999, -999, -999, -999, -999
AL161949,            UNNAMED,      9,
19491103, 0600,  , TS, 18.0N,  82.5W,  35, -999, -999, -999, -999, -999, -999, -999, -999, -999, -999, -999, -999, -999, -999
19491103, 1200,  , TS, 18.0N,  83.2W,  45, -999, -999, -999, -999, -999, -999, -999, -999, -999, -999, -999, -999, -999, -999
19491103, 1800,  , TS, 17.5N,  83.6W,  55,  993, -999, -999, -999, -999, -999, -999, -999, -999, -999, -999, -999, -999, -999
19491104, 0000,  , TS, 17.0N,  83.9W,  50, -999, -999, -999, -999, -999, -999, -999, -999, -999, -999, -999, -999, -999, -999
19491104, 0600,  , TS, 16.3N,  84.1W,  45, -999, -999, -999, -999, -999, -999, -999, -999, -999, -999, -999, -999, -999, -999
19491104, 1200,  , TS, 15.8N,  84.2W,  40, -999, -999, -999, -999, -999, -999, -999, -999, -999, -999, -999, -999, -999, -999
19491104, 1400, L, TS, 15.6N,  84.1W,  40, -999, -999, -999, -999, -999, -999, -999, -999, -999, -999, -999, -999, -999, -999
19491104, 1800,  , TD, 15.2N,  83.9W,  30, -999, -999, -999, -999, -999, -999, -999, -999, -999, -999, -999, -999, -999, -999
19491105, 0000,  , TD, 14.5N,  83.6W,  25, -999, -999, -999, -999, -999, -999, -999, -999, -999, -999, -999, -999, -999, -999
