AL011933,            UNNAMED,     22,
19330514, 1200,  , TS, 13.3N,  82.0W,  35, -999, -999, -999, -999, -999, -999, -999, -999, -999, -999, -999, -999, -999, -999
19330514, 1800,  , TS, 14.3N,  82.7W,  35, -999, -999, -999, -999, -999, -999, -999, -999, -999, -999, -999, -999, -999, -999
19330515, 0000,  , TS, 15.3N,  83.4W,  35, -999, -999, -999, -999, -999, -999, -999, -999, -999, -999, -999, -999, -999, -999
19330515, 0600,  , TS, 16.5N,  84.1W,  35, -999, -999, -999, -999, -999, -999, -999, -999, -999, -999, -999, -999, -999, -999
19330515, 1200,  , TS, 18.2N,  84.9W,  35, -999, -999, -999, -999, -999, -999, -999, -999, -999, -999, -999, -999, -999, -999
19330515, 1800,  , TS, 20.2N,  86.0W,  40, -999, -999, -999, -999, -999, -999, -999, -999, -999, -999, -999, -999, -999, -999
19330516, 0000,  , TS, 22.2N,  87.3W,  45, 1001, -999, -999, -999, -999, -999, -999, -999, -999, -999, -999, -999, -999, -999
19330516, 0600,  , TS, 22.7N,  88.7W,  45, -999, -999, -999, -999, -999, -999, -999, -999, -999, -999, -999, -999, -999, -999
19330516, 1200,  , TS, 23.0N,  90.0W,  45, -999, -999, -999, -999, -999, -999, -999, -999, -999, -999, -999, -999, -999, -999
19330516, 1800,  , TS, 23.0N,  90.4W,  45, -999, -999, -999, -999, -999, -999, -999, -999, -999, -999, -999, -999, -999, -999
19330517, 0000,  , TS, 22.9N,  90.6W,  45, -999, -999, -999, -999, -999, -999, -999, -999, -999, -999, -999, -999, -999, -999
19330517, 0600,  , TS, 22.7N,  90.8W,  45, -999, -999, -999, -999, -999, -999, -999, -999, -999, -999, -999, -999, -999, -999
19330517, 1200,  , TS, 22.5N,  91.0W,  45, -999, -999, -999, -999, -999, -999, -999, -999, -999, -999, -999, -999, -999, -999
19330517, 1800,  , TS, 22.0N,  91.2W,  45, -999, -999, -999, -999, -999, -999, -999, -999, -999, -999, -999, -999, -999, -999
19330518, 0000,  , TS, 21.4N,  91.3W,  40, -999, -999, -999, -999, -999, -999, -999, -999, -999, -999, -999, -999, -999, -999
19330518, 0600,  , TS, 20.7N,  91.4W,  40, -999, -999, -999, -999, -999, -999, -999, -999, -999, -999, -999, -999, -999, -999
19330518, 1200,  , TS, 20.1N,  91.5W,  35, -999, -999, -999, -999, -999, -999, -999, -999, -999, -999, -999, -999, -999, -999
19330518, 1800,  , TS, 19.5N,  91.6W,  35, -999, -999, -999, -999, -999, -999, -999, -999, -999, -999, -999, -999, -999, -999
19330519, 0000,  , TS, 19.0N,  91.7W,  35, -999, -999, -999, -999, -999, -999, -999, -999, -999, -999, -999, -999, -999, -999
19330519, 0600,  , TD, 18.5N,  91.6W,  30, -999, -999, -999, -999, -999, -999, -999, -999, -999, -999, -999, -999, -999, -999
19330519, 1200,  , TD, 18.0N,  91.5W,  25, -999, -999, -999, -999, -999, -999, -999, -999, -999, -999, -999, -999, -999, -999
19330519, 1800,  , TD, 17.5N,  91.5W,  25, -999, -999, -999, -999, -999, -999, -999, -999, -999, -999, -999, -999, -999, -999
AL021933,            UNNAMED,     53,
19330624, 1200,  , TD,  9.0N,  42.5W,  30, -999, -999, -999, -999, -999, -999, -999, -999, -999, -999, -999, -999, -999, -999
19330624, 1800,  , TD,  9.0N,  43.8W,  30, -999, -999, -999, -999, -999, -999, -999, -999, -999, -999, -999, -999, -999, -999
19330625, 0000,  , TS,  9.0N,  45.2W,  35, -999, -999, -999, -999, -999, -999, -999, -999, -999, -999, -999, -999, -999, -999
19330625, 0600,  , TS,  9.0N,  46.6W,  35, -999, -999, -999, -999, -999, -999, -999, -999, -999, -999, -999, -999, -999, -999
19330625, 1200,  , TS,  9.0N,  48.0W,  35, -999, -999, -999, -999, -999, -999, -999, -999, -999, -999, -999, -999, -999, -999
19330625, 1800,  , TS,  9.0N,  49.3W,  35, -999, -999, -999, -999, -999, -999, -999, -999, -999, -999, -999, -999, -999, -999
19330626, 0000,  , TS,  9.0N,  50.7W,  40, -999, -999, -999, -999, -999, -999, -999, -999, -999, -999, -999, -999, -999, -999
19330626, 0600,  , TS,  9.1N,  52.1W,  40, -999, -999, -999, -999, -999, -999, -999, -999, -999, -999, -999, -999, -999, -999
19330626, 1200,  , TS,  9.2N,  53.5W,  45, -999, -999, -999, -999, -999, -999, -999, -999, -999, -999, -999, -999, -999, -999
19330626, 1800,  , TS,  9.3N,  54.8W,  50, -999, -999, -999, -999, -999, -999, -999, -999, -999, -999, -999, -999, -999, -999
19330627, 0000,  , TS,  9.4N,  56.2W,  55, -999, -999, -999, -999, -999, -999, -999, -999, -999, -999, -999, -999, -999, -999
19330627, 0600,  , TS,  9.5N,  57.6W,  60, -999, -999, -999, -999, -999, -999, -999, -999, -999, -999, -999, -999, -999, -999
19330627, 1200,  , HU,  9.6N,  59.0W,  70, -999, -999, -999, -999, -999, -999, -999, -999, -999, -999, -999, -999, -999, -999
19330627, 1800,  , HU,  9.9N,  60.4W,  75, -999, -999, -999, -999, -999, -999, -999, -999, -999, -999, -999, -999, -999, -999
19330628, 0000,  , HU, 10.3N,  61.8W,  75, -999, -999, -999, -999, -999, -999, -999, -999, -999, -999, -999, -999, -999, -999
19330628, 0600,  , HU, 10.9N,  63.2W,  65, -999, -999, -999, -999, -999, -999, -999, -999, -999, -999, -999, -999, -999, -999
19330628, 1200,  , HU, 11.5N,  64.6W,  65, -999, -999, -999, -999, -999, -999, -999, -999, -999, -999, -999, -999, -999, -999
19330628, 1800,  , HU, 12.0N,  65.9W,  65, -999, -999, -999, -999, -999, -999, -999, -999, -999, -999, -999, -999, -999, -999
19330629, 0000,  , HU, 12.4N,  67.3W,  70, -999, -999, -999, -999, -999, -999, -999, -999, -999, -999, -999, -999, -999, -999
19330629, 0600,  , HU, 12.8N,  68.7W,  75, -999, -999, -999, -999, -999, -999, -999, -999, -999, -999, -999, -999, -999, -999
19330629, 1200,  , HU, 13.2N,  70.0W,  80, -999, -999, -999, -999, -999, -999, -999, -999, -999, -999, -999, -999, -999, -999
19330629, 1800,  , HU, 13.6N,  71.0W,  80, -999, -999, -999, -999, -999, -999, -999, -999, -999, -999, -999, -999, -999, -999
19330630, 0000,  , HU, 14.0N,  72.0W,  80, -999, -999, -999, -999, -999, -999, -999, -999, -999, -999, -999, -999, -999, -999
19330630, 0600,  , HU, 14.4N,  73.0W,  80, -999, -999, -999, -999, -999, -999, -999, -999, -999, -999, -999, -999, -999, -999
19330630, 1200,  , HU, 14.8N,  74.1W,  80, -999, -999, -999, -999, -999, -999, -999, -999, -999, -999, -999, -999, -999, -999
19330630, 1800,  , HU, 15.3N,  75.2W,  85, -999, -999, -999, -999, -999, -999, -999, -999, -999, -999, -999, -999, -999, -999
19330701, 0000,  , HU, 15.8N,  76.2W,  85, -999, -999, -999, -999, -999, -999, -999, -999, -999, -999, -999, -999, -999, -999
19330701, 0600,  , HU, 16.1N,  77.2W,  85, -999, -999, -999, -999, -999, -999, -999, -999, -999, -999, -999, -999, -999, -999
19330701, 1200,  , HU, 16.3N,  78.2W,  85, -999, -999, -999, -999, -999, -999, -999, -999, -999, -999, -999, -999, -999, -999
19330701, 1800,  , HU, 16.7N,  79.3W,  85, -999, -999, -999, -999, -999, -999, -999, -999, -999, -999, -999, -999, -999, -999
19330702, 0000,  , HU, 17.2N,  80.4W,  85, -999, -999, -999, -999, -999, -999, -999, -999, -999, -999, -999, -999, -999, -999
19330702, 0600,  , HU, 18.1N,  81.3W,  85, -999, -999, -999, -999, -999, -999, -999, -999, -999, -999, -999, -999, -999, -999
19330702, 1200,  , HU, 19.2N,  82.0W,  85, -999, -999, -999, -999, -999, -999, -999, -999, -999, -999, -999, -999, -999, -999
19330702, 1800,  , HU, 20.1N,  82.6W,  85, -999, -999, -999, -999, -999, -999, -999, -999, -999, -999, -999, -999, -999, -999
19330703, 0000,  , HU, 21.1N,  83.2W,  85, -999, -999, -999, -999, -999, -999, -999, -999, -999, -999, -999, -999, -999, -999
19330703, 0600,  , HU, 22.0N,  83.9W,  85, -999, -999, -999, -999, -999, -999, -999, -999, -999, -999, -999, -999, -999, -999
19330703, 1200,  , HU, 22.9N,  84.6W,  80, -999, -999, -999, -999, -999, -999, -999, -999, -999, -999, -999, -999, -999, -999
19330703, 1800,  , HU, 23.5N,  85.2W,  80, -999, -999, -999, -999, -999, -999, -999, -999, -999, -999, -999, -999, -999, -999
19330704, 0000,  , HU, 23.9N,  85.8W,  85, -999, -999, -999, -999, -999, -999, -999, -999, -999, -999, -999, -999, -999, -999
19330704, 0600,  , HU, 24.3N,  86.4W,  85, -999, -999, -999, -999, -999, -999, -999, -999, -999, -999, -999, -999, -999, -999
19330704, 1200,  , HU, 24.7N,  87.0W,  85, -999, -999, -999, -999, -999, -999, -999, -999, -999, -999, -999, -999, -999, -999
19330704, 1800,  , HU, 25.1N,  87.8W,  85, -999, -999, -999, -999, -999, -999, -999, -999, -999, -999, -999, -999, -999, -999
19330705, 0000,  , HU, 25.5N,  88.9W,  90, -999, -999, -999, -999, -999, -999, -999, -999, -999, -999, -999, -999, -999, -999
19330705, 0600,  , HU, 25.5N,  90.3W,  95, -999, -999, -999, -999, -999, -999, -999, -999, -999, -999, -999, -999, -999, -999
19330705, 1200,  , HU, 25.5N,  91.5W,  95, -999, -999, -999, -999, -999, -999, -999, -999, -999, -999, -999, -999, -999, -999
19330705, 1800,  , HU, 25.3N,  92.6W,  95, -999, -999, -999, -999, -999, -999, -999, -999, -999, -999, -999, -999, -999, -999
19330706, 0000,  , HU, 25.1N,  93.6W,  95, -999, -999, -999, -999, -999, -999, -999, -999, -999, -999, -999, -999, -999, -999
19330706, 0600,  , HU, 24.9N,  94.6W,  90, -999, -999, -999, -999, -999, -999, -999, -999, -999, -999, -999, -999, -999, -999
19330706, 1200,  , HU, 24.6N,  95.6W,  90, -999, -999, -999, -999, -999, -999, -999, -999, -999, -999, -999, -999, -999, -999
19330706, 1800,  , HU, 24.2N,  96.5W,  85, -999, -999, -999, -999, -999, -999, -999, -999, -999, -999, -999, -999, -999, -999
19330707, 0000,  , HU, 23.7N,  97.5W,  85, -999, -999, -999, -999, -999, -999, -999, -999, -999, -999, -999, -999, -999, -999
19330707, 0600,  , TS, 23.1N,  98.6W,  60, -999, -999, -999, -999, -999, -999, -999, -999, -999, -999, -999, -999, -999, -999
19330707, 1200,  , TS, 22.5N,  99.8W,  35, -999, -999, -999, -999, -999, -999, -999, -999, -999, -999, -999, -999, -999, -999
AL031933,            UNNAMED,     55,
19330714, 0000,  , TD, 14.9N,  60.0W,  30, -999, -999, -999, -999, -999, -999, -999, -999, -999, -999, -999, -999, -999, -999
19330714, 0600,  , TD, 15.5N,  61.5W,  30, -999, -999, -999, -999, -999, -999, -999, -999, -999, -999, -999, -999, -999, -999
19330714, 1200,  , TD, 16.0N,  63.0W,  30, -999, -999, -999, -999, -999, -999, -999, -999, -999, -999, -999, -999, -999, -999
19330714, 1800,  , TD, 16.3N,  64.5W,  30, -999, -999, -999, -999, -999, -999, -999, -999, -999, -999, -999, -999, -999, -999
19330715, 0000,  , TD, 16.6N,  66.0W,  30, -999, -999, -999, -999, -999, -999, -999, -999, -999, -999, -999, -999, -999, -999
19330715, 0600,  , TD, 16.8N,  67.4W,  30, -999, -999, -999, -999, -999, -999, -999, -999, -999, -999, -999, -999, -999, -999
19330715, 1200,  , TD, 17.0N,  68.8W,  30, -999, -999, -999, -999, -999, -999, -999, -999, -999, -999, -999, -999, -999, -999
19330715, 1800,  , TD, 17.2N,  70.5W,  30, -999, -999, -999, -999, -999, -999, -999, -999, -999, -999, -999, -999, -999, -999
19330716, 0000,  , TS, 17.4N,  72.3W,  35, -999, -999, -999, -999, -999, -999, -999, -999, -999, -999, -999, -999, -999, -999
19330716, 0600,  , TS, 17.5N,  73.9W,  35, -999, -999, -999, -999, -999, -999, -999, -999, -999, -999, -999, -999, -999, -999
19330716, 1200,  , TS, 17.6N,  75.5W,  35, -999, -999, -999, -999, -999, -999, -999, -999, -999, -999, -999, -999, -999, -999
19330716, 1800,  , TS, 17.7N,  77.0W,  35, -999, -999, -999, -999, -999, -999, -999, -999, -999, -999, -999, -999, -999, -999
19330717, 0000,  , TS, 17.8N,  78.5W,  35, -999, -999, -999, -999, -999, -999, -999, -999, -999, -999, -999, -999, -999, -999
19330717, 0600,  , TS, 17.9N,  80.0W,  40, -999, -999, -999, -999, -999, -999, -999, -999, -999, -999, -999, -999, -999, -999
19330717, 1200,  , TS, 18.0N,  81.5W,  40, -999, -999, -999, -999, -999, -999, -999, -999, -999, -999, -999, -999, -999, -999
19330717, 1800,  , TS, 17.9N,  83.0W,  40, -999, -999, -999, -999, -999, -999, -999, -999, -999, -999, -999, -999, -999, -999
19330718, 0000,  , TS, 17.7N,  84.5W,  45, -999, -999, -999, -999, -999, -999, -999, -999, -999, -999, -999, -999, -999, -999
19330718, 0600,  , TS, 17.5N,  86.0W,  45, -999, -999, -999, -999, -999, -999, -999, -999, -999, -999, -999, -999, -999, -999
19330718, 1200,  , TS, 17.3N,  87.5W,  45, -999, -999, -999, -999, -999, -999, -999, -999, -999, -999, -999, -999, -999, -999
19330718, 1800,  , TS, 17.5N,  88.7W,  40, -999, -999, -999, -999, -999, -999, -999, -999, -999, -999, -999, -999, -999, -999
19330719, 0000,  , TS, 17.7N,  89.6W,  35, -999, -999, -999, -999, -999, -999, -999, -999, -999, -999, -999, -999, -999, -999
19330719, 0600,  , TD, 17.9N,  90.3W,  30, -999, -999, -999, -999, -999, -999, -999, -999, -999, -999, -999, -999, -999, -999
19330719, 1200,  , TD, 18.0N,  91.0W,  25, -999, -999, -999, -999, -999, -999, -999, -999, -999, -999, -999, -999, -999, -999
19330719, 1800,  , TD, 18.6N,  91.6W,  25, -999, -999, -999, -999, -999, -999, -999, -999, -999, -999, -999, -999, -999, -999
19330720, 0000,  , TD, 19.5N,  92.0W,  25, -999, -999, -999, -999, -999, -999, -999, -999, -999, -999, -999, -999, -999, -999
19330720, 0600,  , TD, 20.5N,  92.3W,  25, -999, -999, -999, -999, -999, -999, -999, -999, -999, -999, -999, -999, -999, -999
19330720, 1200,  , TD, 21.5N,  92.5W,  25, -999, -999, -999, -999, -999, -999, -999, -999, -999, -999, -999, -999, -999, -999
19330720, 1800,  , TD, 22.0N,  92.6W,  25, -999, -999, -999, -999, -999, -999, -999, -999, -999, -999, -999, -999, -999, -999
19330721, 0000,  , TD, 22.3N,  92.7W,  30, -999, -999, -999, -999, -999, -999, -999, -999, -999, -999, -999, -999, -999, -999
19330721, 0600,  , TD, 22.6N,  92.8W,  30, -999, -999, -999, -999, -999, -999, -999, -999, -999, -999, -999, -999, -999, -999
19330721, 1200,  , TD, 22.9N,  93.0W,  30, -999, -999, -999, -999, -999, -999, -999, -999, -999, -999, -999, -999, -999, -999
19330721, 1800,  , TS, 23.3N,  93.4W,  35, -999, -999, -999, -999, -999, -999, -999, -999, -999, -999, -999, -999, -999, -999
19330722, 0000,  , TS, 23.8N,  93.9W,  35, -999, -999, -999, -999, -999, -999, -999, -999, -999, -999, -999, -999, -999, -999
19330722, 0600,  , TS, 24.5N,  94.5W,  35, -999, -999, -999, -999, -999, -999, -999, -999, -999, -999, -999, -999, -999, -999
19330722, 1200,  , TS, 25.4N,  95.0W,  40, -999, -999, -999, -999, -999, -999, -999, -999, -999, -999, -999, -999, -999, -999
19330722, 1800,  , TS, 26.4N,  95.2W,  40, -999, -999, -999, -999, -999, -999, -999, -999, -999, -999, -999, -999, -999, -999
19330723, 0000,  , TS, 27.4N,  95.5W,  40, -999, -999, -999, -999, -999, -999, -999, -999, -999, -999, -999, -999, -999, -999
19330723, 0600,  , TS, 28.4N,  95.9W,  40, -999, -999, -999, -999, -999, -999, -999, -999, -999, -999, -999, -999, -999, -999
19330723, 0800, L, TS, 28.6N,  96.0W,  40, -999, -999, -999, -999, -999, -999, -999, -999, -999, -999, -999, -999, -999, -999
19330723, 1200,  , TD, 29.3N,  96.2W,  30, -999, -999, -999, -999, -999, -999, -999, -999, -999, -999, -999, -999, -999, -999
19330723, 1800,  , TD, 30.2N,  96.2W,  30, -999, -999, -999, -999, -999, -999, -999, -999, -999, -999, -999, -999, -999, -999
19330724, 0000,  , TD, 31.1N,  96.0W,  25, -999, -999, -999, -999, -999, -999, -999, -999, -999, -999, -999, -999, -999, -999
19330724, 0600,  , EX, 31.8N,  95.6W,  25, -999, -999, -999, -999, -999, -999, -999, -999, -999, -999, -999, -999, -999, -999
19330724, 1200,  , EX, 32.4N,  95.2W,  25, -999, -999, -999, -999, -999, -999, -999, -999, -999, -999, -999, -999, -999, -999
19330724, 1800,  , EX, 32.5N,  94.7W,  25, -999, -999, -999, -999, -999, -999, -999, -999, -999, -999, -999, -999, -999, -999
19330725, 0000,  , EX, 32.5N,  94.2W,  25, -999, -999, -999, -999, -999, -999, -999, -999, -999, -999, -999, -999, -999, -999
19330725, 0600,  , EX, 32.4N,  93.6W,  25, -999, -999, -999, -999, -999, -999, -999, -999, -999, -999, -999, -999, -999, -999
19330725, 1200,  , EX, 32.3N,  93.0W,  25, -999, -999, -999, -999, -999, -999, -999, -999, -999, -999, -999, -999, -999, -999
19330725, 1800,  , EX, 32.1N,  92.7W,  25, -999, -999, -999, -999, -999, -999, -999, -999, -999, -999, -999, -999, -999, -999
19330726, 0000,  , EX, 32.0N,  92.4W,  25, -999, -999, -999, -999, -999, -999, -999, -999, -999, -999, -999, -999, -999, -999
19330726, 0600,  , EX, 31.9N,  92.1W,  30, -999, -999, -999, -999, -999, -999, -999, -999, -999, -999, -999, -999, -999, -999
19330726, 1200,  , EX, 31.9N,  91.8W,  30, -999, -999, -999, -999, -999, -999, -999, -999, -999, -999, -999, -999, -999, -999
19330726, 1800,  , EX, 32.3N,  91.5W,  30, -999, -999, -999, -999, -999, -999, -999, -999, -999, -999, -999, -999, -999, -999
19330727, 0000,  , EX, 33.1N,  91.2W,  30, -999, -999, -999, -999, -999, -999, -999, -999, -999, -999, -999, -999, -999, -999
19330727, 0600,  , EX, 34.1N,  90.9W,  30, -999, -999, -999, -999, -999, -999, -999, -999, -999, -999, -999, -999, -999, -999
AL041933,            UNNAMED,     11,
19330724, 1200,  , TD, 31.0N,  57.0W,  25, -999, -999, -999, -999, -999, -999, -999, -999, -999, -999, -999, -999, -999, -999
19330724, 1800,  , TD, 31.2N,  56.1W,  30, -999, -999, -999, -999, -999, -999, -999, -999, -999, -999, -999, -999, -999, -999
19330725, 0000,  , TS, 31.4N,  55.2W,  40, -999, -999, -999, -999, -999, -999, -999, -999, -999, -999, -999, -999, -999, -999
19330725, 0600,  , TS, 31.7N,  54.3W,  45, -999, -999, -999, -999, -999, -999, -999, -999, -999, -999, -999, -999, -999, -999
19330725, 1200,  , TS, 32.0N,  53.5W,  50, -999, -999, -999, -999, -999, -999, -999, -999, -999, -999, -999, -999, -999, -999
19330725, 1800,  , TS, 33.0N,  52.9W,  50, -999, -999, -999, -999, -999, -999, -999, -999, -999, -999, -999, -999, -999, -999
19330726, 0000,  , TS, 34.1N,  52.4W,  45, -999, -999, -999, -999, -999, -999, -999, -999, -999, -999, -999, -999, -999, -999
19330726, 0600,  , TS, 35.3N,  51.9W,  40, -999, -999, -999, -999, -999, -999, -999, -999, -999, -999, -999, -999, -999, -999
19330726, 1200,  , TS, 36.5N,  51.5W,  35, -999, -999, -999, -999, -999, -999, -999, -999, -999, -999, -999, -999, -999, -999
19330726, 1800,  , TS, 37.8N,  50.9W,  35, -999, -999, -999, -999, -999, -999, -999, -999, -999, -999, -999, -999, -999, -999
19330727, 0000,  , TD, 39.6N,  49.9W,  30, -999, -999, -999, -999, -999, -999, -999, -999, -999, -999, -999, -999, -999, -999
AL051933,            UNNAMED,     51,
19330724, 1200,  , TD, 14.0N,  54.5W,  30, -999, -999, -999, -999, -999, -999, -999, -999, -999, -999, -999, -999, -999, -999
19330724, 1800,  , TD, 14.5N,  55.9W,  30, -999, -999, -999, -999, -999, -999, -999, -999, -999, -999, -999, -999, -999, -999
19330725, 0000,  , TS, 15.0N,  57.4W,  35, -999, -999, -999, -999, -999, -999, -999, -999, -999, -999, -999, -999, -999, -999
19330725, 0600,  , TS, 15.7N,  59.0W,  40, -999, -999, -999, -999, -999, -999, -999, -999, -999, -999, -999, -999, -999, -999
19330725, 1200,  , TS, 16.5N,  60.7W,  50, -999, -999, -999, -999, -999, -999, -999, -999, -999, -999, -999, -999, -999, -999
19330725, 1800,  , TS, 17.3N,  62.4W,  60, -999, -999, -999, -999, -999, -999, -999, -999, -999, -999, -999, -999, -999, -999
19330726, 0000,  , HU, 17.8N,  63.7W,  75, -999, -999, -999, -999, -999, -999, -999, -999, -999, -999, -999, -999, -999, -999
19330726, 0600,  , HU, 18.5N,  65.1W,  75, -999, -999, -999, -999, -999, -999, -999, -999, -999, -999, -999, -999, -999, -999
19330726, 1200,  , HU, 19.3N,  66.3W,  75, -999, -999, -999, -999, -999, -999, -999, -999, -999, -999, -999, -999, -999, -999
19330726, 1800,  , HU, 19.8N,  67.5W,  75, -999, -999, -999, -999, -999, -999, -999, -999, -999, -999, -999, -999, -999, -999
19330727, 0000,  , HU, 20.3N,  68.6W,  75, -999, -999, -999, -999, -999, -999, -999, -999, -999, -999, -999, -999, -999, -999
19330727, 0600,  , HU, 20.8N,  69.6W,  75, -999, -999, -999, -999, -999, -999, -999, -999, -999, -999, -999, -999, -999, -999
19330727, 1200,  , HU, 21.3N,  70.6W,  75, -999, -999, -999, -999, -999, -999, -999, -999, -999, -999, -999, -999, -999, -999
19330727, 1800,  , HU, 21.8N,  71.6W,  75, -999, -999, -999, -999, -999, -999, -999, -999, -999, -999, -999, -999, -999, -999
19330728, 0000,  , HU, 22.5N,  72.7W,  75, -999, -999, -999, -999, -999, -999, -999, -999, -999, -999, -999, -999, -999, -999
19330728, 0600,  , HU, 23.2N,  73.9W,  75, -999, -999, -999, -999, -999, -999, -999, -999, -999, -999, -999, -999, -999, -999
19330728, 1200,  , HU, 24.0N,  75.0W,  70, -999, -999, -999, -999, -999, -999, -999, -999, -999, -999, -999, -999, -999, -999
19330728, 1800,  , HU, 24.6N,  75.6W,  70, -999, -999, -999, -999, -999, -999, -999, -999, -999, -999, -999, -999, -999, -999
19330729, 0000,  , HU, 25.1N,  75.9W,  70, -999, -999, -999, -999, -999, -999, -999, -999, -999, -999, -999, -999, -999, -999
19330729, 0600,  , HU, 25.6N,  76.2W,  70, -999, -999, -999, -999, -999, -999, -999, -999, -999, -999, -999, -999, -999, -999
19330729, 1200,  , HU, 26.0N,  76.5W,  70, -999, -999, -999, -999, -999, -999, -999, -999, -999, -999, -999, -999, -999, -999
19330729, 1800,  , HU, 26.3N,  77.1W,  70, -999, -999, -999, -999, -999, -999, -999, -999, -999, -999, -999, -999, -999, -999
19330730, 0000,  , HU, 26.6N,  78.1W,  70, -999, -999, -999, -999, -999, -999, -999, -999, -999, -999, -999, -999, -999, -999
19330730, 0600,  , HU, 26.8N,  79.1W,  70, -999, -999, -999, -999, -999, -999, -999, -999, -999, -999, -999, -999, -999, -999
19330730, 1200,  , HU, 27.0N,  79.8W,  65,  988, -999, -999, -999, -999, -999, -999, -999, -999, -999, -999, -999, -999, -999
19330730, 1600, L, HU, 27.1N,  80.1W,  65,  988, -999, -999, -999, -999, -999, -999, -999, -999, -999, -999, -999, -999,   25
19330730, 1800,  , TS, 27.1N,  80.3W,  60, -999, -999, -999, -999, -999, -999, -999, -999, -999, -999, -999, -999, -999, -999
19330731, 0000,  , TS, 27.1N,  80.7W,  50, -999, -999, -999, -999, -999, -999, -999, -999, -999, -999, -999, -999, -999, -999
19330731, 0600,  , TS, 27.1N,  81.1W,  45, -999, -999, -999, -999, -999, -999, -999, -999, -999, -999, -999, -999, -999, -999
19330731, 1200,  , TS, 27.0N,  81.6W,  40, -999, -999, -999, -999, -999, -999, -999, -999, -999, -999, -999, -999, -999, -999
19330731, 1800,  , TS, 27.0N,  82.4W,  40, -999, -999, -999, -999, -999, -999, -999, -999, -999, -999, -999, -999, -999, -999
19330801, 0000,  , TS, 27.0N,  83.2W,  40, -999, -999, -999, -999, -999, -999, -999, -999, -999, -999, -999, -999, -999, -999
19330801, 0600,  , TS, 27.0N,  84.1W,  40, -999, -999, -999, -999, -999, -999, -999, -999, -999, -999, -999, -999, -999, -999
19330801, 1200,  , TS, 27.0N,  85.0W,  40, -999, -999, -999, -999, -999, -999, -999, -999, -999, -999, -999, -999, -999, -999
19330801, 1800,  , TS, 26.9N,  85.7W,  40, -999, -999, -999, -999, -999, -999, -999, -999, -999, -999, -999, -999, -999, -999
19330802, 0000,  , TS, 26.8N,  86.3W,  40, -999, -999, -999, -999, -999, -999, -999, -999, -999, -999, -999, -999, -999, -999
19330802, 0600,  , TS, 26.6N,  87.0W,  40, -999, -999, -999, -999, -999, -999, -999, -999, -999, -999, -999, -999, -999, -999
19330802, 1200,  , TS, 26.4N,  87.7W,  45, -999, -999, -999, -999, -999, -999, -999, -999, -999, -999, -999, -999, -999, -999
19330802, 1800,  , TS, 26.2N,  88.7W,  45, -999, -999, -999, -999, -999, -999, -999, -999, -999, -999, -999, -999, -999, -999
19330803, 0000,  , TS, 26.0N,  89.8W,  50, -999, -999, -999, -999, -999, -999, -999, -999, -999, -999, -999, -999, -999, -999
19330803, 0600,  , TS, 25.9N,  90.9W,  50, -999, -999, -999, -999, -999, -999, -999, -999, -999, -999, -999, -999, -999, -999
19330803, 1200,  , TS, 25.8N,  92.0W,  55, -999, -999, -999, -999, -999, -999, -999, -999, -999, -999, -999, -999, -999, -999
19330803, 1800,  , TS, 25.8N,  92.9W,  60, -999, -999, -999, -999, -999, -999, -999, -999, -999, -999, -999, -999, -999, -999
19330804, 0000,  , HU, 25.8N,  93.7W,  65, -999, -999, -999, -999, -999, -999, -999, -999, -999, -999, -999, -999, -999, -999
19330804, 0600,  , HU, 25.8N,  94.5W,  70, -999, -999, -999, -999, -999, -999, -999, -999, -999, -999, -999, -999, -999, -999
19330804, 1200,  , HU, 25.8N,  95.3W,  75, -999, -999, -999, -999, -999, -999, -999, -999, -999, -999, -999, -999, -999, -999
19330804, 1800,  , HU, 25.8N,  96.2W,  80, -999, -999, -999, -999, -999, -999, -999, -999, -999, -999, -999, -999, -999, -999
19330805, 0000,  , HU, 25.8N,  97.1W,  80,  975, -999, -999, -999, -999, -999, -999, -999, -999, -999, -999, -999, -999, -999
19330805, 0600,  , TS, 25.6N,  97.7W,  55, -999, -999, -999, -999, -999, -999, -999, -999, -999, -999, -999, -999, -999, -999
19330805, 1200,  , TS, 25.4N,  98.3W,  45, -999, -999, -999, -999, -999, -999, -999, -999, -999, -999, -999, -999, -999, -999
19330805, 1800,  , TS, 25.2N,  99.0W,  35, -999, -999, -999, -999, -999, -999, -999, -999, -999, -999, -999, -999, -999, -999
AL061933,            UNNAMED,     62,
19330813, 1200,  , TD, 12.3N,  21.5W,  30, -999, -999, -999, -999, -999, -999, -999, -999, -999, -999, -999, -999, -999, -999
19330813, 1800,  , TS, 12.5N,  22.9W,  35, -999, -999, -999, -999, -999, -999, -999, -999, -999, -999, -999, -999, -999, -999
19330814, 0000,  , TS, 12.8N,  24.3W,  40, -999, -999, -999, -999, -999, -999, -999, -999, -999, -999, -999, -999, -999, -999
19330814, 0600,  , TS, 13.1N,  25.7W,  40, -999, -999, -999, -999, -999, -999, -999, -999, -999, -999, -999, -999, -999, -999
19330814, 1200,  , TS, 13.3N,  27.2W,  45, -999, -999, -999, -999, -999, -999, -999, -999, -999, -999, -999, -999, -999, -999
19330814, 1800,  , TS, 13.5N,  28.9W,  45, -999, -999, -999, -999, -999, -999, -999, -999, -999, -999, -999, -999, -999, -999
19330815, 0000,  , TS, 13.7N,  30.7W,  45, -999, -999, -999, -999, -999, -999, -999, -999, -999, -999, -999, -999, -999, -999
19330815, 0600,  , TS, 13.9N,  32.5W,  50, -999, -999, -999, -999, -999, -999, -999, -999, -999, -999, -999, -999, -999, -999
19330815, 1200,  , TS, 14.2N,  34.4W,  50, -999, -999, -999, -999, -999, -999, -999, -999, -999, -999, -999, -999, -999, -999
19330815, 1800,  , TS, 14.5N,  36.2W,  50, -999, -999, -999, -999, -999, -999, -999, -999, -999, -999, -999, -999, -999, -999
19330816, 0000,  , TS, 14.8N,  38.0W,  55, -999, -999, -999, -999, -999, -999, -999, -999, -999, -999, -999, -999, -999, -999
19330816, 0600,  , TS, 15.1N,  39.8W,  55, -999, -999, -999, -999, -999, -999, -999, -999, -999, -999, -999, -999, -999, -999
19330816, 1200,  , TS, 15.5N,  41.6W,  60, -999, -999, -999, -999, -999, -999, -999, -999, -999, -999, -999, -999, -999, -999
19330816, 1800,  , HU, 16.0N,  43.4W,  65, -999, -999, -999, -999, -999, -999, -999, -999, -999, -999, -999, -999, -999, -999
19330817, 0000,  , HU, 16.6N,  45.2W,  70, -999, -999, -999, -999, -999, -999, -999, -999, -999, -999, -999, -999, -999, -999
19330817, 0600,  , HU, 17.3N,  47.0W,  75, -999, -999, -999, -999, -999, -999, -999, -999, -999, -999, -999, -999, -999, -999
19330817, 1200,  , HU, 18.1N,  48.7W,  85, -999, -999, -999, -999, -999, -999, -999, -999, -999, -999, -999, -999, -999, -999
19330817, 1800,  , HU, 19.0N,  50.1W,  90, -999, -999, -999, -999, -999, -999, -999, -999, -999, -999, -999, -999, -999, -999
19330818, 0000,  , HU, 20.1N,  51.4W,  95, -999, -999, -999, -999, -999, -999, -999, -999, -999, -999, -999, -999, -999, -999
19330818, 0600,  , HU, 21.3N,  52.7W, 105, -999, -999, -999, -999, -999, -999, -999, -999, -999, -999, -999, -999, -999, -999
19330818, 1200,  , HU, 22.4N,  53.9W, 110, -999, -999, -999, -999, -999, -999, -999, -999, -999, -999, -999, -999, -999, -999
19330818, 1800,  , HU, 23.4N,  55.2W, 115,  948, -999, -999, -999, -999, -999, -999, -999, -999, -999, -999, -999, -999, -999
19330819, 0000,  , HU, 24.4N,  56.5W, 115, -999, -999, -999, -999, -999, -999, -999, -999, -999, -999, -999, -999, -999, -999
19330819, 0600,  , HU, 25.4N,  57.8W, 120, -999, -999, -999, -999, -999, -999, -999, -999, -999, -999, -999, -999, -999, -999
19330819, 1200,  , HU, 26.4N,  59.0W, 120, -999, -999, -999, -999, -999, -999, -999, -999, -999, -999, -999, -999, -999, -999
19330819, 1800,  , HU, 27.3N,  59.9W, 120, -999, -999, -999, -999, -999, -999, -999, -999, -999, -999, -999, -999, -999, -999
19330820, 0000,  , HU, 28.0N,  60.8W, 120, -999, -999, -999, -999, -999, -999, -999, -999, -999, -999, -999, -999, -999, -999
19330820, 0600,  , HU, 28.5N,  61.7W, 115, -999, -999, -999, -999, -999, -999, -999, -999, -999, -999, -999, -999, -999, -999
19330820, 1200,  , HU, 29.1N,  62.5W, 115, -999, -999, -999, -999, -999, -999, -999, -999, -999, -999, -999, -999, -999, -999
19330820, 1800,  , HU, 29.7N,  63.5W, 115, -999, -999, -999, -999, -999, -999, -999, -999, -999, -999, -999, -999, -999, -999
19330821, 0000,  , HU, 30.2N,  64.6W, 110, -999, -999, -999, -999, -999, -999, -999, -999, -999, -999, -999, -999, -999, -999
19330821, 0600,  , HU, 30.7N,  65.8W, 110, -999, -999, -999, -999, -999, -999, -999, -999, -999, -999, -999, -999, -999, -999
19330821, 1200,  , HU, 31.2N,  67.0W, 110, -999, -999, -999, -999, -999, -999, -999, -999, -999, -999, -999, -999, -999, -999
19330821, 1800,  , HU, 31.6N,  68.0W, 110, -999, -999, -999, -999, -999, -999, -999, -999, -999, -999, -999, -999, -999, -999
19330822, 0000,  , HU, 32.0N,  69.0W, 105, -999, -999, -999, -999, -999, -999, -999, -999, -999, -999, -999, -999, -999, -999
19330822, 0600,  , HU, 32.4N,  70.0W, 105, -999, -999, -999, -999, -999, -999, -999, -999, -999, -999, -999, -999, -999, -999
19330822, 1200,  , HU, 32.8N,  71.1W, 105, -999, -999, -999, -999, -999, -999, -999, -999, -999, -999, -999, -999, -999, -999
19330822, 1800,  , HU, 33.4N,  72.4W, 100, -999, -999, -999, -999, -999, -999, -999, -999, -999, -999, -999, -999, -999, -999
19330823, 0000,  , HU, 34.1N,  73.7W,  90, -999, -999, -999, -999, -999, -999, -999, -999, -999, -999, -999, -999, -999, -999
19330823, 0600,  , HU, 35.1N,  74.9W,  85, -999, -999, -999, -999, -999, -999, -999, -999, -999, -999, -999, -999, -999, -999
19330823, 1000, L, HU, 35.8N,  75.6W,  80,  963, -999, -999, -999, -999, -999, -999, -999, -999, -999, -999, -999, -999,   40
19330823, 1200, L, HU, 36.1N,  75.8W,  75,  966, -999, -999, -999, -999, -999, -999, -999, -999, -999, -999, -999, -999, -999
19330823, 1800,  , HU, 37.4N,  76.7W,  65,  971, -999, -999, -999, -999, -999, -999, -999, -999, -999, -999, -999, -999, -999
19330824, 0000,  , TS, 38.7N,  77.2W,  55,  978, -999, -999, -999, -999, -999, -999, -999, -999, -999, -999, -999, -999, -999
19330824, 0600,  , TS, 40.6N,  77.0W,  45, -999, -999, -999, -999, -999, -999, -999, -999, -999, -999, -999, -999, -999, -999
19330824, 1200,  , TS, 42.4N,  76.3W,  35, -999, -999, -999, -999, -999, -999, -999, -999, -999, -999, -999, -999, -999, -999
19330824, 1800,  , TD, 43.4N,  75.3W,  30, -999, -999, -999, -999, -999, -999, -999, -999, -999, -999, -999, -999, -999, -999
19330825, 0000,  , TD, 44.0N,  74.4W,  30, -999, -999, -999, -999, -999, -999, -999, -999, -999, -999, -999, -999, -999, -999
19330825, 0600,  , TD, 44.5N,  73.7W,  30, -999, -999, -999, -999, -999, -999, -999, -999, -999, -999, -999, -999, -999, -999
19330825, 1200,  , TD, 45.0N,  73.0W,  30, -999, -999, -999, -999, -999, -999, -999, -999, -999, -999, -999, -999, -999, -999
19330825, 1800,  , EX, 44.9N,  71.9W,  30, -999, -999, -999, -999, -999, -999, -999, -999, -999, -999, -999, -999, -999, -999
19330826, 0000,  , EX, 44.5N,  70.4W,  30, -999, -999, -999, -999, -999, -999, -999, -999, -999, -999, -999, -999, -999, -999
19330826, 0600,  , EX, 44.1N,  68.8W,  30, -999, -999, -999, -999, -999, -999, -999, -999, -999, -999, -999, -999, -999, -999
19330826, 1200,  , EX, 44.0N,  67.2W,  30, -999, -999, -999, -999, -999, -999, -999, -999, -999, -999, -999, -999, -999, -999
19330826, 1800,  , EX, 44.0N,  66.2W,  35, -999, -999, -999, -999, -999, -999, -999, -999, -999, -999, -999, -999, -999, -999
19330827, 0000,  , EX, 44.1N,  65.4W,  35, -999, -999, -999, -999, -999, -999, -999, -999, -999, -999, -999, -999, -999, -999
19330827, 0600,  , EX, 44.1N,  64.5W,  35, -999, -999, -999, -999, -999, -999, -999, -999, -999, -999, -999, -999, -999, -999
19330827, 1200,  , EX, 44.2N,  63.5W,  30, -999, -999, -999, -999, -999, -999, -999, -999, -999, -999, -999, -999, -999, -999
19330827, 1800,  , EX, 44.2N,  61.7W,  30, -999, -999, -999, -999, -999, -999, -999, -999, -999, -999, -999, -999, -999, -999
19330828, 0000,  , EX, 44.3N,  59.1W,  30, -999, -999, -999, -999, -999, -999, -999, -999, -999, -999, -999, -999, -999, -999
19330828, 0600,  , EX, 44.4N,  55.8W,  30, -999, -999, -999, -999, -999, -999, -999, -999, -999, -999, -999, -999, -999, -999
19330828, 1200,  , EX, 44.5N,  52.5W,  30, -999, -999, -999, -999, -999, -999, -999, -999, -999, -999, -999, -999, -999, -999
AL071933,            UNNAMED,     31,
19330814, 0000,  , TD, 14.2N,  65.3W,  30, -999, -999, -999, -999, -999, -999, -999, -999, -999, -999, -999, -999, -999, -999
19330814, 0600,  , TD, 14.4N,  66.7W,  30, -999, -999, -999, -999, -999, -999, -999, -999, -999, -999, -999, -999, -999, -999
19330814, 1200,  , TD, 14.6N,  68.0W,  30, -999, -999, -999, -999, -999, -999, -999, -999, -999, -999, -999, -999, -999, -999
19330814, 1800,  , TD, 14.8N,  69.4W,  30, -999, -999, -999, -999, -999, -999, -999, -999, -999, -999, -999, -999, -999, -999
19330815, 0000,  , TS, 15.1N,  70.8W,  35, -999, -999, -999, -999, -999, -999, -999, -999, -999, -999, -999, -999, -999, -999
19330815, 0600,  , TS, 15.3N,  72.2W,  35, -999, -999, -999, -999, -999, -999, -999, -999, -999, -999, -999, -999, -999, -999
19330815, 1200,  , TS, 15.6N,  73.6W,  35, -999, -999, -999, -999, -999, -999, -999, -999, -999, -999, -999, -999, -999, -999
19330815, 1800,  , TS, 16.1N,  74.9W,  35, -999, -999, -999, -999, -999, -999, -999, -999, -999, -999, -999, -999, -999, -999
19330816, 0000,  , TS, 16.6N,  76.2W,  35, -999, -999, -999, -999, -999, -999, -999, -999, -999, -999, -999, -999, -999, -999
19330816, 0600,  , TS, 16.9N,  77.4W,  35, -999, -999, -999, -999, -999, -999, -999, -999, -999, -999, -999, -999, -999, -999
19330816, 1200,  , TS, 17.2N,  78.5W,  35, -999, -999, -999, -999, -999, -999, -999, -999, -999, -999, -999, -999, -999, -999
19330816, 1800,  , TS, 17.9N,  79.7W,  35, -999, -999, -999, -999, -999, -999, -999, -999, -999, -999, -999, -999, -999, -999
19330817, 0000,  , TS, 19.0N,  80.8W,  35, -999, -999, -999, -999, -999, -999, -999, -999, -999, -999, -999, -999, -999, -999
19330817, 0600,  , TS, 20.2N,  82.1W,  35, -999, -999, -999, -999, -999, -999, -999, -999, -999, -999, -999, -999, -999, -999
19330817, 1200,  , TS, 21.4N,  83.1W,  35, -999, -999, -999, -999, -999, -999, -999, -999, -999, -999, -999, -999, -999, -999
19330817, 1800,  , TS, 22.0N,  83.7W,  35, -999, -999, -999, -999, -999, -999, -999, -999, -999, -999, -999, -999, -999, -999
19330818, 0000,  , TD, 22.4N,  84.0W,  30, -999, -999, -999, -999, -999, -999, -999, -999, -999, -999, -999, -999, -999, -999
19330818, 0600,  , TS, 22.7N,  84.3W,  35, -999, -999, -999, -999, -999, -999, -999, -999, -999, -999, -999, -999, -999, -999
19330818, 1200,  , TS, 23.0N,  84.5W,  40, -999, -999, -999, -999, -999, -999, -999, -999, -999, -999, -999, -999, -999, -999
19330818, 1800,  , TS, 23.5N,  84.5W,  40, -999, -999, -999, -999, -999, -999, -999, -999, -999, -999, -999, -999, -999, -999
19330819, 0000,  , TS, 24.0N,  84.5W,  35, -999, -999, -999, -999, -999, -999, -999, -999, -999, -999, -999, -999, -999, -999
19330819, 0600,  , TD, 24.5N,  84.5W,  30, -999, -999, -999, -999, -999, -999, -999, -999, -999, -999, -999, -999, -999, -999
19330819, 1200,  , TD, 25.0N,  84.5W,  30, -999, -999, -999, -999, -999, -999, -999, -999, -999, -999, -999, -999, -999, -999
19330819, 1800,  , TD, 25.5N,  84.4W,  30, -999, -999, -999, -999, -999, -999, -999, -999, -999, -999, -999, -999, -999, -999
19330820, 0000,  , TD, 26.0N,  84.3W,  25, -999, -999, -999, -999, -999, -999, -999, -999, -999, -999, -999, -999, -999, -999
19330820, 0600,  , TD, 26.5N,  84.2W,  25, -999, -999, -999, -999, -999, -999, -999, -999, -999, -999, -999, -999, -999, -999
19330820, 1200,  , TD, 27.0N,  84.0W,  25, -999, -999, -999, -999, -999, -999, -999, -999, -999, -999, -999, -999, -999, -999
19330820, 1800,  , TD, 27.2N,  83.9W,  25, -999, -999, -999, -999, -999, -999, -999, -999, -999, -999, -999, -999, -999, -999
19330821, 0000,  , TD, 27.3N,  83.8W,  25, -999, -999, -999, -999, -999, -999, -999, -999, -999, -999, -999, -999, -999, -999
19330821, 0600,  , TD, 27.3N,  83.7W,  25, -999, -999, -999, -999, -999, -999, -999, -999, -999, -999, -999, -999, -999, -999
19330821, 1200,  , TD, 27.3N,  83.5W,  25, -999, -999, -999, -999, -999, -999, -999, -999, -999, -999, -999, -999, -999, -999
AL081933,            UNNAMED,     60,
19330822, 0600,  , TD, 12.6N,  24.9W,  25, -999, -999, -999, -999, -999, -999, -999, -999, -999, -999, -999, -999, -999, -999
19330822, 1200,  , TD, 12.7N,  26.0W,  25, -999, -999, -999, -999, -999, -999, -999, -999, -999, -999, -999, -999, -999, -999
19330822, 1800,  , TD, 12.8N,  27.1W,  25, -999, -999, -999, -999, -999, -999, -999, -999, -999, -999, -999, -999, -999, -999
19330823, 0000,  , TD, 12.9N,  28.2W,  25, -999, -999, -999, -999, -999, -999, -999, -999, -999, -999, -999, -999, -999, -999
19330823, 0600,  , TD, 13.0N,  29.3W,  25, -999, -999, -999, -999, -999, -999, -999, -999, -999, -999, -999, -999, -999, -999
19330823, 1200,  , TD, 13.1N,  30.4W,  25, -999, -999, -999, -999, -999, -999, -999, -999, -999, -999, -999, -999, -999, -999
19330823, 1800,  , TD, 13.2N,  31.5W,  25, -999, -999, -999, -999, -999, -999, -999, -999, -999, -999, -999, -999, -999, -999
19330824, 0000,  , TD, 13.4N,  32.5W,  30, -999, -999, -999, -999, -999, -999, -999, -999, -999, -999, -999, -999, -999, -999
19330824, 0600,  , TD, 13.6N,  33.5W,  30, -999, -999, -999, -999, -999, -999, -999, -999, -999, -999, -999, -999, -999, -999
19330824, 1200,  , TD, 13.8N,  34.6W,  30, -999, -999, -999, -999, -999, -999, -999, -999, -999, -999, -999, -999, -999, -999
19330824, 1800,  , TD, 14.0N,  35.8W,  30, -999, -999, -999, -999, -999, -999, -999, -999, -999, -999, -999, -999, -999, -999
19330825, 0000,  , TD, 14.3N,  37.1W,  30, -999, -999, -999, -999, -999, -999, -999, -999, -999, -999, -999, -999, -999, -999
19330825, 0600,  , TD, 14.5N,  38.4W,  30, -999, -999, -999, -999, -999, -999, -999, -999, -999, -999, -999, -999, -999, -999
19330825, 1200,  , TD, 14.7N,  39.7W,  30, -999, -999, -999, -999, -999, -999, -999, -999, -999, -999, -999, -999, -999, -999
19330825, 1800,  , TD, 14.9N,  41.0W,  30, -999, -999, -999, -999, -999, -999, -999, -999, -999, -999, -999, -999, -999, -999
19330826, 0000,  , TS, 15.1N,  42.3W,  35, -999, -999, -999, -999, -999, -999, -999, -999, -999, -999, -999, -999, -999, -999
19330826, 0600,  , TS, 15.3N,  43.6W,  35, -999, -999, -999, -999, -999, -999, -999, -999, -999, -999, -999, -999, -999, -999
19330826, 1200,  , TS, 15.6N,  44.9W,  35, -999, -999, -999, -999, -999, -999, -999, -999, -999, -999, -999, -999, -999, -999
19330826, 1800,  , TS, 15.8N,  46.2W,  40, -999, -999, -999, -999, -999, -999, -999, -999, -999, -999, -999, -999, -999, -999
19330827, 0000,  , TS, 16.1N,  47.5W,  40, -999, -999, -999, -999, -999, -999, -999, -999, -999, -999, -999, -999, -999, -999
19330827, 0600,  , TS, 16.4N,  48.8W,  40, -999, -999, -999, -999, -999, -999, -999, -999, -999, -999, -999, -999, -999, -999
19330827, 1200,  , TS, 16.7N,  50.1W,  45, -999, -999, -999, -999, -999, -999, -999, -999, -999, -999, -999, -999, -999, -999
19330827, 1800,  , TS, 17.0N,  51.6W,  45, -999, -999, -999, -999, -999, -999, -999, -999, -999, -999, -999, -999, -999, -999
19330828, 0000,  , TS, 17.3N,  53.1W,  50, -999, -999, -999, -999, -999, -999, -999, -999, -999, -999, -999, -999, -999, -999
19330828, 0600,  , TS, 17.7N,  54.7W,  55, -999, -999, -999, -999, -999, -999, -999, -999, -999, -999, -999, -999, -999, -999
19330828, 1200,  , TS, 18.1N,  56.3W,  60, -999, -999, -999, -999, -999, -999, -999, -999, -999, -999, -999, -999, -999, -999
19330828, 1800,  , HU, 18.5N,  57.9W,  65, -999, -999, -999, -999, -999, -999, -999, -999, -999, -999, -999, -999, -999, -999
19330829, 0000,  , HU, 18.8N,  59.5W,  70, -999, -999, -999, -999, -999, -999, -999, -999, -999, -999, -999, -999, -999, -999
19330829, 0600,  , HU, 19.1N,  61.1W,  75, -999, -999, -999, -999, -999, -999, -999, -999, -999, -999, -999, -999, -999, -999
19330829, 1200,  , HU, 19.5N,  62.7W,  80, -999, -999, -999, -999, -999, -999, -999, -999, -999, -999, -999, -999, -999, -999
19330829, 1800,  , HU, 20.0N,  64.4W,  90, -999, -999, -999, -999, -999, -999, -999, -999, -999, -999, -999, -999, -999, -999
19330830, 0000,  , HU, 20.6N,  66.1W, 100, -999, -999, -999, -999, -999, -999, -999, -999, -999, -999, -999, -999, -999, -999
19330830, 0600,  , HU, 21.2N,  67.8W, 110, -999, -999, -999, -999, -999, -999, -999, -999, -999, -999, -999, -999, -999, -999
19330830, 1200,  , HU, 21.7N,  69.5W, 120, -999, -999, -999, -999, -999, -999, -999, -999, -999, -999, -999, -999, -999, -999
19330830, 1800,  , HU, 21.9N,  70.9W, 130, -999, -999, -999, -999, -999, -999, -999, -999, -999, -999, -999, -999, -999, -999
19330831, 0000,  , HU, 22.2N,  72.1W, 140, -999, -999, -999, -999, -999, -999, -999, -999, -999, -999, -999, -999, -999, -999
19330831, 0600,  , HU, 22.4N,  73.2W, 140, -999, -999, -999, -999, -999, -999, -999, -999, -999, -999, -999, -999, -999, -999
19330831, 1200,  , HU, 22.5N,  74.3W, 135, -999, -999, -999, -999, -999, -999, -999, -999, -999, -999, -999, -999, -999, -999
19330831, 1800,  , HU, 22.6N,  75.7W, 125, -999, -999, -999, -999, -999, -999, -999, -999, -999, -999, -999, -999, -999, -999
19330901, 0000,  , HU, 22.8N,  77.3W, 115, -999, -999, -999, -999, -999, -999, -999, -999, -999, -999, -999, -999, -999, -999
19330901, 0600,  , HU, 23.0N,  78.9W, 110, -999, -999, -999, -999, -999, -999, -999, -999, -999, -999, -999, -999, -999, -999
19330901, 1200,  , HU, 23.1N,  80.4W, 105,  954, -999, -999, -999, -999, -999, -999, -999, -999, -999, -999, -999, -999, -999
19330901, 1800,  , HU, 23.3N,  81.9W, 100, -999, -999, -999, -999, -999, -999, -999, -999, -999, -999, -999, -999, -999, -999
19330902, 0000,  , HU, 23.5N,  83.1W, 100, -999, -999, -999, -999, -999, -999, -999, -999, -999, -999, -999, -999, -999, -999
19330902, 0600,  , HU, 23.7N,  84.1W, 100, -999, -999, -999, -999, -999, -999, -999, -999, -999, -999, -999, -999, -999, -999
19330902, 1200,  , HU, 24.2N,  85.1W, 110, -999, -999, -999, -999, -999, -999, -999, -999, -999, -999, -999, -999, -999, -999
19330902, 1800,  , HU, 24.6N,  86.1W, 120, -999, -999, -999, -999, -999, -999, -999, -999, -999, -999, -999, -999, -999, -999
19330903, 0000,  , HU, 24.9N,  87.2W, 120, -999, -999, -999, -999, -999, -999, -999, -999, -999, -999, -999, -999, -999, -999
19330903, 0600,  , HU, 25.1N,  88.6W, 120, -999, -999, -999, -999, -999, -999, -999, -999, -999, -999, -999, -999, -999, -999
19330903, 1200,  , HU, 25.3N,  89.9W, 120, -999, -999, -999, -999, -999, -999, -999, -999, -999, -999, -999, -999, -999, -999
19330903, 1800,  , HU, 25.6N,  91.2W, 115, -999, -999, -999, -999, -999, -999, -999, -999, -999, -999, -999, -999, -999, -999
19330904, 0000,  , HU, 25.9N,  92.4W, 115, -999, -999, -999, -999, -999, -999, -999, -999, -999, -999, -999, -999, -999, -999
19330904, 0600,  , HU, 26.0N,  93.7W, 115, -999, -999, -999, -999, -999, -999, -999, -999, -999, -999, -999, -999, -999, -999
19330904, 1200,  , HU, 26.1N,  94.9W, 110, -999, -999, -999, -999, -999, -999, -999, -999, -999, -999, -999, -999, -999, -999
19330904, 1800,  , HU, 26.2N,  95.8W, 110, -999, -999, -999, -999, -999, -999, -999, -999, -999, -999, -999, -999, -999, -999
19330905, 0000,  , HU, 26.2N,  96.6W, 110, -999, -999, -999, -999, -999, -999, -999, -999, -999, -999, -999, -999, -999, -999
19330905, 0400, L, HU, 26.1N,  97.2W, 110,  940, -999, -999, -999, -999, -999, -999, -999, -999, -999, -999, -999, -999,   20
19330905, 0600,  , HU, 26.1N,  97.5W,  90, -999, -999, -999, -999, -999, -999, -999, -999, -999, -999, -999, -999, -999, -999
19330905, 1200,  , TS, 25.9N,  98.4W,  60, -999, -999, -999, -999, -999, -999, -999, -999, -999, -999, -999, -999, -999, -999
19330905, 1800,  , TS, 25.7N,  99.3W,  35, -999, -999, -999, -999, -999, -999, -999, -999, -999, -999, -999, -999, -999, -999
AL091933,            UNNAMED,     34,
19330823, 1200,  , TD, 21.2N,  63.5W,  25, -999, -999, -999, -999, -999, -999, -999, -999, -999, -999, -999, -999, -999, -999
19330823, 1800,  , TD, 21.2N,  63.9W,  25, -999, -999, -999, -999, -999, -999, -999, -999, -999, -999, -999, -999, -999, -999
19330824, 0000,  , TD, 21.3N,  64.3W,  25, -999, -999, -999, -999, -999, -999, -999, -999, -999, -999, -999, -999, -999, -999
19330824, 0600,  , TD, 21.5N,  64.8W,  30, -999, -999, -999, -999, -999, -999, -999, -999, -999, -999, -999, -999, -999, -999
19330824, 1200,  , TD, 22.0N,  65.3W,  30, -999, -999, -999, -999, -999, -999, -999, -999, -999, -999, -999, -999, -999, -999
19330824, 1800,  , TD, 22.7N,  65.9W,  30, -999, -999, -999, -999, -999, -999, -999, -999, -999, -999, -999, -999, -999, -999
19330825, 0000,  , TD, 23.4N,  66.5W,  30, -999, -999, -999, -999, -999, -999, -999, -999, -999, -999, -999, -999, -999, -999
19330825, 0600,  , TD, 24.1N,  67.1W,  30, -999, -999, -999, -999, -999, -999, -999, -999, -999, -999, -999, -999, -999, -999
19330825, 1200,  , TS, 24.8N,  67.7W,  35, -999, -999, -999, -999, -999, -999, -999, -999, -999, -999, -999, -999, -999, -999
19330825, 1800,  , TS, 25.5N,  68.0W,  35, -999, -999, -999, -999, -999, -999, -999, -999, -999, -999, -999, -999, -999, -999
19330826, 0000,  , TS, 26.2N,  68.3W,  35, -999, -999, -999, -999, -999, -999, -999, -999, -999, -999, -999, -999, -999, -999
19330826, 0600,  , TS, 26.9N,  68.6W,  35, -999, -999, -999, -999, -999, -999, -999, -999, -999, -999, -999, -999, -999, -999
19330826, 1200,  , TS, 27.5N,  68.8W,  35, -999, -999, -999, -999, -999, -999, -999, -999, -999, -999, -999, -999, -999, -999
19330826, 1800,  , TS, 28.2N,  69.1W,  35, -999, -999, -999, -999, -999, -999, -999, -999, -999, -999, -999, -999, -999, -999
19330827, 0000,  , TS, 28.8N,  69.3W,  35, -999, -999, -999, -999, -999, -999, -999, -999, -999, -999, -999, -999, -999, -999
19330827, 0600,  , TS, 29.3N,  69.5W,  35, -999, -999, -999, -999, -999, -999, -999, -999, -999, -999, -999, -999, -999, -999
19330827, 1200,  , TS, 30.0N,  69.8W,  35, -999, -999, -999, -999, -999, -999, -999, -999, -999, -999, -999, -999, -999, -999
19330827, 1800,  , TS, 30.7N,  69.5W,  35, -999, -999, -999, -999, -999, -999, -999, -999, -999, -999, -999, -999, -999, -999
19330828, 0000,  , TS, 31.4N,  68.8W,  40, -999, -999, -999, -999, -999, -999, -999, -999, -999, -999, -999, -999, -999, -999
19330828, 0600,  , TS, 32.2N,  68.1W,  45, -999, -999, -999, -999, -999, -999, -999, -999, -999, -999, -999, -999, -999, -999
19330828, 1200,  , TS, 33.2N,  67.2W,  50, -999, -999, -999, -999, -999, -999, -999, -999, -999, -999, -999, -999, -999, -999
19330828, 1800,  , TS, 34.4N,  65.8W,  55, -999, -999, -999, -999, -999, -999, -999, -999, -999, -999, -999, -999, -999, -999
19330829, 0000,  , TS, 35.7N,  64.3W,  55, -999, -999, -999, -999, -999, -999, -999, -999, -999, -999, -999, -999, -999, -999
19330829, 0600,  , TS, 37.1N,  62.9W,  50, -999, -999, -999, -999, -999, -999, -999, -999, -999, -999, -999, -999, -999, -999
19330829, 1200,  , TS, 38.5N,  61.4W,  50, -999, -999, -999, -999, -999, -999, -999, -999, -999, -999, -999, -999, -999, -999
19330829, 1800,  , TS, 40.2N,  59.5W,  50, -999, -999, -999, -999, -999, -999, -999, -999, -999, -999, -999, -999, -999, -999
19330830, 0000,  , TS, 42.0N,  57.1W,  50, -999, -999, -999, -999, -999, -999, -999, -999, -999, -999, -999, -999, -999, -999
19330830, 0600,  , EX, 43.7N,  54.2W,  50, -999, -999, -999, -999, -999, -999, -999, -999, -999, -999, -999, -999, -999, -999
19330830, 1200,  , EX, 45.2N,  51.3W,  45, -999, -999, -999, -999, -999, -999, -999, -999, -999, -999, -999, -999, -999, -999
19330830, 1800,  , EX, 46.1N,  48.8W,  40, -999, -999, -999, -999, -999, -999, -999, -999, -999, -999, -999, -999, -999, -999
19330831, 0000,  , EX, 46.8N,  46.3W,  35, -999, -999, -999, -999, -999, -999, -999, -999, -999, -999, -999, -999, -999, -999
19330831, 0600,  , EX, 47.3N,  43.8W,  35, -999, -999, -999, -999, -999, -999, -999, -999, -999, -999, -999, -999, -999, -999
19330831, 1200,  , EX, 47.8N,  41.0W,  35, -999, -999, -999, -999, -999, -999, -999, -999, -999, -999, -999, -999, -999, -999
19330831, 1800,  , EX, 48.6N,  37.8W,  35, -999, -999, -999, -999, -999, -999, -999, -999, -999, -999, -999, -999, -999, -999
AL101933,            UNNAMED,     14,
19330826, 1800,  , TD, 18.9N,  92.3W,  25, -999, -999, -999, -999, -999, -999, -999, -999, -999, -999, -999, -999, -999, -999
19330827, 0000,  , TD, 19.2N,  92.5W,  25, -999, -999, -999, -999, -999, -999, -999, -999, -999, -999, -999, -999, -999, -999
19330827, 0600,  , TD, 19.6N,  92.8W,  25, -999, -999, -999, -999, -999, -999, -999, -999, -999, -999, -999, -999, -999, -999
19330827, 1200,  , TD, 20.0N,  93.0W,  25, -999, -999, -999, -999, -999, -999, -999, -999, -999, -999, -999, -999, -999, -999
19330827, 1800,  , TD, 20.4N,  93.3W,  25, -999, -999, -999, -999, -999, -999, -999, -999, -999, -999, -999, -999, -999, -999
19330828, 0000,  , TD, 20.8N,  93.5W,  30, -999, -999, -999, -999, -999, -999, -999, -999, -999, -999, -999, -999, -999, -999
19330828, 0600,  , TD, 21.1N,  93.7W,  30, -999, -999, -999, -999, -999, -999, -999, -999, -999, -999, -999, -999, -999, -999
19330828, 1200,  , TD, 21.4N,  94.0W,  30, -999, -999, -999, -999, -999, -999, -999, -999, -999, -999, -999, -999, -999, -999
19330828, 1800,  , TS, 21.7N,  94.8W,  35, -999, -999, -999, -999, -999, -999, -999, -999, -999, -999, -999, -999, -999, -999
19330829, 0000,  , TS, 22.0N,  95.7W,  35, -999, -999, -999, -999, -999, -999, -999, -999, -999, -999, -999, -999, -999, -999
19330829, 0600,  , TS, 22.0N,  96.6W,  35, -999, -999, -999, -999, -999, -999, -999, -999, -999, -999, -999, -999, -999, -999
19330829, 1200,  , TS, 22.0N,  97.4W,  35, -999, -999, -999, -999, -999, -999, -999, -999, -999, -999, -999, -999, -999, -999
19330829, 1800,  , TD, 21.9N,  98.3W,  30, -999, -999, -999, -999, -999, -999, -999, -999, -999, -999, -999, -999, -999, -999
19330830, 0000,  , TD, 21.5N,  99.2W,  25, -999, -999, -999, -999, -999, -999, -999, -999, -999, -999, -999, -999, -999, -999
AL111933,            UNNAMED,     33,
19330831, 0600,  , TS, 18.1N,  56.4W,  55, -999, -999, -999, -999, -999, -999, -999, -999, -999, -999, -999, -999, -999, -999
19330831, 1200,  , TS, 18.5N,  58.3W,  60, -999, -999, -999, -999, -999, -999, -999, -999, -999, -999, -999, -999, -999, -999
19330831, 1800,  , HU, 18.9N,  60.2W,  65, -999, -999, -999, -999, -999, -999, -999, -999, -999, -999, -999, -999, -999, -999
19330901, 0000,  , HU, 19.3N,  62.0W,  70, -999, -999, -999, -999, -999, -999, -999, -999, -999, -999, -999, -999, -999, -999
19330901, 0600,  , HU, 19.9N,  63.8W,  75, -999, -999, -999, -999, -999, -999, -999, -999, -999, -999, -999, -999, -999, -999
19330901, 1200,  , HU, 20.5N,  65.5W,  80, -999, -999, -999, -999, -999, -999, -999, -999, -999, -999, -999, -999, -999, -999
19330901, 1800,  , HU, 21.1N,  67.0W,  85, -999, -999, -999, -999, -999, -999, -999, -999, -999, -999, -999, -999, -999, -999
19330902, 0000,  , HU, 21.8N,  68.2W,  90, -999, -999, -999, -999, -999, -999, -999, -999, -999, -999, -999, -999, -999, -999
19330902, 0600,  , HU, 22.3N,  69.4W,  95, -999, -999, -999, -999, -999, -999, -999, -999, -999, -999, -999, -999, -999, -999
19330902, 1200,  , HU, 22.7N,  70.7W, 100, -999, -999, -999, -999, -999, -999, -999, -999, -999, -999, -999, -999, -999, -999
19330902, 1800,  , HU, 23.2N,  72.2W, 105, -999, -999, -999, -999, -999, -999, -999, -999, -999, -999, -999, -999, -999, -999
19330903, 0000,  , HU, 23.8N,  73.8W, 110, -999, -999, -999, -999, -999, -999, -999, -999, -999, -999, -999, -999, -999, -999
19330903, 0600,  , HU, 24.5N,  75.4W, 115, -999, -999, -999, -999, -999, -999, -999, -999, -999, -999, -999, -999, -999, -999
19330903, 1200,  , HU, 25.4N,  76.8W, 120,  945, -999, -999, -999, -999, -999, -999, -999, -999, -999, -999, -999, -999, -999
19330903, 1800,  , HU, 25.8N,  77.9W, 115, -999, -999, -999, -999, -999, -999, -999, -999, -999, -999, -999, -999, -999, -999
19330904, 0000,  , HU, 26.3N,  79.0W, 110, -999, -999, -999, -999, -999, -999, -999, -999, -999, -999, -999, -999, -999, -999
19330904, 0500, L, HU, 26.9N,  80.1W, 110,  948, -999, -999, -999, -999, -999, -999, -999, -999, -999, -999, -999, -999,   15
19330904, 0600,  , HU, 27.0N,  80.3W, 110,  948, -999, -999, -999, -999, -999, -999, -999, -999, -999, -999, -999, -999, -999
19330904, 1200,  , HU, 27.7N,  81.6W,  65, -999, -999, -999, -999, -999, -999, -999, -999, -999, -999, -999, -999, -999, -999
19330904, 1800,  , TS, 28.3N,  82.3W,  55, -999, -999, -999, -999, -999, -999, -999, -999, -999, -999, -999, -999, -999, -999
19330905, 0000,  , TS, 28.8N,  82.7W,  55, -999, -999, -999, -999, -999, -999, -999, -999, -999, -999, -999, -999, -999, -999
19330905, 0400, L, TS, 29.2N,  82.9W,  55, -999, -999, -999, -999, -999, -999, -999, -999, -999, -999, -999, -999, -999, -999
19330905, 0600,  , TS, 29.4N,  83.1W,  55, -999, -999, -999, -999, -999, -999, -999, -999, -999, -999, -999, -999, -999, -999
19330905, 1200,  , TS, 30.0N,  83.4W,  50, -999, -999, -999, -999, -999, -999, -999, -999, -999, -999, -999, -999, -999, -999
19330905, 1800,  , TS, 30.5N,  83.5W,  50, -999, -999, -999, -999, -999, -999, -999, -999, -999, -999, -999, -999, -999, -999
19330906, 0000,  , TS, 30.9N,  83.3W,  50, -999, -999, -999, -999, -999, -999, -999, -999, -999, -999, -999, -999, -999, -999
19330906, 0600,  , TS, 31.3N,  82.9W,  50, -999, -999, -999, -999, -999, -999, -999, -999, -999, -999, -999, -999, -999, -999
19330906, 1200,  , TS, 31.7N,  82.5W,  50, -999, -999, -999, -999, -999, -999, -999, -999, -999, -999, -999, -999, -999, -999
19330906, 1800,  , TS, 32.1N,  82.5W,  40, -999, -999, -999, -999, -999, -999, -999, -999, -999, -999, -999, -999, -999, -999
19330907, 0000,  , TS, 32.4N,  82.5W,  35, -999, -999, -999, -999, -999, -999, -999, -999, -999, -999, -999, -999, -999, -999
19330907, 0600,  , TD, 32.7N,  82.5W,  30, -999, -999, -999, -999, -999, -999, -999, -999, -999, -999, -999, -999, -999, -999
19330907, 1200,  , TD, 33.0N,  82.5W,  25, -999, -999, -999, -999, -999, -999, -999, -999, -999, -999, -999, -999, -999, -999
19330907, 1800,  , TD, 33.4N,  82.5W,  20, -999, -999, -999, -999, -999, -999, -999, -999, -999, -999, -999, -999, -999, -999
AL121933,            UNNAMED,     60,
19330908, 0000,  , TD, 15.4N,  56.6W,  30, -999, -999, -999, -999, -999, -999, -999, -999, -999, -999, -999, -999, -999, -999
19330908, 0600,  , TS, 15.6N,  57.3W,  35, -999, -999, -999, -999, -999, -999, -999, -999, -999, -999, -999, -999, -999, -999
19330908, 1200,  , TS, 15.9N,  58.0W,  35, -999, -999, -999, -999, -999, -999, -999, -999, -999, -999, -999, -999, -999, -999
19330908, 1800,  , TS, 16.4N,  58.4W,  40, -999, -999, -999, -999, -999, -999, -999, -999, -999, -999, -999, -999, -999, -999
19330909, 0000,  , TS, 16.9N,  58.7W,  45, -999, -999, -999, -999, -999, -999, -999, -999, -999, -999, -999, -999, -999, -999
19330909, 0600,  , TS, 17.4N,  59.0W,  50, -999, -999, -999, -999, -999, -999, -999, -999, -999, -999, -999, -999, -999, -999
19330909, 1200,  , TS, 17.9N,  59.2W,  55, -999, -999, -999, -999, -999, -999, -999, -999, -999, -999, -999, -999, -999, -999
19330909, 1800,  , TS, 18.5N,  59.3W,  60, -999, -999, -999, -999, -999, -999, -999, -999, -999, -999, -999, -999, -999, -999
19330910, 0000,  , HU, 19.1N,  59.4W,  65, -999, -999, -999, -999, -999, -999, -999, -999, -999, -999, -999, -999, -999, -999
19330910, 0600,  , HU, 19.8N,  59.5W,  70, -999, -999, -999, -999, -999, -999, -999, -999, -999, -999, -999, -999, -999, -999
19330910, 1200,  , HU, 20.5N,  59.7W,  75, -999, -999, -999, -999, -999, -999, -999, -999, -999, -999, -999, -999, -999, -999
19330910, 1800,  , HU, 21.2N,  60.1W,  80, -999, -999, -999, -999, -999, -999, -999, -999, -999, -999, -999, -999, -999, -999
19330911, 0000,  , HU, 21.9N,  60.4W,  90, -999, -999, -999, -999, -999, -999, -999, -999, -999, -999, -999, -999, -999, -999
19330911, 0600,  , HU, 22.3N,  60.7W,  95, -999, -999, -999, -999, -999, -999, -999, -999, -999, -999, -999, -999, -999, -999
19330911, 1200,  , HU, 22.6N,  61.0W, 105, -999, -999, -999, -999, -999, -999, -999, -999, -999, -999, -999, -999, -999, -999
19330911, 1800,  , HU, 22.9N,  61.3W, 115, -999, -999, -999, -999, -999, -999, -999, -999, -999, -999, -999, -999, -999, -999
19330912, 0000,  , HU, 23.3N,  61.6W, 120, -999, -999, -999, -999, -999, -999, -999, -999, -999, -999, -999, -999, -999, -999
19330912, 0600,  , HU, 23.9N,  62.5W, 120, -999, -999, -999, -999, -999, -999, -999, -999, -999, -999, -999, -999, -999, -999
19330912, 1200,  , HU, 24.6N,  63.5W, 120, -999, -999, -999, -999, -999, -999, -999, -999, -999, -999, -999, -999, -999, -999
19330912, 1800,  , HU, 25.2N,  64.6W, 120, -999, -999, -999, -999, -999, -999, -999, -999, -999, -999, -999, -999, -999, -999
19330913, 0000,  , HU, 25.8N,  65.7W, 120, -999, -999, -999, -999, -999, -999, -999, -999, -999, -999, -999, -999, -999, -999
19330913, 0600,  , HU, 26.4N,  66.7W, 120, -999, -999, -999, -999, -999, -999, -999, -999, -999, -999, -999, -999, -999, -999
19330913, 1200,  , HU, 27.0N,  67.8W, 120, -999, -999, -999, -999, -999, -999, -999, -999, -999, -999, -999, -999, -999, -999
19330913, 1800,  , HU, 27.5N,  69.0W, 115, -999, -999, -999, -999, -999, -999, -999, -999, -999, -999, -999, -999, -999, -999
19330914, 0000,  , HU, 28.0N,  70.2W, 115, -999, -999, -999, -999, -999, -999, -999, -999, -999, -999, -999, -999, -999, -999
19330914, 0600,  , HU, 28.4N,  71.4W, 115, -999, -999, -999, -999, -999, -999, -999, -999, -999, -999, -999, -999, -999, -999
19330914, 1200,  , HU, 28.8N,  72.6W, 110, -999, -999, -999, -999, -999, -999, -999, -999, -999, -999, -999, -999, -999, -999
19330914, 1800,  , HU, 29.4N,  73.4W, 110, -999, -999, -999, -999, -999, -999, -999, -999, -999, -999, -999, -999, -999, -999
19330915, 0000,  , HU, 30.2N,  74.0W, 110, -999, -999, -999, -999, -999, -999, -999, -999, -999, -999, -999, -999, -999, -999
19330915, 0600,  , HU, 31.1N,  74.5W, 105, -999, -999, -999, -999, -999, -999, -999, -999, -999, -999, -999, -999, -999, -999
19330915, 1200,  , HU, 32.0N,  74.9W, 105, -999, -999, -999, -999, -999, -999, -999, -999, -999, -999, -999, -999, -999, -999
19330915, 1800,  , HU, 32.8N,  75.1W, 105, -999, -999, -999, -999, -999, -999, -999, -999, -999, -999, -999, -999, -999, -999
19330916, 0000,  , HU, 33.6N,  75.2W, 105, -999, -999, -999, -999, -999, -999, -999, -999, -999, -999, -999, -999, -999, -999
19330916, 0600,  , HU, 34.4N,  75.3W,  95, -999, -999, -999, -999, -999, -999, -999, -999, -999, -999, -999, -999, -999, -999
19330916, 1200,  , HU, 35.2N,  75.4W,  90,  952, -999, -999, -999, -999, -999, -999, -999, -999, -999, -999, -999, -999,   40
19330916, 1800,  , HU, 36.1N,  75.0W,  85,  954, -999, -999, -999, -999, -999, -999, -999, -999, -999, -999, -999, -999, -999
19330917, 0000,  , HU, 37.0N,  74.5W,  80,  959, -999, -999, -999, -999, -999, -999, -999, -999, -999, -999, -999, -999, -999
19330917, 0600,  , HU, 37.9N,  73.1W,  80, -999, -999, -999, -999, -999, -999, -999, -999, -999, -999, -999, -999, -999, -999
19330917, 1200,  , HU, 38.9N,  71.5W,  75, -999, -999, -999, -999, -999, -999, -999, -999, -999, -999, -999, -999, -999, -999
19330917, 1800,  , HU, 39.9N,  69.6W,  75,  965, -999, -999, -999, -999, -999, -999, -999, -999, -999, -999, -999, -999, -999
19330918, 0000,  , HU, 41.5N,  67.2W,  70, -999, -999, -999, -999, -999, -999, -999, -999, -999, -999, -999, -999, -999, -999
19330918, 0600,  , HU, 43.2N,  64.7W,  70, -999, -999, -999, -999, -999, -999, -999, -999, -999, -999, -999, -999, -999, -999
19330918, 1200,  , EX, 44.8N,  62.7W,  65, -999, -999, -999, -999, -999, -999, -999, -999, -999, -999, -999, -999, -999, -999
19330918, 1800,  , EX, 46.6N,  61.0W,  60, -999, -999, -999, -999, -999, -999, -999, -999, -999, -999, -999, -999, -999, -999
19330919, 0000,  , EX, 48.1N,  59.9W,  60, -999, -999, -999, -999, -999, -999, -999, -999, -999, -999, -999, -999, -999, -999
19330919, 0600,  , EX, 49.3N,  58.9W,  60, -999, -999, -999, -999, -999, -999, -999, -999, -999, -999, -999, -999, -999, -999
19330919, 1200,  , EX, 50.5N,  58.0W,  60,  965, -999, -999, -999, -999, -999, -999, -999, -999, -999, -999, -999, -999, -999
19330919, 1800,  , EX, 51.5N,  57.0W,  55, -999, -999, -999, -999, -999, -999, -999, -999, -999, -999, -999, -999, -999, -999
19330920, 0000,  , EX, 52.3N,  56.0W,  55, -999, -999, -999, -999, -999, -999, -999, -999, -999, -999, -999, -999, -999, -999
19330920, 0600,  , EX, 53.1N,  54.9W,  50, -999, -999, -999, -999, -999, -999, -999, -999, -999, -999, -999, -999, -999, -999
19330920, 1200,  , EX, 53.8N,  53.8W,  50, -999, -999, -999, -999, -999, -999, -999, -999, -999, -999, -999, -999, -999, -999
19330920, 1800,  , EX, 54.8N,  52.0W,  50, -999, -999, -999, -999, -999, -999, -999, -999, -999, -999, -999, -999, -999, -999
19330921, 0000,  , EX, 55.8N,  49.6W,  50, -999, -999, -999, -999, -999, -999, -999, -999, -999, -999, -999, -999, -999, -999
19330921, 0600,  , EX, 56.9N,  46.8W,  50, -999, -999, -999, -999, -999, -999, -999, -999, -999, -999, -999, -999, -999, -999
19330921, 1200,  , EX, 58.0N,  44.0W,  50, -999, -999, -999, -999, -999, -999, -999, -999, -999, -999, -999, -999, -999, -999
19330921, 1800,  , EX, 58.9N,  41.2W,  50, -999, -999, -999, -999, -999, -999, -999, -999, -999, -999, -999, -999, -999, -999
19330922, 0000,  , EX, 59.8N,  38.4W,  50, -999, -999, -999, -999, -999, -999, -999, -999, -999, -999, -999, -999, -999, -999
19330922, 0600,  , EX, 60.7N,  35.6W,  50, -999, -999, -999, -999, -999, -999, -999, -999, -999, -999, -999, -999, -999, -999
19330922, 1200,  , EX, 61.5N,  33.0W,  50, -999, -999, -999, -999, -999, -999, -999, -999, -999, -999, -999, -999, -999, -999
19330922, 1800,  , EX, 62.1N,  31.2W,  45, -999, -999, -999, -999, -999, -999, -999, -999, -999, -999, -999, -999, -999, -999
AL131933,            UNNAMED,     23,
19330910, 1200,  , TD, 16.5N,  87.7W,  30, -999, -999, -999, -999, -999, -999, -999, -999, -999, -999, -999, -999, -999, -999
19330910, 1800,  , TD, 16.6N,  87.6W,  30, -999, -999, -999, -999, -999, -999, -999, -999, -999, -999, -999, -999, -999, -999
19330911, 0000,  , TS, 16.7N,  87.5W,  35, -999, -999, -999, -999, -999, -999, -999, -999, -999, -999, -999, -999, -999, -999
19330911, 0600,  , TS, 16.8N,  87.4W,  35, -999, -999, -999, -999, -999, -999, -999, -999, -999, -999, -999, -999, -999, -999
19330911, 1200,  , TS, 17.0N,  87.4W,  35, -999, -999, -999, -999, -999, -999, -999, -999, -999, -999, -999, -999, -999, -999
19330911, 1800,  , TS, 17.2N,  87.3W,  40, -999, -999, -999, -999, -999, -999, -999, -999, -999, -999, -999, -999, -999, -999
19330912, 0000,  , TS, 17.4N,  87.2W,  45, -999, -999, -999, -999, -999, -999, -999, -999, -999, -999, -999, -999, -999, -999
19330912, 0600,  , TS, 17.6N,  87.1W,  55, -999, -999, -999, -999, -999, -999, -999, -999, -999, -999, -999, -999, -999, -999
19330912, 1200,  , TS, 17.8N,  87.0W,  60,  992, -999, -999, -999, -999, -999, -999, -999, -999, -999, -999, -999, -999, -999
19330912, 1800,  , TS, 18.0N,  87.3W,  60, -999, -999, -999, -999, -999, -999, -999, -999, -999, -999, -999, -999, -999, -999
19330913, 0000,  , HU, 18.3N,  87.7W,  65, -999, -999, -999, -999, -999, -999, -999, -999, -999, -999, -999, -999, -999, -999
19330913, 0600,  , TS, 18.5N,  88.1W,  55, -999, -999, -999, -999, -999, -999, -999, -999, -999, -999, -999, -999, -999, -999
19330913, 1200,  , TS, 18.8N,  88.6W,  50, -999, -999, -999, -999, -999, -999, -999, -999, -999, -999, -999, -999, -999, -999
19330913, 1800,  , TS, 19.2N,  89.3W,  45, -999, -999, -999, -999, -999, -999, -999, -999, -999, -999, -999, -999, -999, -999
19330914, 0000,  , TS, 19.8N,  90.2W,  40, -999, -999, -999, -999, -999, -999, -999, -999, -999, -999, -999, -999, -999, -999
19330914, 0600,  , TS, 20.4N,  91.2W,  55, -999, -999, -999, -999, -999, -999, -999, -999, -999, -999, -999, -999, -999, -999
19330914, 1200,  , TS, 21.0N,  92.3W,  60, -999, -999, -999, -999, -999, -999, -999, -999, -999, -999, -999, -999, -999, -999
19330914, 1800,  , HU, 21.6N,  93.5W,  65, -999, -999, -999, -999, -999, -999, -999, -999, -999, -999, -999, -999, -999, -999
19330915, 0000,  , HU, 22.1N,  94.8W,  75, -999, -999, -999, -999, -999, -999, -999, -999, -999, -999, -999, -999, -999, -999
19330915, 0600,  , HU, 22.3N,  96.1W,  85, -999, -999, -999, -999, -999, -999, -999, -999, -999, -999, -999, -999, -999, -999
19330915, 1200,  , HU, 22.3N,  97.5W,  95,  960, -999, -999, -999, -999, -999, -999, -999, -999, -999, -999, -999, -999, -999
19330915, 1800,  , TS, 22.1N,  99.0W,  55, -999, -999, -999, -999, -999, -999, -999, -999, -999, -999, -999, -999, -999, -999
19330916, 0000,  , TD, 21.8N, 100.5W,  30, -999, -999, -999, -999, -999, -999, -999, -999, -999, -999, -999, -999, -999, -999
AL141933,            UNNAMED,     38,
19330916, 0600,  , TD, 11.3N,  57.9W,  30, -999, -999, -999, -999, -999, -999, -999, -999, -999, -999, -999, -999, -999, -999
19330916, 1200,  , TD, 11.5N,  59.2W,  30, -999, -999, -999, -999, -999, -999, -999, -999, -999, -999, -999, -999, -999, -999
19330916, 1800,  , TD, 11.7N,  60.5W,  30, -999, -999, -999, -999, -999, -999, -999, -999, -999, -999, -999, -999, -999, -999
19330917, 0000,  , TD, 11.9N,  61.8W,  30, -999, -999, -999, -999, -999, -999, -999, -999, -999, -999, -999, -999, -999, -999
19330917, 0600,  , TD, 12.2N,  63.1W,  30, -999, -999, -999, -999, -999, -999, -999, -999, -999, -999, -999, -999, -999, -999
19330917, 1200,  , TD, 12.6N,  64.5W,  30, -999, -999, -999, -999, -999, -999, -999, -999, -999, -999, -999, -999, -999, -999
19330917, 1800,  , TD, 13.0N,  66.0W,  30, -999, -999, -999, -999, -999, -999, -999, -999, -999, -999, -999, -999, -999, -999
19330918, 0000,  , TS, 13.4N,  67.6W,  35, -999, -999, -999, -999, -999, -999, -999, -999, -999, -999, -999, -999, -999, -999
19330918, 0600,  , TS, 13.7N,  69.3W,  40, -999, -999, -999, -999, -999, -999, -999, -999, -999, -999, -999, -999, -999, -999
19330918, 1200,  , TS, 14.0N,  70.8W,  45, -999, -999, -999, -999, -999, -999, -999, -999, -999, -999, -999, -999, -999, -999
19330918, 1800,  , TS, 14.3N,  72.1W,  50, -999, -999, -999, -999, -999, -999, -999, -999, -999, -999, -999, -999, -999, -999
19330919, 0000,  , TS, 14.5N,  73.3W,  60, -999, -999, -999, -999, -999, -999, -999, -999, -999, -999, -999, -999, -999, -999
19330919, 0600,  , HU, 14.8N,  74.5W,  70, -999, -999, -999, -999, -999, -999, -999, -999, -999, -999, -999, -999, -999, -999
19330919, 1200,  , HU, 15.0N,  75.7W,  80, -999, -999, -999, -999, -999, -999, -999, -999, -999, -999, -999, -999, -999, -999
19330919, 1800,  , HU, 15.4N,  76.9W,  90, -999, -999, -999, -999, -999, -999, -999, -999, -999, -999, -999, -999, -999, -999
19330920, 0000,  , HU, 15.9N,  78.1W, 100, -999, -999, -999, -999, -999, -999, -999, -999, -999, -999, -999, -999, -999, -999
19330920, 0600,  , HU, 16.5N,  79.3W, 110, -999, -999, -999, -999, -999, -999, -999, -999, -999, -999, -999, -999, -999, -999
19330920, 1200,  , HU, 17.1N,  80.5W, 120, -999, -999, -999, -999, -999, -999, -999, -999, -999, -999, -999, -999, -999, -999
19330920, 1800,  , HU, 17.8N,  81.7W, 130, -999, -999, -999, -999, -999, -999, -999, -999, -999, -999, -999, -999, -999, -999
19330921, 0000,  , HU, 18.4N,  82.8W, 140,  929, -999, -999, -999, -999, -999, -999, -999, -999, -999, -999, -999, -999, -999
19330921, 0600,  , HU, 19.0N,  83.7W, 140, -999, -999, -999, -999, -999, -999, -999, -999, -999, -999, -999, -999, -999, -999
19330921, 1200,  , HU, 19.5N,  84.6W, 135, -999, -999, -999, -999, -999, -999, -999, -999, -999, -999, -999, -999, -999, -999
19330921, 1800,  , HU, 19.9N,  85.5W, 130, -999, -999, -999, -999, -999, -999, -999, -999, -999, -999, -999, -999, -999, -999
19330922, 0000,  , HU, 20.1N,  86.4W, 125, -999, -999, -999, -999, -999, -999, -999, -999, -999, -999, -999, -999, -999, -999
19330922, 0600,  , HU, 20.3N,  87.3W, 120, -999, -999, -999, -999, -999, -999, -999, -999, -999, -999, -999, -999, -999, -999
19330922, 1200,  , HU, 20.5N,  88.2W,  80, -999, -999, -999, -999, -999, -999, -999, -999, -999, -999, -999, -999, -999, -999
19330922, 1800,  , HU, 20.5N,  89.1W,  65, -999, -999, -999, -999, -999, -999, -999, -999, -999, -999, -999, -999, -999, -999
19330923, 0000,  , TS, 20.5N,  90.0W,  50, -999, -999, -999, -999, -999, -999, -999, -999, -999, -999, -999, -999, -999, -999
19330923, 0600,  , TS, 20.6N,  90.9W,  55, -999, -999, -999, -999, -999, -999, -999, -999, -999, -999, -999, -999, -999, -999
19330923, 1200,  , TS, 20.7N,  91.8W,  60, -999, -999, -999, -999, -999, -999, -999, -999, -999, -999, -999, -999, -999, -999
19330923, 1800,  , HU, 20.9N,  92.7W,  70, -999, -999, -999, -999, -999, -999, -999, -999, -999, -999, -999, -999, -999, -999
19330924, 0000,  , HU, 21.1N,  93.6W,  80, -999, -999, -999, -999, -999, -999, -999, -999, -999, -999, -999, -999, -999, -999
19330924, 0600,  , HU, 21.3N,  94.6W,  90, -999, -999, -999, -999, -999, -999, -999, -999, -999, -999, -999, -999, -999, -999
19330924, 1200,  , HU, 21.5N,  95.6W,  95, -999, -999, -999, -999, -999, -999, -999, -999, -999, -999, -999, -999, -999, -999
19330924, 1800,  , HU, 21.7N,  96.7W,  95,  960, -999, -999, -999, -999, -999, -999, -999, -999, -999, -999, -999, -999, -999
19330925, 0000,  , HU, 22.0N,  97.8W,  95, -999, -999, -999, -999, -999, -999, -999, -999, -999, -999, -999, -999, -999, -999
19330925, 0600,  , TS, 22.6N,  98.9W,  60, -999, -999, -999, -999, -999, -999, -999, -999, -999, -999, -999, -999, -999, -999
19330925, 1200,  , TS, 23.0N, 100.0W,  35, -999, -999, -999, -999, -999, -999, -999, -999, -999, -999, -999, -999, -999, -999
AL151933,            UNNAMED,     17,
19330924, 1200,  , TS, 29.4N,  35.0W,  45, -999, -999, -999, -999, -999, -999, -999, -999, -999, -999, -999, -999, -999, -999
19330924, 1800,  , TS, 30.9N,  35.5W,  50, -999, -999, -999, -999, -999, -999, -999, -999, -999, -999, -999, -999, -999, -999
19330925, 0000,  , TS, 32.4N,  36.0W,  55, -999, -999, -999, -999, -999, -999, -999, -999, -999, -999, -999, -999, -999, -999
19330925, 0600,  , TS, 33.8N,  36.5W,  55, -999, -999, -999, -999, -999, -999, -999, -999, -999, -999, -999, -999, -999, -999
19330925, 1200,  , TS, 35.1N,  37.0W,  60, -999, -999, -999, -999, -999, -999, -999, -999, -999, -999, -999, -999, -999, -999
19330925, 1800,  , TS, 36.3N,  37.2W,  60, -999, -999, -999, -999, -999, -999, -999, -999, -999, -999, -999, -999, -999, -999
19330926, 0000,  , HU, 37.4N,  37.0W,  65, -999, -999, -999, -999, -999, -999, -999, -999, -999, -999, -999, -999, -999, -999
19330926, 0600,  , HU, 38.5N,  36.5W,  65, -999, -999, -999, -999, -999, -999, -999, -999, -999, -999, -999, -999, -999, -999
19330926, 1200,  , HU, 40.0N,  35.8W,  65, -999, -999, -999, -999, -999, -999, -999, -999, -999, -999, -999, -999, -999, -999
19330926, 1800,  , TS, 41.8N,  35.1W,  60, -999, -999, -999, -999, -999, -999, -999, -999, -999, -999, -999, -999, -999, -999
19330927, 0000,  , TS, 43.7N,  34.3W,  60, -999, -999, -999, -999, -999, -999, -999, -999, -999, -999, -999, -999, -999, -999
19330927, 0600,  , EX, 45.7N,  33.5W,  55, -999, -999, -999, -999, -999, -999, -999, -999, -999, -999, -999, -999, -999, -999
19330927, 1200,  , EX, 47.5N,  32.4W,  55, -999, -999, -999, -999, -999, -999, -999, -999, -999, -999, -999, -999, -999, -999
19330927, 1800,  , EX, 49.1N,  30.9W,  55, -999, -999, -999, -999, -999, -999, -999, -999, -999, -999, -999, -999, -999, -999
19330928, 0000,  , EX, 50.7N,  29.1W,  55, -999, -999, -999, -999, -999, -999, -999, -999, -999, -999, -999, -999, -999, -999
19330928, 0600,  , EX, 52.3N,  27.0W,  55, -999, -999, -999, -999, -999, -999, -999, -999, -999, -999, -999, -999, -999, -999
19330928, 1200,  , EX, 53.5N,  24.6W,  45, -999, -999, -999, -999, -999, -999, -999, -999, -999, -999, -999, -999, -999, -999
AL161933,            UNNAMED,     16,
19331001, 0000,  , TD, 20.5N,  70.4W,  30, -999, -999, -999, -999, -999, -999, -999, -999, -999, -999, -999, -999, -999, -999
19331001, 0600,  , TD, 20.7N,  70.6W,  30, -999, -999, -999, -999, -999, -999, -999, -999, -999, -999, -999, -999, -999, -999
19331001, 1200,  , TD, 21.0N,  70.8W,  30, -999, -999, -999, -999, -999, -999, -999, -999, -999, -999, -999, -999, -999, -999
19331001, 1800,  , TS, 21.4N,  71.0W,  35, -999, -999, -999, -999, -999, -999, -999, -999, -999, -999, -999, -999, -999, -999
19331002, 0000,  , TS, 21.9N,  71.3W,  35, -999, -999, -999, -999, -999, -999, -999, -999, -999, -999, -999, -999, -999, -999
19331002, 0600,  , TS, 22.4N,  71.7W,  35, -999, -999, -999, -999, -999, -999, -999, -999, -999, -999, -999, -999, -999, -999
19331002, 1200,  , TS, 23.0N,  72.0W,  40, -999, -999, -999, -999, -999, -999, -999, -999, -999, -999, -999, -999, -999, -999
19331002, 1800,  , TS, 23.4N,  71.7W,  40, -999, -999, -999, -999, -999, -999, -999, -999, -999, -999, -999, -999, -999, -999
19331003, 0000,  , TS, 23.6N,  71.3W,  40, -999, -999, -999, -999, -999, -999, -999, -999, -999, -999, -999, -999, -999, -999
19331003, 0600,  , TS, 23.8N,  70.8W,  35, -999, -999, -999, -999, -999, -999, -999, -999, -999, -999, -999, -999, -999, -999
19331003, 1200,  , TS, 24.0N,  70.4W,  35, -999, -999, -999, -999, -999, -999, -999, -999, -999, -999, -999, -999, -999, -999
19331003, 1800,  , TD, 24.2N,  69.4W,  30, -999, -999, -999, -999, -999, -999, -999, -999, -999, -999, -999, -999, -999, -999
19331004, 0000,  , TD, 24.8N,  67.7W,  30, -999, -999, -999, -999, -999, -999, -999, -999, -999, -999, -999, -999, -999, -999
19331004, 0600,  , TD, 25.6N,  65.7W,  30, -999, -999, -999, -999, -999, -999, -999, -999, -999, -999, -999, -999, -999, -999
19331004, 1200,  , TD, 26.5N,  63.8W,  30, -999, -999, -999, -999, -999, -999, -999, -999, -999, -999, -999, -999, -999, -999
19331004, 1800,  , TD, 27.4N,  62.0W,  30, -999, -999, -999, -999, -999, -999, -999, -999, -999, -999, -999, -999, -999, -999
AL171933,            UNNAMED,     33,
19331001, 0600,  , TS, 15.3N,  81.4W,  35, -999, -999, -999, -999, -999, -999, -999, -999, -999, -999, -999, -999, -999, -999
19331001, 1200,  , TS, 15.5N,  81.5W,  35, -999, -999, -999, -999, -999, -999, -999, -999, -999, -999, -999, -999, -999, -999
19331001, 1800,  , TS, 15.7N,  81.5W,  35, -999, -999, -999, -999, -999, -999, -999, -999, -999, -999, -999, -999, -999, -999
19331002, 0000,  , TS, 15.9N,  81.5W,  40, -999, -999, -999, -999, -999, -999, -999, -999, -999, -999, -999, -999, -999, -999
19331002, 0600,  , TS, 16.2N,  81.5W,  45, -999, -999, -999, -999, -999, -999, -999, -999, -999, -999, -999, -999, -999, -999
19331002, 1200,  , TS, 16.6N,  81.5W,  50, -999, -999, -999, -999, -999, -999, -999, -999, -999, -999, -999, -999, -999, -999
19331002, 1800,  , TS, 17.3N,  81.6W,  55, -999, -999, -999, -999, -999, -999, -999, -999, -999, -999, -999, -999, -999, -999
19331003, 0000,  , HU, 18.1N,  81.7W,  65, -999, -999, -999, -999, -999, -999, -999, -999, -999, -999, -999, -999, -999, -999
19331003, 0600,  , HU, 18.9N,  81.7W,  70, -999, -999, -999, -999, -999, -999, -999, -999, -999, -999, -999, -999, -999, -999
19331003, 1200,  , HU, 19.7N,  81.7W,  75, -999, -999, -999, -999, -999, -999, -999, -999, -999, -999, -999, -999, -999, -999
19331003, 1800,  , HU, 20.5N,  81.8W,  80, -999, -999, -999, -999, -999, -999, -999, -999, -999, -999, -999, -999, -999, -999
19331004, 0000,  , HU, 21.3N,  81.9W,  85, -999, -999, -999, -999, -999, -999, -999, -999, -999, -999, -999, -999, -999, -999
19331004, 0600,  , HU, 22.0N,  82.0W,  90, -999, -999, -999, -999, -999, -999, -999, -999, -999, -999, -999, -999, -999, -999
19331004, 1200,  , HU, 22.7N,  82.1W,  90, -999, -999, -999, -999, -999, -999, -999, -999, -999, -999, -999, -999, -999, -999
19331004, 1800,  , HU, 23.3N,  82.3W,  85,  976, -999, -999, -999, -999, -999, -999, -999, -999, -999, -999, -999, -999, -999
19331005, 0000,  , HU, 23.7N,  82.0W,  90, -999, -999, -999, -999, -999, -999, -999, -999, -999, -999, -999, -999, -999, -999
19331005, 0600,  , HU, 24.2N,  81.0W,  95, -999, -999, -999, -999, -999, -999, -999, -999, -999, -999, -999, -999, -999, -999
19331005, 1200,  , HU, 24.8N,  79.7W, 100, -999, -999, -999, -999, -999, -999, -999, -999, -999, -999, -999, -999, -999, -999
19331005, 1800,  , HU, 25.9N,  78.1W, 105, -999, -999, -999, -999, -999, -999, -999, -999, -999, -999, -999, -999, -999, -999
19331006, 0000,  , HU, 27.2N,  76.3W, 110, -999, -999, -999, -999, -999, -999, -999, -999, -999, -999, -999, -999, -999, -999
19331006, 0600,  , HU, 28.5N,  74.6W, 110, -999, -999, -999, -999, -999, -999, -999, -999, -999, -999, -999, -999, -999, -999
19331006, 1200,  , HU, 29.8N,  73.1W, 110, -999, -999, -999, -999, -999, -999, -999, -999, -999, -999, -999, -999, -999, -999
19331006, 1800,  , HU, 31.5N,  71.2W, 105, -999, -999, -999, -999, -999, -999, -999, -999, -999, -999, -999, -999, -999, -999
19331007, 0000,  , HU, 33.6N,  69.4W,  95, -999, -999, -999, -999, -999, -999, -999, -999, -999, -999, -999, -999, -999, -999
19331007, 0600,  , HU, 35.5N,  68.0W,  85, -999, -999, -999, -999, -999, -999, -999, -999, -999, -999, -999, -999, -999, -999
19331007, 1200,  , HU, 37.4N,  67.0W,  80,  971, -999, -999, -999, -999, -999, -999, -999, -999, -999, -999, -999, -999, -999
19331007, 1800,  , HU, 39.3N,  66.1W,  80, -999, -999, -999, -999, -999, -999, -999, -999, -999, -999, -999, -999, -999, -999
19331008, 0000,  , EX, 41.2N,  65.2W,  80, -999, -999, -999, -999, -999, -999, -999, -999, -999, -999, -999, -999, -999, -999
19331008, 0600,  , EX, 42.9N,  64.3W,  75, -999, -999, -999, -999, -999, -999, -999, -999, -999, -999, -999, -999, -999, -999
19331008, 1200,  , EX, 44.0N,  63.3W,  70, -999, -999, -999, -999, -999, -999, -999, -999, -999, -999, -999, -999, -999, -999
19331008, 1800,  , EX, 44.5N,  62.1W,  65, -999, -999, -999, -999, -999, -999, -999, -999, -999, -999, -999, -999, -999, -999
19331009, 0000,  , EX, 44.5N,  60.0W,  55, -999, -999, -999, -999, -999, -999, -999, -999, -999, -999, -999, -999, -999, -999
19331009, 0600,  , EX, 44.0N,  55.5W,  45, -999, -999, -999, -999, -999, -999, -999, -999, -999, -999, -999, -999, -999, -999
AL181933,            UNNAMED,     55,
19331025, 0600,  , TD, 13.5N,  80.1W,  25, -999, -999, -999, -999, -999, -999, -999, -999, -999, -999, -999, -999, -999, -999
19331025, 1200,  , TD, 13.6N,  79.7W,  25, -999, -999, -999, -999, -999, -999, -999, -999, -999, -999, -999, -999, -999, -999
19331025, 1800,  , TD, 13.6N,  79.1W,  25, -999, -999, -999, -999, -999, -999, -999, -999, -999, -999, -999, -999, -999, -999
19331026, 0000,  , TD, 13.6N,  78.5W,  25, -999, -999, -999, -999, -999, -999, -999, -999, -999, -999, -999, -999, -999, -999
19331026, 0600,  , TD, 13.7N,  77.9W,  30, -999, -999, -999, -999, -999, -999, -999, -999, -999, -999, -999, -999, -999, -999
19331026, 1200,  , TD, 13.8N,  77.5W,  30, -999, -999, -999, -999, -999, -999, -999, -999, -999, -999, -999, -999, -999, -999
19331026, 1800,  , TD, 13.9N,  77.4W,  30, -999, -999, -999, -999, -999, -999, -999, -999, -999, -999, -999, -999, -999, -999
19331027, 0000,  , TD, 14.0N,  77.3W,  30, -999, -999, -999, -999, -999, -999, -999, -999, -999, -999, -999, -999, -999, -999
19331027, 0600,  , TD, 14.1N,  77.2W,  30, -999, -999, -999, -999, -999, -999, -999, -999, -999, -999, -999, -999, -999, -999
19331027, 1200,  , TS, 14.2N,  77.2W,  35, -999, -999, -999, -999, -999, -999, -999, -999, -999, -999, -999, -999, -999, -999
19331027, 1800,  , TS, 14.6N,  77.2W,  35, -999, -999, -999, -999, -999, -999, -999, -999, -999, -999, -999, -999, -999, -999
19331028, 0000,  , TS, 15.1N,  77.3W,  40, -999, -999, -999, -999, -999, -999, -999, -999, -999, -999, -999, -999, -999, -999
19331028, 0600,  , TS, 15.6N,  77.4W,  45, -999, -999, -999, -999, -999, -999, -999, -999, -999, -999, -999, -999, -999, -999
19331028, 1200,  , TS, 16.0N,  77.5W,  50, -999, -999, -999, -999, -999, -999, -999, -999, -999, -999, -999, -999, -999, -999
19331028, 1800,  , TS, 16.4N,  77.6W,  60, -999, -999, -999, -999, -999, -999, -999, -999, -999, -999, -999, -999, -999, -999
19331029, 0000,  , HU, 16.8N,  77.7W,  70, -999, -999, -999, -999, -999, -999, -999, -999, -999, -999, -999, -999, -999, -999
19331029, 0600,  , HU, 17.3N,  77.7W,  75, -999, -999, -999, -999, -999, -999, -999, -999, -999, -999, -999, -999, -999, -999
19331029, 1200,  , HU, 17.8N,  77.7W,  80, -999, -999, -999, -999, -999, -999, -999, -999, -999, -999, -999, -999, -999, -999
19331029, 1800,  , HU, 18.1N,  78.1W,  80,  982, -999, -999, -999, -999, -999, -999, -999, -999, -999, -999, -999, -999, -999
19331030, 0000,  , HU, 18.5N,  78.0W,  70, -999, -999, -999, -999, -999, -999, -999, -999, -999, -999, -999, -999, -999, -999
19331030, 0600,  , HU, 18.7N,  77.7W,  65, -999, -999, -999, -999, -999, -999, -999, -999, -999, -999, -999, -999, -999, -999
19331030, 1200,  , TS, 18.8N,  77.5W,  60, -999, -999, -999, -999, -999, -999, -999, -999, -999, -999, -999, -999, -999, -999
19331030, 1800,  , TS, 19.0N,  77.1W,  60, -999, -999, -999, -999, -999, -999, -999, -999, -999, -999, -999, -999, -999, -999
19331031, 0000,  , TS, 19.3N,  76.8W,  55, -999, -999, -999, -999, -999, -999, -999, -999, -999, -999, -999, -999, -999, -999
19331031, 0600,  , TS, 19.6N,  76.6W,  55, -999, -999, -999, -999, -999, -999, -999, -999, -999, -999, -999, -999, -999, -999
19331031, 1200,  , TS, 19.9N,  76.4W,  55, -999, -999, -999, -999, -999, -999, -999, -999, -999, -999, -999, -999, -999, -999
19331031, 1800,  , TS, 20.3N,  76.3W,  50, -999, -999, -999, -999, -999, -999, -999, -999, -999, -999, -999, -999, -999, -999
19331101, 0000,  , TS, 20.7N,  76.3W,  45, -999, -999, -999, -999, -999, -999, -999, -999, -999, -999, -999, -999, -999, -999
19331101, 0600,  , TS, 21.1N,  76.4W,  40, -999, -999, -999, -999, -999, -999, -999, -999, -999, -999, -999, -999, -999, -999
19331101, 1200,  , TS, 21.5N,  76.5W,  45, -999, -999, -999, -999, -999, -999, -999, -999, -999, -999, -999, -999, -999, -999
19331101, 1800,  , TS, 21.8N,  76.5W,  45, -999, -999, -999, -999, -999, -999, -999, -999, -999, -999, -999, -999, -999, -999
19331102, 0000,  , TS, 22.0N,  76.5W,  45, -999, -999, -999, -999, -999, -999, -999, -999, -999, -999, -999, -999, -999, -999
19331102, 0600,  , TS, 22.2N,  76.5W,  45, -999, -999, -999, -999, -999, -999, -999, -999, -999, -999, -999, -999, -999, -999
19331102, 1200,  , TS, 22.4N,  76.5W,  40, -999, -999, -999, -999, -999, -999, -999, -999, -999, -999, -999, -999, -999, -999
19331102, 1800,  , TS, 22.8N,  76.7W,  40, -999, -999, -999, -999, -999, -999, -999, -999, -999, -999, -999, -999, -999, -999
19331103, 0000,  , TS, 23.2N,  76.9W,  40, -999, -999, -999, -999, -999, -999, -999, -999, -999, -999, -999, -999, -999, -999
19331103, 0600,  , TS, 23.6N,  77.0W,  40, -999, -999, -999, -999, -999, -999, -999, -999, -999, -999, -999, -999, -999, -999
19331103, 1200,  , TS, 24.1N,  77.0W,  40, -999, -999, -999, -999, -999, -999, -999, -999, -999, -999, -999, -999, -999, -999
19331103, 1800,  , TS, 24.6N,  76.9W,  40, -999, -999, -999, -999, -999, -999, -999, -999, -999, -999, -999, -999, -999, -999
19331104, 0000,  , TS, 25.0N,  76.6W,  45, -999, -999, -999, -999, -999, -999, -999, -999, -999, -999, -999, -999, -999, -999
19331104, 0600,  , TS, 25.4N,  76.2W,  45, -999, -999, -999, -999, -999, -999, -999, -999, -999, -999, -999, -999, -999, -999
19331104, 1200,  , TS, 25.8N,  75.8W,  45, -999, -999, -999, -999, -999, -999, -999, -999, -999, -999, -999, -999, -999, -999
19331104, 1800,  , TS, 26.0N,  75.1W,  45, -999, -999, -999, -999, -999, -999, -999, -999, -999, -999, -999, -999, -999, -999
19331105, 0000,  , TS, 26.2N,  74.3W,  40, -999, -999, -999, -999, -999, -999, -999, -999, -999, -999, -999, -999, -999, -999
19331105, 0600,  , TS, 26.3N,  73.5W,  40, -999, -999, -999, -999, -999, -999, -999, -999, -999, -999, -999, -999, -999, -999
19331105, 1200,  , TS, 26.4N,  72.6W,  40, -999, -999, -999, -999, -999, -999, -999, -999, -999, -999, -999, -999, -999, -999
19331105, 1800,  , TS, 26.6N,  71.6W,  40, -999, -999, -999, -999, -999, -999, -999, -999, -999, -999, -999, -999, -999, -999
19331106, 0000,  , TS, 26.9N,  70.5W,  40, -999, -999, -999, -999, -999, -999, -999, -999, -999, -999, -999, -999, -999, -999
19331106, 0600,  , TS, 27.1N,  69.3W,  40, -999, -999, -999, -999, -999, -999, -999, -999, -999, -999, -999, -999, -999, -999
19331106, 1200,  , TS, 27.3N,  68.0W,  40, -999, -999, -999, -999, -999, -999, -999, -999, -999, -999, -999, -999, -999, -999
19331106, 1800,  , TS, 27.7N,  66.6W,  40, -999, -999, -999, -999, -999, -999, -999, -999, -999, -999, -999, -999, -999, -999
19331107, 0000,  , TS, 28.4N,  65.1W,  40, -999, -999, -999, -999, -999, -999, -999, -999, -999, -999, -999, -999, -999, -999
19331107, 0600,  , TS, 29.3N,  63.4W,  40, -999, -999, -999, -999, -999, -999, -999, -999, -999, -999, -999, -999, -999, -999
19331107, 1200,  , TS, 30.4N,  61.5W,  40, -999, -999, -999, -999, -999, -999, -999, -999, -999, -999, -999, -999, -999, -999
19331107, 1800,  , TS, 32.1N,  59.0W,  40, -999, -999, -999, -999, -999, -999, -999, -999, -999, -999, -999, -999, -999, -999
AL191933,            UNNAMED,     20,
19331026, 0000,  , EX, 27.8N,  75.2W,  35, -999, -999, -999, -999, -999, -999, -999, -999, -999, -999, -999, -999, -999, -999
19331026, 0600,  , TS, 28.4N,  74.8W,  40, -999, -999, -999, -999, -999, -999, -999, -999, -999, -999, -999, -999, -999, -999
19331026, 1200,  , TS, 29.0N,  74.5W,  45, -999, -999, -999, -999, -999, -999, -999, -999, -999, -999, -999, -999, -999, -999
19331026, 1800,  , TS, 29.6N,  74.3W,  45, -999, -999, -999, -999, -999, -999, -999, -999, -999, -999, -999, -999, -999, -999
19331027, 0000,  , TS, 30.2N,  74.1W,  50, -999, -999, -999, -999, -999, -999, -999, -999, -999, -999, -999, -999, -999, -999
19331027, 0600,  , TS, 30.8N,  73.9W,  55, -999, -999, -999, -999, -999, -999, -999, -999, -999, -999, -999, -999, -999, -999
19331027, 1200,  , TS, 31.5N,  73.6W,  55, -999, -999, -999, -999, -999, -999, -999, -999, -999, -999, -999, -999, -999, -999
19331027, 1800,  , TS, 32.7N,  72.9W,  60, -999, -999, -999, -999, -999, -999, -999, -999, -999, -999, -999, -999, -999, -999
19331028, 0000,  , TS, 34.1N,  71.8W,  60, -999, -999, -999, -999, -999, -999, -999, -999, -999, -999, -999, -999, -999, -999
19331028, 0600,  , TS, 35.6N,  70.5W,  60, -999, -999, -999, -999, -999, -999, -999, -999, -999, -999, -999, -999, -999, -999
19331028, 1200,  , TS, 37.1N,  68.8W,  60, -999, -999, -999, -999, -999, -999, -999, -999, -999, -999, -999, -999, -999, -999
19331028, 1800,  , EX, 39.2N,  66.6W,  65, -999, -999, -999, -999, -999, -999, -999, -999, -999, -999, -999, -999, -999, -999
19331029, 0000,  , EX, 41.2N,  64.4W,  70, -999, -999, -999, -999, -999, -999, -999, -999, -999, -999, -999, -999, -999, -999
19331029, 0600,  , EX, 42.6N,  63.1W,  70, -999, -999, -999, -999, -999, -999, -999, -999, -999, -999, -999, -999, -999, -999
19331029, 1200,  , EX, 44.0N,  62.3W,  70, -999, -999, -999, -999, -999, -999, -999, -999, -999, -999, -999, -999, -999, -999
19331029, 1800,  , EX, 45.4N,  61.6W,  55, -999, -999, -999, -999, -999, -999, -999, -999, -999, -999, -999, -999, -999, -999
19331030, 0000,  , EX, 46.8N,  60.9W,  50, -999, -999, -999, -999, -999, -999, -999, -999, -999, -999, -999, -999, -999, -999
19331030, 0600,  , EX, 48.1N,  60.1W,  45, -999, -999, -999, -999, -999, -999, -999, -999, -999, -999, -999, -999, -999, -999
19331030, 1200,  , EX, 49.3N,  59.2W,  40, -999, -999, -999, -999, -999, -999, -999, -999, -999, -999, -999, -999, -999, -999
19331030, 1800,  , EX, 50.6N,  58.5W,  40, -999, -999, -999, -999, -999, -999, -999, -999, -999, -999, -999, -999, -999, -999
AL201933,            UNNAMED,      8,
19331115, 1200,  , TD, 11.2N,  79.9W,  30, -999, -999, -999, -999, -999, -999, -999, -999, -999, -999, -999, -999, -999, -999
19331115, 1800,  , TS, 11.5N,  80.6W,  35, -999, -999, -999, -999, -999, -999, -999, -999, -999, -999, -999, -999, -999, -999
19331116, 0000,  , TS, 11.8N,  81.3W,  40, -999, -999, -999, -999, -999, -999, -999, -999, -999, -999, -999, -999, -999, -999
19331116, 0600,  , TS, 12.0N,  82.0W,  45, -999, -999, -999, -999, -999, -999, -999, -999, -999, -999, -999, -999, -999, -999
19331116, 1200,  , TS, 12.1N,  82.7W,  50, -999, -999, -999, -999, -999, -999, -999, -999, -999, -999, -999, -999, -999, -999
19331116, 1800,  , TS, 12.1N,  83.5W,  50, -999, -999, -999, -999, -999, -999, -999, -999, -999, -999, -999, -999, -999, -999
19331117, 0000,  , TS, 12.2N,  84.3W,  40, -999, -999, -999, -999, -999, -999, -999, -999, -999, -999, -999, -999, -999, -999
19331117, 0600,  , TD, 12.3N,  85.2W,  30, -999, -999, -999, -999, -999, -999, -999, -999, -999, -999, -999, -999, -999, -999
