AL011922,            UNNAMED,     18,
19220612, 1200,  , TD, 15.5N,  82.3W,  25, -999, -999, -999, -999, -999, -999, -999, -999, -999, -999, -999, -999, -999, -999
19220612, 1800,  , TD, 16.3N,  83.4W,  25, -999, -999, -999, -999, -999, -999, -999, -999, -999, -999, -999, -999, -999, -999
19220613, 0000,  , TD, 17.1N,  84.5W,  25, -999, -999, -999, -999, -999, -999, -999, -999, -999, -999, -999, -999, -999, -999
19220613, 0600,  , TD, 17.8N,  85.6W,  25, -999, -999, -999, -999, -999, -999, -999, -999, -999, -999, -999, -999, -999, -999
19220613, 1200,  , TD, 18.3N,  86.5W,  30, -999, -999, -999, -999, -999, -999, -999, -999, -999, -999, -999, -999, -999, -999
19220613, 1800,  , TD, 18.5N,  87.0W,  30, -999, -999, -999, -999, -999, -999, -999, -999, -999, -999, -999, -999, -999, -999
19220614, 0000,  , TD, 18.7N,  87.6W,  30, -999, -999, -999, -999, -999, -999, -999, -999, -999, -999, -999, -999, -999, -999
19220614, 0600,  , TD, 19.0N,  88.5W,  30, -999, -999, -999, -999, -999, -999, -999, -999, -999, -999, -999, -999, -999, -999
19220614, 1200,  , TD, 19.5N,  89.5W,  25, -999, -999, -999, -999, -999, -999, -999, -999, -999, -999, -999, -999, -999, -999
19220614, 1800,  , TD, 20.1N,  90.8W,  25, -999, -999, -999, -999, -999, -999, -999, -999, -999, -999, -999, -999, -999, -999
19220615, 0000,  , TD, 20.7N,  92.3W,  30, -999, -999, -999, -999, -999, -999, -999, -999, -999, -999, -999, -999, -999, -999
19220615, 0600,  , TS, 21.3N,  94.0W,  35, -999, -999, -999, -999, -999, -999, -999, -999, -999, -999, -999, -999, -999, -999
19220615, 1200,  , TS, 22.0N,  95.5W,  40, -999, -999, -999, -999, -999, -999, -999, -999, -999, -999, -999, -999, -999, -999
19220615, 1800,  , TS, 23.0N,  96.7W,  45, -999, -999, -999, -999, -999, -999, -999, -999, -999, -999, -999, -999, -999, -999
19220616, 0000,  , TS, 24.0N,  97.7W,  45, -999, -999, -999, -999, -999, -999, -999, -999, -999, -999, -999, -999, -999, -999
19220616, 0600,  , TS, 25.0N,  98.6W,  35, -999, -999, -999, -999, -999, -999, -999, -999, -999, -999, -999, -999, -999, -999
19220616, 1200,  , TD, 26.0N,  99.5W,  30, 1006, -999, -999, -999, -999, -999, -999, -999, -999, -999, -999, -999, -999, -999
19220616, 1800,  , TD, 27.0N, 100.2W,  25, -999, -999, -999, -999, -999, -999, -999, -999, -999, -999, -999, -999, -999, -999
AL021922,            UNNAMED,     62,
19220913, 0000,  , TD, 10.4N,  46.8W,  30, -999, -999, -999, -999, -999, -999, -999, -999, -999, -999, -999, -999, -999, -999
19220913, 0600,  , TD, 10.7N,  48.1W,  30, -999, -999, -999, -999, -999, -999, -999, -999, -999, -999, -999, -999, -999, -999
19220913, 1200,  , TD, 11.0N,  49.3W,  30, -999, -999, -999, -999, -999, -999, -999, -999, -999, -999, -999, -999, -999, -999
19220913, 1800,  , TS, 11.2N,  50.5W,  35, -999, -999, -999, -999, -999, -999, -999, -999, -999, -999, -999, -999, -999, -999
19220914, 0000,  , TS, 11.6N,  51.7W,  40, -999, -999, -999, -999, -999, -999, -999, -999, -999, -999, -999, -999, -999, -999
19220914, 0600,  , TS, 12.0N,  52.9W,  45, -999, -999, -999, -999, -999, -999, -999, -999, -999, -999, -999, -999, -999, -999
19220914, 1200,  , TS, 12.6N,  54.0W,  50, -999, -999, -999, -999, -999, -999, -999, -999, -999, -999, -999, -999, -999, -999
19220914, 1800,  , TS, 13.4N,  55.2W,  55, -999, -999, -999, -999, -999, -999, -999, -999, -999, -999, -999, -999, -999, -999
19220915, 0000,  , TS, 14.2N,  56.4W,  60, -999, -999, -999, -999, -999, -999, -999, -999, -999, -999, -999, -999, -999, -999
19220915, 0600,  , TS, 15.1N,  57.7W,  60, -999, -999, -999, -999, -999, -999, -999, -999, -999, -999, -999, -999, -999, -999
19220915, 1200,  , HU, 15.8N,  58.8W,  70, -999, -999, -999, -999, -999, -999, -999, -999, -999, -999, -999, -999, -999, -999
19220915, 1800,  , HU, 16.4N,  59.8W,  80, -999, -999, -999, -999, -999, -999, -999, -999, -999, -999, -999, -999, -999, -999
19220916, 0000,  , HU, 17.0N,  60.9W,  90, -999, -999, -999, -999, -999, -999, -999, -999, -999, -999, -999, -999, -999, -999
19220916, 0600,  , HU, 17.6N,  61.9W, 100, -999, -999, -999, -999, -999, -999, -999, -999, -999, -999, -999, -999, -999, -999
19220916, 1200,  , HU, 18.1N,  62.9W, 100, -999, -999, -999, -999, -999, -999, -999, -999, -999, -999, -999, -999, -999, -999
19220916, 1800,  , HU, 18.7N,  63.9W, 100, -999, -999, -999, -999, -999, -999, -999, -999, -999, -999, -999, -999, -999, -999
19220917, 0000,  , HU, 19.3N,  64.9W, 100, -999, -999, -999, -999, -999, -999, -999, -999, -999, -999, -999, -999, -999, -999
19220917, 0600,  , HU, 20.0N,  65.9W, 100, -999, -999, -999, -999, -999, -999, -999, -999, -999, -999, -999, -999, -999, -999
19220917, 1200,  , HU, 20.6N,  66.8W, 105, -999, -999, -999, -999, -999, -999, -999, -999, -999, -999, -999, -999, -999, -999
19220917, 1800,  , HU, 21.2N,  67.2W, 105, -999, -999, -999, -999, -999, -999, -999, -999, -999, -999, -999, -999, -999, -999
19220918, 0000,  , HU, 21.9N,  67.3W, 105, -999, -999, -999, -999, -999, -999, -999, -999, -999, -999, -999, -999, -999, -999
19220918, 0600,  , HU, 22.5N,  67.4W, 105, -999, -999, -999, -999, -999, -999, -999, -999, -999, -999, -999, -999, -999, -999
19220918, 1200,  , HU, 23.2N,  67.5W, 105, -999, -999, -999, -999, -999, -999, -999, -999, -999, -999, -999, -999, -999, -999
19220918, 1800,  , HU, 24.0N,  67.6W, 105, -999, -999, -999, -999, -999, -999, -999, -999, -999, -999, -999, -999, -999, -999
19220919, 0000,  , HU, 24.9N,  67.7W, 105, -999, -999, -999, -999, -999, -999, -999, -999, -999, -999, -999, -999, -999, -999
19220919, 0600,  , HU, 25.8N,  67.8W, 105, -999, -999, -999, -999, -999, -999, -999, -999, -999, -999, -999, -999, -999, -999
19220919, 1200,  , HU, 26.5N,  67.8W, 105, -999, -999, -999, -999, -999, -999, -999, -999, -999, -999, -999, -999, -999, -999
19220919, 1800,  , HU, 27.3N,  67.6W, 105, -999, -999, -999, -999, -999, -999, -999, -999, -999, -999, -999, -999, -999, -999
19220920, 0000,  , HU, 27.9N,  67.3W, 105, -999, -999, -999, -999, -999, -999, -999, -999, -999, -999, -999, -999, -999, -999
19220920, 0600,  , HU, 28.6N,  66.9W, 105, -999, -999, -999, -999, -999, -999, -999, -999, -999, -999, -999, -999, -999, -999
19220920, 1200,  , HU, 29.2N,  66.5W, 105, -999, -999, -999, -999, -999, -999, -999, -999, -999, -999, -999, -999, -999, -999
19220920, 1800,  , HU, 29.9N,  66.1W, 105, -999, -999, -999, -999, -999, -999, -999, -999, -999, -999, -999, -999, -999, -999
19220921, 0000,  , HU, 30.6N,  65.7W, 100, -999, -999, -999, -999, -999, -999, -999, -999, -999, -999, -999, -999, -999, -999
19220921, 0600,  , HU, 31.3N,  65.3W, 100, -999, -999, -999, -999, -999, -999, -999, -999, -999, -999, -999, -999, -999, -999
19220921, 1200,  , HU, 32.3N,  64.8W, 100,  960, -999, -999, -999, -999, -999, -999, -999, -999, -999, -999, -999, -999, -999
19220921, 1800,  , HU, 33.6N,  63.8W, 100, -999, -999, -999, -999, -999, -999, -999, -999, -999, -999, -999, -999, -999, -999
19220922, 0000,  , HU, 35.1N,  62.0W, 100, -999, -999, -999, -999, -999, -999, -999, -999, -999, -999, -999, -999, -999, -999
19220922, 0600,  , HU, 36.7N,  60.0W,  95, -999, -999, -999, -999, -999, -999, -999, -999, -999, -999, -999, -999, -999, -999
19220922, 1200,  , HU, 38.0N,  57.5W,  90, -999, -999, -999, -999, -999, -999, -999, -999, -999, -999, -999, -999, -999, -999
19220922, 1800,  , HU, 39.0N,  55.0W,  85, -999, -999, -999, -999, -999, -999, -999, -999, -999, -999, -999, -999, -999, -999
19220923, 0000,  , EX, 40.0N,  52.5W,  80, -999, -999, -999, -999, -999, -999, -999, -999, -999, -999, -999, -999, -999, -999
19220923, 0600,  , EX, 41.0N,  50.0W,  75, -999, -999, -999, -999, -999, -999, -999, -999, -999, -999, -999, -999, -999, -999
19220923, 1200,  , EX, 42.0N,  47.5W,  75, -999, -999, -999, -999, -999, -999, -999, -999, -999, -999, -999, -999, -999, -999
19220923, 1800,  , EX, 43.5N,  44.5W,  75,  971, -999, -999, -999, -999, -999, -999, -999, -999, -999, -999, -999, -999, -999
19220924, 0000,  , EX, 45.5N,  40.0W,  75, -999, -999, -999, -999, -999, -999, -999, -999, -999, -999, -999, -999, -999, -999
19220924, 0600,  , EX, 47.5N,  34.4W,  75, -999, -999, -999, -999, -999, -999, -999, -999, -999, -999, -999, -999, -999, -999
19220924, 1200,  , EX, 49.0N,  29.5W,  75, -999, -999, -999, -999, -999, -999, -999, -999, -999, -999, -999, -999, -999, -999
19220924, 1800,  , EX, 50.0N,  26.0W,  75,  952, -999, -999, -999, -999, -999, -999, -999, -999, -999, -999, -999, -999, -999
19220925, 0000,  , EX, 50.5N,  23.0W,  75, -999, -999, -999, -999, -999, -999, -999, -999, -999, -999, -999, -999, -999, -999
19220925, 0600,  , EX, 50.8N,  20.0W,  75,  939, -999, -999, -999, -999, -999, -999, -999, -999, -999, -999, -999, -999, -999
19220925, 1200,  , EX, 51.0N,  17.5W,  75, -999, -999, -999, -999, -999, -999, -999, -999, -999, -999, -999, -999, -999, -999
19220925, 1800,  , EX, 51.0N,  15.8W,  75, -999, -999, -999, -999, -999, -999, -999, -999, -999, -999, -999, -999, -999, -999
19220926, 0000,  , EX, 50.8N,  14.3W,  70, -999, -999, -999, -999, -999, -999, -999, -999, -999, -999, -999, -999, -999, -999
19220926, 0600,  , EX, 50.5N,  13.0W,  65, -999, -999, -999, -999, -999, -999, -999, -999, -999, -999, -999, -999, -999, -999
19220926, 1200,  , EX, 50.0N,  12.0W,  60, -999, -999, -999, -999, -999, -999, -999, -999, -999, -999, -999, -999, -999, -999
19220926, 1800,  , EX, 49.5N,  11.0W,  50, -999, -999, -999, -999, -999, -999, -999, -999, -999, -999, -999, -999, -999, -999
19220927, 0000,  , EX, 49.5N,  10.0W,  50, -999, -999, -999, -999, -999, -999, -999, -999, -999, -999, -999, -999, -999, -999
19220927, 0600,  , EX, 49.5N,   9.0W,  45, -999, -999, -999, -999, -999, -999, -999, -999, -999, -999, -999, -999, -999, -999
19220927, 1200,  , EX, 49.5N,   8.0W,  40, -999, -999, -999, -999, -999, -999, -999, -999, -999, -999, -999, -999, -999, -999
19220927, 1800,  , EX, 49.5N,   7.0W,  40, -999, -999, -999, -999, -999, -999, -999, -999, -999, -999, -999, -999, -999, -999
19220928, 0000,  , EX, 49.5N,   5.2W,  35, -999, -999, -999, -999, -999, -999, -999, -999, -999, -999, -999, -999, -999, -999
19220928, 0600,  , EX, 49.5N,   3.0W,  30, -999, -999, -999, -999, -999, -999, -999, -999, -999, -999, -999, -999, -999, -999
AL031922,            UNNAMED,     29,
19220918, 0000,  , TD, 28.8N,  79.4W,  30, -999, -999, -999, -999, -999, -999, -999, -999, -999, -999, -999, -999, -999, -999
19220918, 0600,  , TD, 28.9N,  79.2W,  30, -999, -999, -999, -999, -999, -999, -999, -999, -999, -999, -999, -999, -999, -999
19220918, 1200,  , TS, 29.0N,  79.0W,  35, -999, -999, -999, -999, -999, -999, -999, -999, -999, -999, -999, -999, -999, -999
19220918, 1800,  , TS, 29.1N,  78.7W,  35, -999, -999, -999, -999, -999, -999, -999, -999, -999, -999, -999, -999, -999, -999
19220919, 0000,  , TS, 29.2N,  78.5W,  40, -999, -999, -999, -999, -999, -999, -999, -999, -999, -999, -999, -999, -999, -999
19220919, 0600,  , TS, 29.3N,  78.2W,  40, -999, -999, -999, -999, -999, -999, -999, -999, -999, -999, -999, -999, -999, -999
19220919, 1200,  , TS, 29.5N,  78.0W,  45, -999, -999, -999, -999, -999, -999, -999, -999, -999, -999, -999, -999, -999, -999
19220919, 1800,  , TS, 29.7N,  77.8W,  50, -999, -999, -999, -999, -999, -999, -999, -999, -999, -999, -999, -999, -999, -999
19220920, 0000,  , TS, 29.9N,  77.6W,  55, -999, -999, -999, -999, -999, -999, -999, -999, -999, -999, -999, -999, -999, -999
19220920, 0600,  , TS, 30.2N,  77.3W,  60, -999, -999, -999, -999, -999, -999, -999, -999, -999, -999, -999, -999, -999, -999
19220920, 1200,  , HU, 30.5N,  77.0W,  65, -999, -999, -999, -999, -999, -999, -999, -999, -999, -999, -999, -999, -999, -999
19220920, 1800,  , HU, 30.8N,  76.5W,  70, -999, -999, -999, -999, -999, -999, -999, -999, -999, -999, -999, -999, -999, -999
19220921, 0000,  , HU, 31.2N,  76.0W,  70, -999, -999, -999, -999, -999, -999, -999, -999, -999, -999, -999, -999, -999, -999
19220921, 0600,  , HU, 31.6N,  75.5W,  70, -999, -999, -999, -999, -999, -999, -999, -999, -999, -999, -999, -999, -999, -999
19220921, 1200,  , HU, 32.0N,  75.0W,  70, -999, -999, -999, -999, -999, -999, -999, -999, -999, -999, -999, -999, -999, -999
19220921, 1800,  , HU, 32.3N,  74.5W,  70, -999, -999, -999, -999, -999, -999, -999, -999, -999, -999, -999, -999, -999, -999
19220922, 0000,  , HU, 32.6N,  74.0W,  70, -999, -999, -999, -999, -999, -999, -999, -999, -999, -999, -999, -999, -999, -999
19220922, 0600,  , HU, 33.0N,  73.5W,  70, -999, -999, -999, -999, -999, -999, -999, -999, -999, -999, -999, -999, -999, -999
19220922, 1200,  , HU, 33.5N,  73.0W,  70, -999, -999, -999, -999, -999, -999, -999, -999, -999, -999, -999, -999, -999, -999
19220922, 1800,  , HU, 34.3N,  72.2W,  65, -999, -999, -999, -999, -999, -999, -999, -999, -999, -999, -999, -999, -999, -999
19220923, 0000,  , TS, 35.5N,  71.2W,  60, -999, -999, -999, -999, -999, -999, -999, -999, -999, -999, -999, -999, -999, -999
19220923, 0600,  , TS, 36.6N,  70.0W,  55, -999, -999, -999, -999, -999, -999, -999, -999, -999, -999, -999, -999, -999, -999
19220923, 1200,  , TS, 37.5N,  69.0W,  50, -999, -999, -999, -999, -999, -999, -999, -999, -999, -999, -999, -999, -999, -999
19220923, 1800,  , TS, 38.1N,  68.4W,  45, -999, -999, -999, -999, -999, -999, -999, -999, -999, -999, -999, -999, -999, -999
19220924, 0000,  , TS, 38.5N,  68.2W,  40, -999, -999, -999, -999, -999, -999, -999, -999, -999, -999, -999, -999, -999, -999
19220924, 0600,  , TS, 38.3N,  68.1W,  35, -999, -999, -999, -999, -999, -999, -999, -999, -999, -999, -999, -999, -999, -999
19220924, 1200,  , TS, 39.0N,  68.0W,  35, -999, -999, -999, -999, -999, -999, -999, -999, -999, -999, -999, -999, -999, -999
19220924, 1800,  , TS, 39.2N,  68.0W,  35, -999, -999, -999, -999, -999, -999, -999, -999, -999, -999, -999, -999, -999, -999
19220925, 0000,  , EX, 39.4N,  68.0W,  30, -999, -999, -999, -999, -999, -999, -999, -999, -999, -999, -999, -999, -999, -999
AL041922,            UNNAMED,     46,
19221011, 0000,  , TD, 12.0N,  75.5W,  25, -999, -999, -999, -999, -999, -999, -999, -999, -999, -999, -999, -999, -999, -999
19221011, 0600,  , TD, 12.0N,  75.8W,  25, -999, -999, -999, -999, -999, -999, -999, -999, -999, -999, -999, -999, -999, -999
19221011, 1200,  , TD, 12.0N,  76.0W,  25, -999, -999, -999, -999, -999, -999, -999, -999, -999, -999, -999, -999, -999, -999
19221011, 1800,  , TD, 12.0N,  76.3W,  25, -999, -999, -999, -999, -999, -999, -999, -999, -999, -999, -999, -999, -999, -999
19221012, 0000,  , TD, 12.0N,  76.5W,  25, -999, -999, -999, -999, -999, -999, -999, -999, -999, -999, -999, -999, -999, -999
19221012, 0600,  , TD, 12.0N,  76.7W,  25, -999, -999, -999, -999, -999, -999, -999, -999, -999, -999, -999, -999, -999, -999
19221012, 1200,  , TD, 12.0N,  77.0W,  25, -999, -999, -999, -999, -999, -999, -999, -999, -999, -999, -999, -999, -999, -999
19221012, 1800,  , TD, 12.2N,  77.2W,  25, -999, -999, -999, -999, -999, -999, -999, -999, -999, -999, -999, -999, -999, -999
19221013, 0000,  , TD, 12.5N,  77.4W,  25, -999, -999, -999, -999, -999, -999, -999, -999, -999, -999, -999, -999, -999, -999
19221013, 0600,  , TD, 12.9N,  77.6W,  25, -999, -999, -999, -999, -999, -999, -999, -999, -999, -999, -999, -999, -999, -999
19221013, 1200,  , TD, 13.5N,  78.0W,  25, -999, -999, -999, -999, -999, -999, -999, -999, -999, -999, -999, -999, -999, -999
19221013, 1800,  , TD, 14.3N,  78.5W,  25, -999, -999, -999, -999, -999, -999, -999, -999, -999, -999, -999, -999, -999, -999
19221014, 0000,  , TD, 15.2N,  79.0W,  30, -999, -999, -999, -999, -999, -999, -999, -999, -999, -999, -999, -999, -999, -999
19221014, 0600,  , TD, 16.2N,  79.5W,  30, -999, -999, -999, -999, -999, -999, -999, -999, -999, -999, -999, -999, -999, -999
19221014, 1200,  , TD, 17.0N,  80.0W,  30, -999, -999, -999, -999, -999, -999, -999, -999, -999, -999, -999, -999, -999, -999
19221014, 1800,  , TD, 17.6N,  80.5W,  30, -999, -999, -999, -999, -999, -999, -999, -999, -999, -999, -999, -999, -999, -999
19221015, 0000,  , TD, 17.9N,  81.0W,  30, -999, -999, -999, -999, -999, -999, -999, -999, -999, -999, -999, -999, -999, -999
19221015, 0600,  , TD, 18.1N,  81.5W,  30, -999, -999, -999, -999, -999, -999, -999, -999, -999, -999, -999, -999, -999, -999
19221015, 1200,  , TS, 18.2N,  82.0W,  35, -999, -999, -999, -999, -999, -999, -999, -999, -999, -999, -999, -999, -999, -999
19221015, 1800,  , TS, 18.4N,  82.3W,  40, -999, -999, -999, -999, -999, -999, -999, -999, -999, -999, -999, -999, -999, -999
19221016, 0000,  , TS, 18.6N,  82.5W,  45, -999, -999, -999, -999, -999, -999, -999, -999, -999, -999, -999, -999, -999, -999
19221016, 0600,  , TS, 18.8N,  82.7W,  50, -999, -999, -999, -999, -999, -999, -999, -999, -999, -999, -999, -999, -999, -999
19221016, 1200,  , TS, 19.1N,  83.0W,  60, -999, -999, -999, -999, -999, -999, -999, -999, -999, -999, -999, -999, -999, -999
19221016, 1800,  , HU, 19.3N,  83.3W,  65, -999, -999, -999, -999, -999, -999, -999, -999, -999, -999, -999, -999, -999, -999
19221017, 0000,  , HU, 19.5N,  83.7W,  70, -999, -999, -999, -999, -999, -999, -999, -999, -999, -999, -999, -999, -999, -999
19221017, 0600,  , HU, 19.9N,  84.1W,  75, -999, -999, -999, -999, -999, -999, -999, -999, -999, -999, -999, -999, -999, -999
19221017, 1200,  , HU, 20.4N,  84.5W,  80, -999, -999, -999, -999, -999, -999, -999, -999, -999, -999, -999, -999, -999, -999
19221017, 1800,  , HU, 20.7N,  85.2W,  85, -999, -999, -999, -999, -999, -999, -999, -999, -999, -999, -999, -999, -999, -999
19221018, 0000,  , HU, 20.7N,  85.9W,  95, -999, -999, -999, -999, -999, -999, -999, -999, -999, -999, -999, -999, -999, -999
19221018, 0600,  , HU, 20.6N,  86.6W,  95, -999, -999, -999, -999, -999, -999, -999, -999, -999, -999, -999, -999, -999, -999
19221018, 1200,  , HU, 20.5N,  87.3W,  85, -999, -999, -999, -999, -999, -999, -999, -999, -999, -999, -999, -999, -999, -999
19221018, 1800,  , HU, 20.5N,  87.9W,  65, -999, -999, -999, -999, -999, -999, -999, -999, -999, -999, -999, -999, -999, -999
19221019, 0000,  , TS, 20.4N,  88.4W,  55, -999, -999, -999, -999, -999, -999, -999, -999, -999, -999, -999, -999, -999, -999
19221019, 0600,  , TS, 20.4N,  88.9W,  50, -999, -999, -999, -999, -999, -999, -999, -999, -999, -999, -999, -999, -999, -999
19221019, 1200,  , TS, 20.3N,  89.5W,  50, -999, -999, -999, -999, -999, -999, -999, -999, -999, -999, -999, -999, -999, -999
19221019, 1800,  , TS, 20.2N,  90.0W,  50, -999, -999, -999, -999, -999, -999, -999, -999, -999, -999, -999, -999, -999, -999
19221020, 0000,  , TS, 20.1N,  90.6W,  60, -999, -999, -999, -999, -999, -999, -999, -999, -999, -999, -999, -999, -999, -999
19221020, 0600,  , HU, 20.0N,  91.3W,  65, -999, -999, -999, -999, -999, -999, -999, -999, -999, -999, -999, -999, -999, -999
19221020, 1200,  , HU, 19.8N,  91.8W,  70, -999, -999, -999, -999, -999, -999, -999, -999, -999, -999, -999, -999, -999, -999
19221020, 1800,  , HU, 19.6N,  92.1W,  70, -999, -999, -999, -999, -999, -999, -999, -999, -999, -999, -999, -999, -999, -999
19221021, 0000,  , HU, 19.4N,  92.4W,  70, -999, -999, -999, -999, -999, -999, -999, -999, -999, -999, -999, -999, -999, -999
19221021, 0600,  , HU, 19.1N,  92.6W,  70, -999, -999, -999, -999, -999, -999, -999, -999, -999, -999, -999, -999, -999, -999
19221021, 1200,  , HU, 18.8N,  92.8W,  70, -999, -999, -999, -999, -999, -999, -999, -999, -999, -999, -999, -999, -999, -999
19221021, 1800,  , HU, 18.5N,  93.0W,  70, -999, -999, -999, -999, -999, -999, -999, -999, -999, -999, -999, -999, -999, -999
19221022, 0000,  , TS, 18.3N,  93.2W,  45, -999, -999, -999, -999, -999, -999, -999, -999, -999, -999, -999, -999, -999, -999
19221022, 0600,  , TS, 18.1N,  93.4W,  35, -999, -999, -999, -999, -999, -999, -999, -999, -999, -999, -999, -999, -999, -999
AL051922,            UNNAMED,     24,
19221012, 0000,  , TD, 16.5N,  84.5W,  25, -999, -999, -999, -999, -999, -999, -999, -999, -999, -999, -999, -999, -999, -999
19221012, 0600,  , TD, 16.5N,  84.2W,  25, -999, -999, -999, -999, -999, -999, -999, -999, -999, -999, -999, -999, -999, -999
19221012, 1200,  , TD, 16.5N,  84.0W,  25, -999, -999, -999, -999, -999, -999, -999, -999, -999, -999, -999, -999, -999, -999
19221012, 1800,  , TD, 16.7N,  83.7W,  25, -999, -999, -999, -999, -999, -999, -999, -999, -999, -999, -999, -999, -999, -999
19221013, 0000,  , TD, 17.0N,  83.4W,  30, -999, -999, -999, -999, -999, -999, -999, -999, -999, -999, -999, -999, -999, -999
19221013, 0600,  , TD, 17.4N,  83.1W,  30, -999, -999, -999, -999, -999, -999, -999, -999, -999, -999, -999, -999, -999, -999
19221013, 1200,  , TS, 18.0N,  83.0W,  35, -999, -999, -999, -999, -999, -999, -999, -999, -999, -999, -999, -999, -999, -999
19221013, 1800,  , TS, 19.0N,  83.0W,  35, -999, -999, -999, -999, -999, -999, -999, -999, -999, -999, -999, -999, -999, -999
19221014, 0000,  , TS, 20.2N,  83.0W,  35, -999, -999, -999, -999, -999, -999, -999, -999, -999, -999, -999, -999, -999, -999
19221014, 0600,  , TS, 21.5N,  83.0W,  35, -999, -999, -999, -999, -999, -999, -999, -999, -999, -999, -999, -999, -999, -999
19221014, 1200,  , TS, 22.8N,  83.0W,  35, -999, -999, -999, -999, -999, -999, -999, -999, -999, -999, -999, -999, -999, -999
19221014, 1800,  , TS, 24.2N,  83.4W,  40, -999, -999, -999, -999, -999, -999, -999, -999, -999, -999, -999, -999, -999, -999
19221015, 0000,  , TS, 25.3N,  84.0W,  45, -999, -999, -999, -999, -999, -999, -999, -999, -999, -999, -999, -999, -999, -999
19221015, 0600,  , TS, 26.1N,  84.7W,  45, -999, -999, -999, -999, -999, -999, -999, -999, -999, -999, -999, -999, -999, -999
19221015, 1200,  , TS, 26.6N,  85.3W,  45, -999, -999, -999, -999, -999, -999, -999, -999, -999, -999, -999, -999, -999, -999
19221015, 1800,  , TS, 27.0N,  85.8W,  45, -999, -999, -999, -999, -999, -999, -999, -999, -999, -999, -999, -999, -999, -999
19221016, 0000,  , TS, 27.3N,  86.3W,  45, -999, -999, -999, -999, -999, -999, -999, -999, -999, -999, -999, -999, -999, -999
19221016, 0600,  , TS, 27.6N,  86.8W,  40, -999, -999, -999, -999, -999, -999, -999, -999, -999, -999, -999, -999, -999, -999
19221016, 1200,  , TS, 28.0N,  87.2W,  35, -999, -999, -999, -999, -999, -999, -999, -999, -999, -999, -999, -999, -999, -999
19221016, 1800,  , TD, 28.6N,  87.5W,  30, -999, -999, -999, -999, -999, -999, -999, -999, -999, -999, -999, -999, -999, -999
19221017, 0000,  , TD, 29.3N,  87.7W,  30, -999, -999, -999, -999, -999, -999, -999, -999, -999, -999, -999, -999, -999, -999
19221017, 0600,  , TD, 30.0N,  87.8W,  25, -999, -999, -999, -999, -999, -999, -999, -999, -999, -999, -999, -999, -999, -999
19221017, 1200,  , EX, 30.8N,  87.9W,  25, -999, -999, -999, -999, -999, -999, -999, -999, -999, -999, -999, -999, -999, -999
19221017, 1800,  , EX, 31.6N,  88.0W,  25, -999, -999, -999, -999, -999, -999, -999, -999, -999, -999, -999, -999, -999, -999
