AL011873,            UNNAMED,      8,
18730601, 0600,  , TS, 24.2N,  78.8W,  40, -999, -999, -999, -999, -999, -999, -999, -999, -999, -999, -999, -999, -999, -999
18730601, 1200,  , TS, 25.6N,  78.6W,  40, -999, -999, -999, -999, -999, -999, -999, -999, -999, -999, -999, -999, -999, -999
18730601, 1800,  , TS, 26.9N,  78.5W,  40, -999, -999, -999, -999, -999, -999, -999, -999, -999, -999, -999, -999, -999, -999
18730602, 0000,  , TS, 28.6N,  78.6W,  40, -999, -999, -999, -999, -999, -999, -999, -999, -999, -999, -999, -999, -999, -999
18730602, 0600,  , TS, 30.1N,  79.9W,  40, -999, -999, -999, -999, -999, -999, -999, -999, -999, -999, -999, -999, -999, -999
18730602, 1100, L, TS, 30.8N,  81.4W,  40, -999, -999, -999, -999, -999, -999, -999, -999, -999, -999, -999, -999, -999, -999
18730602, 1200,  , TS, 31.0N,  81.8W,  40, -999, -999, -999, -999, -999, -999, -999, -999, -999, -999, -999, -999, -999, -999
18730602, 1800,  , TD, 31.7N,  83.8W,  30, -999, -999, -999, -999, -999, -999, -999, -999, -999, -999, -999, -999, -999, -999
AL021873,            UNNAMED,     64,
18730813, 0000,  , TS, 13.9N,  25.0W,  40, -999, -999, -999, -999, -999, -999, -999, -999, -999, -999, -999, -999, -999, -999
18730813, 0600,  , TS, 14.0N,  26.0W,  40, -999, -999, -999, -999, -999, -999, -999, -999, -999, -999, -999, -999, -999, -999
18730813, 1200,  , TS, 14.0N,  27.0W,  40, -999, -999, -999, -999, -999, -999, -999, -999, -999, -999, -999, -999, -999, -999
18730813, 1800,  , TS, 14.1N,  28.1W,  40, -999, -999, -999, -999, -999, -999, -999, -999, -999, -999, -999, -999, -999, -999
18730814, 0000,  , TS, 14.1N,  29.3W,  50, -999, -999, -999, -999, -999, -999, -999, -999, -999, -999, -999, -999, -999, -999
18730814, 0600,  , TS, 14.2N,  30.6W,  50, -999, -999, -999, -999, -999, -999, -999, -999, -999, -999, -999, -999, -999, -999
18730814, 1200,  , TS, 14.3N,  32.0W,  50, -999, -999, -999, -999, -999, -999, -999, -999, -999, -999, -999, -999, -999, -999
18730814, 1800,  , TS, 14.4N,  33.0W,  50, -999, -999, -999, -999, -999, -999, -999, -999, -999, -999, -999, -999, -999, -999
18730815, 0000,  , TS, 14.5N,  34.4W,  50, -999, -999, -999, -999, -999, -999, -999, -999, -999, -999, -999, -999, -999, -999
18730815, 0600,  , TS, 14.5N,  35.9W,  50, -999, -999, -999, -999, -999, -999, -999, -999, -999, -999, -999, -999, -999, -999
18730815, 1200,  , TS, 14.5N,  37.3W,  50, -999, -999, -999, -999, -999, -999, -999, -999, -999, -999, -999, -999, -999, -999
18730815, 1800,  , TS, 14.6N,  38.4W,  50, -999, -999, -999, -999, -999, -999, -999, -999, -999, -999, -999, -999, -999, -999
18730816, 0000,  , TS, 14.7N,  39.7W,  60, -999, -999, -999, -999, -999, -999, -999, -999, -999, -999, -999, -999, -999, -999
18730816, 0600,  , TS, 14.8N,  41.2W,  60, -999, -999, -999, -999, -999, -999, -999, -999, -999, -999, -999, -999, -999, -999
18730816, 1200,  , TS, 15.0N,  42.7W,  60, -999, -999, -999, -999, -999, -999, -999, -999, -999, -999, -999, -999, -999, -999
18730816, 1800,  , TS, 15.3N,  44.0W,  60, -999, -999, -999, -999, -999, -999, -999, -999, -999, -999, -999, -999, -999, -999
18730817, 0000,  , HU, 15.6N,  45.5W,  70, -999, -999, -999, -999, -999, -999, -999, -999, -999, -999, -999, -999, -999, -999
18730817, 0600,  , HU, 16.0N,  47.0W,  70, -999, -999, -999, -999, -999, -999, -999, -999, -999, -999, -999, -999, -999, -999
18730817, 1200,  , HU, 16.5N,  49.0W,  70, -999, -999, -999, -999, -999, -999, -999, -999, -999, -999, -999, -999, -999, -999
18730817, 1800,  , HU, 16.9N,  50.5W,  70, -999, -999, -999, -999, -999, -999, -999, -999, -999, -999, -999, -999, -999, -999
18730818, 0000,  , HU, 17.5N,  52.0W,  70, -999, -999, -999, -999, -999, -999, -999, -999, -999, -999, -999, -999, -999, -999
18730818, 0600,  , HU, 18.2N,  53.6W,  70, -999, -999, -999, -999, -999, -999, -999, -999, -999, -999, -999, -999, -999, -999
18730818, 1200,  , HU, 18.7N,  55.0W,  70, -999, -999, -999, -999, -999, -999, -999, -999, -999, -999, -999, -999, -999, -999
18730818, 1800,  , HU, 19.5N,  56.4W,  70, -999, -999, -999, -999, -999, -999, -999, -999, -999, -999, -999, -999, -999, -999
18730819, 0000,  , HU, 20.2N,  57.9W,  80, -999, -999, -999, -999, -999, -999, -999, -999, -999, -999, -999, -999, -999, -999
18730819, 0600,  , HU, 21.2N,  59.5W,  80, -999, -999, -999, -999, -999, -999, -999, -999, -999, -999, -999, -999, -999, -999
18730819, 1200,  , HU, 22.0N,  61.0W,  80, -999, -999, -999, -999, -999, -999, -999, -999, -999, -999, -999, -999, -999, -999
18730819, 1800,  , HU, 22.9N,  62.1W,  80, -999, -999, -999, -999, -999, -999, -999, -999, -999, -999, -999, -999, -999, -999
18730820, 0000,  , HU, 23.9N,  63.5W,  80, -999, -999, -999, -999, -999, -999, -999, -999, -999, -999, -999, -999, -999, -999
18730820, 0600,  , HU, 24.9N,  64.6W,  80, -999, -999, -999, -999, -999, -999, -999, -999, -999, -999, -999, -999, -999, -999
18730820, 1200,  , HU, 26.0N,  65.6W,  80, -999, -999, -999, -999, -999, -999, -999, -999, -999, -999, -999, -999, -999, -999
18730820, 1800,  , HU, 26.8N,  66.6W,  80, -999, -999, -999, -999, -999, -999, -999, -999, -999, -999, -999, -999, -999, -999
18730821, 0000,  , HU, 27.8N,  67.3W,  90, -999, -999, -999, -999, -999, -999, -999, -999, -999, -999, -999, -999, -999, -999
18730821, 0600,  , HU, 29.0N,  67.8W,  90, -999, -999, -999, -999, -999, -999, -999, -999, -999, -999, -999, -999, -999, -999
18730821, 1200,  , HU, 30.3N,  68.2W,  90, -999, -999, -999, -999, -999, -999, -999, -999, -999, -999, -999, -999, -999, -999
18730821, 1800,  , HU, 31.0N,  68.4W,  90, -999, -999, -999, -999, -999, -999, -999, -999, -999, -999, -999, -999, -999, -999
18730822, 0000,  , HU, 31.7N,  68.5W,  90, -999, -999, -999, -999, -999, -999, -999, -999, -999, -999, -999, -999, -999, -999
18730822, 0600,  , HU, 32.5N,  68.6W,  90, -999, -999, -999, -999, -999, -999, -999, -999, -999, -999, -999, -999, -999, -999
18730822, 1200,  , HU, 33.3N,  68.5W,  90, -999, -999, -999, -999, -999, -999, -999, -999, -999, -999, -999, -999, -999, -999
18730822, 1800,  , HU, 34.3N,  68.3W,  90, -999, -999, -999, -999, -999, -999, -999, -999, -999, -999, -999, -999, -999, -999
18730823, 0000,  , HU, 35.2N,  68.0W, 100, -999, -999, -999, -999, -999, -999, -999, -999, -999, -999, -999, -999, -999, -999
18730823, 0600,  , HU, 36.0N,  67.6W, 100, -999, -999, -999, -999, -999, -999, -999, -999, -999, -999, -999, -999, -999, -999
18730823, 1200,  , HU, 37.0N,  67.0W, 100, -999, -999, -999, -999, -999, -999, -999, -999, -999, -999, -999, -999, -999, -999
18730823, 1800,  , HU, 38.3N,  66.4W, 100, -999, -999, -999, -999, -999, -999, -999, -999, -999, -999, -999, -999, -999, -999
18730824, 0000,  , HU, 39.5N,  65.8W, 100, -999, -999, -999, -999, -999, -999, -999, -999, -999, -999, -999, -999, -999, -999
18730824, 0600,  , HU, 40.9N,  64.6W, 100, -999, -999, -999, -999, -999, -999, -999, -999, -999, -999, -999, -999, -999, -999
18730824, 1200,  , HU, 42.0N,  63.5W,  90, -999, -999, -999, -999, -999, -999, -999, -999, -999, -999, -999, -999, -999, -999
18730824, 1800,  , HU, 43.0N,  61.4W,  90, -999, -999, -999, -999, -999, -999, -999, -999, -999, -999, -999, -999, -999, -999
18730825, 0000,  , HU, 43.7N,  58.9W,  90,  962, -999, -999, -999, -999, -999, -999, -999, -999, -999, -999, -999, -999, -999
18730825, 0600,  , HU, 44.4N,  56.6W,  90, -999, -999, -999, -999, -999, -999, -999, -999, -999, -999, -999, -999, -999, -999
18730825, 1200,  , HU, 45.0N,  55.0W,  80, -999, -999, -999, -999, -999, -999, -999, -999, -999, -999, -999, -999, -999, -999
18730825, 1800,  , HU, 45.7N,  54.3W,  80, -999, -999, -999, -999, -999, -999, -999, -999, -999, -999, -999, -999, -999, -999
18730826, 0000,  , HU, 46.0N,  54.1W,  80, -999, -999, -999, -999, -999, -999, -999, -999, -999, -999, -999, -999, -999, -999
18730826, 0600,  , HU, 46.5N,  54.1W,  80, -999, -999, -999, -999, -999, -999, -999, -999, -999, -999, -999, -999, -999, -999
18730826, 1200,  , HU, 47.0N,  54.0W,  70, -999, -999, -999, -999, -999, -999, -999, -999, -999, -999, -999, -999, -999, -999
18730826, 1800,  , HU, 47.4N,  54.0W,  70, -999, -999, -999, -999, -999, -999, -999, -999, -999, -999, -999, -999, -999, -999
18730827, 0000,  , HU, 47.8N,  53.9W,  70, -999, -999, -999, -999, -999, -999, -999, -999, -999, -999, -999, -999, -999, -999
18730827, 0600,  , HU, 48.2N,  53.7W,  70, -999, -999, -999, -999, -999, -999, -999, -999, -999, -999, -999, -999, -999, -999
18730827, 1200,  , EX, 48.5N,  53.5W,  60, -999, -999, -999, -999, -999, -999, -999, -999, -999, -999, -999, -999, -999, -999
18730827, 1800,  , EX, 49.4N,  52.6W,  60, -999, -999, -999, -999, -999, -999, -999, -999, -999, -999, -999, -999, -999, -999
18730828, 0000,  , EX, 50.4N,  51.3W,  60, -999, -999, -999, -999, -999, -999, -999, -999, -999, -999, -999, -999, -999, -999
18730828, 0600,  , EX, 51.0N,  49.8W,  60, -999, -999, -999, -999, -999, -999, -999, -999, -999, -999, -999, -999, -999, -999
18730828, 1200,  , EX, 52.0N,  48.0W,  50, -999, -999, -999, -999, -999, -999, -999, -999, -999, -999, -999, -999, -999, -999
18730828, 1800,  , EX, 53.0N,  46.0W,  50, -999, -999, -999, -999, -999, -999, -999, -999, -999, -999, -999, -999, -999, -999
AL031873,            UNNAMED,     13,
18730918, 0000,  , HU, 22.7N,  89.9W,  70, -999, -999, -999, -999, -999, -999, -999, -999, -999, -999, -999, -999, -999, -999
18730918, 0600,  , HU, 23.5N,  89.9W,  70, -999, -999, -999, -999, -999, -999, -999, -999, -999, -999, -999, -999, -999, -999
18730918, 1200,  , HU, 24.5N,  89.6W,  70, -999, -999, -999, -999, -999, -999, -999, -999, -999, -999, -999, -999, -999, -999
18730918, 1800,  , HU, 25.7N,  88.9W,  70, -999, -999, -999, -999, -999, -999, -999, -999, -999, -999, -999, -999, -999, -999
18730919, 0000,  , HU, 26.8N,  87.8W,  70, -999, -999, -999, -999, -999, -999, -999, -999, -999, -999, -999, -999, -999, -999
18730919, 0600,  , HU, 27.9N,  86.6W,  70, -999, -999, -999, -999, -999, -999, -999, -999, -999, -999, -999, -999, -999, -999
18730919, 1200,  , HU, 29.1N,  85.1W,  70, -999, -999, -999, -999, -999, -999, -999, -999, -999, -999, -999, -999, -999, -999
18730919, 1500, L, HU, 29.9N,  84.4W,  70, -999, -999, -999, -999, -999, -999, -999, -999, -999, -999, -999, -999, -999, -999
18730919, 1800,  , TS, 30.7N,  83.4W,  60, -999, -999, -999, -999, -999, -999, -999, -999, -999, -999, -999, -999, -999, -999
18730920, 0000,  , TS, 32.5N,  80.6W,  50, -999, -999, -999, -999, -999, -999, -999, -999, -999, -999, -999, -999, -999, -999
18730920, 0600,  , TS, 33.5N,  77.8W,  60, -999, -999, -999, -999, -999, -999, -999, -999, -999, -999, -999, -999, -999, -999
18730920, 1200,  , HU, 34.2N,  74.5W,  70, -999, -999, -999, -999, -999, -999, -999, -999, -999, -999, -999, -999, -999, -999
18730920, 1800,  , HU, 34.5N,  70.3W,  70, -999, -999, -999, -999, -999, -999, -999, -999, -999, -999, -999, -999, -999, -999
AL041873,            UNNAMED,     13,
18730922, 0000,  , TS, 22.2N,  86.1W,  40, -999, -999, -999, -999, -999, -999, -999, -999, -999, -999, -999, -999, -999, -999
18730922, 0600,  , TS, 23.2N,  86.0W,  40, -999, -999, -999, -999, -999, -999, -999, -999, -999, -999, -999, -999, -999, -999
18730922, 1200,  , TS, 24.2N,  85.5W,  40, -999, -999, -999, -999, -999, -999, -999, -999, -999, -999, -999, -999, -999, -999
18730922, 1800,  , TS, 25.0N,  85.0W,  40, -999, -999, -999, -999, -999, -999, -999, -999, -999, -999, -999, -999, -999, -999
18730923, 0000,  , TS, 26.0N,  84.1W,  50, -999, -999, -999, -999, -999, -999, -999, -999, -999, -999, -999, -999, -999, -999
18730923, 0600,  , TS, 27.0N,  83.4W,  50, -999, -999, -999, -999, -999, -999, -999, -999, -999, -999, -999, -999, -999, -999
18730923, 1000, L, TS, 27.8N,  82.8W,  50, -999, -999, -999, -999, -999, -999, -999, -999, -999, -999, -999, -999, -999, -999
18730923, 1200,  , TS, 28.1N,  82.6W,  50, -999, -999, -999, -999, -999, -999, -999, -999, -999, -999, -999, -999, -999, -999
18730923, 1800,  , TS, 29.3N,  81.3W,  40, -999, -999, -999, -999, -999, -999, -999, -999, -999, -999, -999, -999, -999, -999
18730924, 0000,  , TS, 31.1N,  79.0W,  40, -999, -999, -999, -999, -999, -999, -999, -999, -999, -999, -999, -999, -999, -999
18730924, 0600,  , TS, 32.9N,  76.8W,  40, -999, -999, -999, -999, -999, -999, -999, -999, -999, -999, -999, -999, -999, -999
18730924, 1200,  , TS, 34.9N,  73.6W,  50, -999, -999, -999, -999, -999, -999, -999, -999, -999, -999, -999, -999, -999, -999
18730924, 1800,  , TS, 36.7N,  70.0W,  50, -999, -999, -999, -999, -999, -999, -999, -999, -999, -999, -999, -999, -999, -999
AL051873,            UNNAMED,     59,
18730926, 0000,  , TS, 14.7N,  62.3W,  40, -999, -999, -999, -999, -999, -999, -999, -999, -999, -999, -999, -999, -999, -999
18730926, 0600,  , TS, 14.8N,  63.1W,  40, -999, -999, -999, -999, -999, -999, -999, -999, -999, -999, -999, -999, -999, -999
18730926, 1200,  , TS, 15.0N,  64.0W,  50, -999, -999, -999, -999, -999, -999, -999, -999, -999, -999, -999, -999, -999, -999
18730926, 1800,  , TS, 15.3N,  65.1W,  50, -999, -999, -999, -999, -999, -999, -999, -999, -999, -999, -999, -999, -999, -999
18730927, 0000,  , TS, 15.7N,  66.5W,  60, -999, -999, -999, -999, -999, -999, -999, -999, -999, -999, -999, -999, -999, -999
18730927, 0600,  , TS, 16.0N,  67.6W,  60, -999, -999, -999, -999, -999, -999, -999, -999, -999, -999, -999, -999, -999, -999
18730927, 1200,  , HU, 16.2N,  69.0W,  70, -999, -999, -999, -999, -999, -999, -999, -999, -999, -999, -999, -999, -999, -999
18730927, 1800,  , HU, 16.6N,  70.1W,  70, -999, -999, -999, -999, -999, -999, -999, -999, -999, -999, -999, -999, -999, -999
18730928, 0000,  , HU, 16.9N,  71.1W,  80, -999, -999, -999, -999, -999, -999, -999, -999, -999, -999, -999, -999, -999, -999
18730928, 0600,  , HU, 17.4N,  72.3W,  90, -999, -999, -999, -999, -999, -999, -999, -999, -999, -999, -999, -999, -999, -999
18730928, 1200,  , HU, 18.0N,  73.0W, 100, -999, -999, -999, -999, -999, -999, -999, -999, -999, -999, -999, -999, -999, -999
18730928, 1800,  , HU, 19.0N,  73.9W,  90, -999, -999, -999, -999, -999, -999, -999, -999, -999, -999, -999, -999, -999, -999
18730929, 0000,  , HU, 19.7N,  74.5W,  90, -999, -999, -999, -999, -999, -999, -999, -999, -999, -999, -999, -999, -999, -999
18730929, 0600,  , HU, 20.2N,  75.5W,  80, -999, -999, -999, -999, -999, -999, -999, -999, -999, -999, -999, -999, -999, -999
18730929, 1200,  , TS, 20.2N,  76.5W,  60, -999, -999, -999, -999, -999, -999, -999, -999, -999, -999, -999, -999, -999, -999
18730929, 1800,  , TS, 20.2N,  77.1W,  50, -999, -999, -999, -999, -999, -999, -999, -999, -999, -999, -999, -999, -999, -999
18730930, 0000,  , TS, 20.1N,  77.8W,  40, -999, -999, -999, -999, -999, -999, -999, -999, -999, -999, -999, -999, -999, -999
18730930, 0600,  , TS, 20.0N,  78.4W,  40, -999, -999, -999, -999, -999, -999, -999, -999, -999, -999, -999, -999, -999, -999
18730930, 1200,  , TS, 20.0N,  79.0W,  40, -999, -999, -999, -999, -999, -999, -999, -999, -999, -999, -999, -999, -999, -999
18730930, 1800,  , TS, 20.1N,  79.6W,  40, -999, -999, -999, -999, -999, -999, -999, -999, -999, -999, -999, -999, -999, -999
18731001, 0000,  , TS, 20.1N,  80.1W,  40, -999, -999, -999, -999, -999, -999, -999, -999, -999, -999, -999, -999, -999, -999
18731001, 0600,  , TS, 20.1N,  80.6W,  40, -999, -999, -999, -999, -999, -999, -999, -999, -999, -999, -999, -999, -999, -999
18731001, 1200,  , TS, 20.0N,  81.0W,  40, -999, -999, -999, -999, -999, -999, -999, -999, -999, -999, -999, -999, -999, -999
18731001, 1800,  , TS, 20.0N,  81.4W,  40, -999, -999, -999, -999, -999, -999, -999, -999, -999, -999, -999, -999, -999, -999
18731002, 0000,  , TS, 20.0N,  81.8W,  50, -999, -999, -999, -999, -999, -999, -999, -999, -999, -999, -999, -999, -999, -999
18731002, 0600,  , TS, 20.0N,  82.1W,  50, -999, -999, -999, -999, -999, -999, -999, -999, -999, -999, -999, -999, -999, -999
18731002, 1200,  , TS, 20.0N,  82.5W,  50, -999, -999, -999, -999, -999, -999, -999, -999, -999, -999, -999, -999, -999, -999
18731002, 1800,  , TS, 20.0N,  82.8W,  50, -999, -999, -999, -999, -999, -999, -999, -999, -999, -999, -999, -999, -999, -999
18731003, 0000,  , TS, 20.0N,  83.1W,  60, -999, -999, -999, -999, -999, -999, -999, -999, -999, -999, -999, -999, -999, -999
18731003, 0600,  , TS, 20.0N,  83.6W,  60, -999, -999, -999, -999, -999, -999, -999, -999, -999, -999, -999, -999, -999, -999
18731003, 1200,  , HU, 20.0N,  84.0W,  70, -999, -999, -999, -999, -999, -999, -999, -999, -999, -999, -999, -999, -999, -999
18731003, 1800,  , HU, 20.0N,  84.6W,  70, -999, -999, -999, -999, -999, -999, -999, -999, -999, -999, -999, -999, -999, -999
18731004, 0000,  , HU, 20.0N,  85.1W,  70, -999, -999, -999, -999, -999, -999, -999, -999, -999, -999, -999, -999, -999, -999
18731004, 0600,  , HU, 20.1N,  85.6W,  70, -999, -999, -999, -999, -999, -999, -999, -999, -999, -999, -999, -999, -999, -999
18731004, 1200,  , HU, 20.2N,  86.0W,  80, -999, -999, -999, -999, -999, -999, -999, -999, -999, -999, -999, -999, -999, -999
18731004, 1800,  , HU, 20.4N,  86.1W,  80, -999, -999, -999, -999, -999, -999, -999, -999, -999, -999, -999, -999, -999, -999
18731005, 0000,  , HU, 20.8N,  86.4W,  80, -999, -999, -999, -999, -999, -999, -999, -999, -999, -999, -999, -999, -999, -999
18731005, 0600,  , HU, 21.2N,  86.5W,  80, -999, -999, -999, -999, -999, -999, -999, -999, -999, -999, -999, -999, -999, -999
18731005, 1200,  , HU, 21.5N,  86.5W,  90, -999, -999, -999, -999, -999, -999, -999, -999, -999, -999, -999, -999, -999, -999
18731005, 1800,  , HU, 21.9N,  86.4W,  90, -999, -999, -999, -999, -999, -999, -999, -999, -999, -999, -999, -999, -999, -999
18731006, 0000,  , HU, 22.4N,  86.1W,  90, -999, -999, -999, -999, -999, -999, -999, -999, -999, -999, -999, -999, -999, -999
18731006, 0600,  , HU, 23.0N,  85.9W,  90, -999, -999, -999, -999, -999, -999, -999, -999, -999, -999, -999, -999, -999, -999
18731006, 1200,  , HU, 23.7N,  85.5W, 100, -999, -999, -999, -999, -999, -999, -999, -999, -999, -999, -999, -999, -999, -999
18731006, 1800,  , HU, 24.7N,  84.1W, 100, -999, -999, -999, -999, -999, -999, -999, -999, -999, -999, -999, -999, -999, -999
18731007, 0000,  , HU, 26.2N,  82.5W, 100,  959, -999, -999, -999, -999, -999, -999, -999, -999, -999, -999, -999, -999, -999
18731007, 0100, L, HU, 26.5N,  82.2W, 100,  959, -999, -999, -999, -999, -999, -999, -999, -999, -999, -999, -999, -999,   25
18731007, 0600,  , HU, 28.1N,  80.3W,  80, -999, -999, -999, -999, -999, -999, -999, -999, -999, -999, -999, -999, -999, -999
18731007, 1200,  , HU, 29.7N,  78.6W,  80, -999, -999, -999, -999, -999, -999, -999, -999, -999, -999, -999, -999, -999, -999
18731007, 1800,  , HU, 31.1N,  77.1W,  80, -999, -999, -999, -999, -999, -999, -999, -999, -999, -999, -999, -999, -999, -999
18731008, 0000,  , HU, 32.4N,  75.6W,  90, -999, -999, -999, -999, -999, -999, -999, -999, -999, -999, -999, -999, -999, -999
18731008, 0600,  , HU, 33.7N,  74.1W,  90, -999, -999, -999, -999, -999, -999, -999, -999, -999, -999, -999, -999, -999, -999
18731008, 1200,  , HU, 35.0N,  72.6W,  80, -999, -999, -999, -999, -999, -999, -999, -999, -999, -999, -999, -999, -999, -999
18731008, 1800,  , HU, 36.3N,  70.9W,  80, -999, -999, -999, -999, -999, -999, -999, -999, -999, -999, -999, -999, -999, -999
18731009, 0000,  , HU, 37.5N,  68.5W,  70, -999, -999, -999, -999, -999, -999, -999, -999, -999, -999, -999, -999, -999, -999
18731009, 0600,  , HU, 38.8N,  66.1W,  70, -999, -999, -999, -999, -999, -999, -999, -999, -999, -999, -999, -999, -999, -999
18731009, 1200,  , EX, 39.5N,  64.5W,  60, -999, -999, -999, -999, -999, -999, -999, -999, -999, -999, -999, -999, -999, -999
18731009, 1800,  , EX, 40.0N,  63.0W,  60, -999, -999, -999, -999, -999, -999, -999, -999, -999, -999, -999, -999, -999, -999
18731010, 0000,  , EX, 40.5N,  61.5W,  60, -999, -999, -999, -999, -999, -999, -999, -999, -999, -999, -999, -999, -999, -999
18731010, 0600,  , EX, 41.0N,  60.0W,  60, -999, -999, -999, -999, -999, -999, -999, -999, -999, -999, -999, -999, -999, -999
