AL011871,            UNNAMED,     21,
18710601, 0000,  , TS, 24.1N,  81.0W,  40, -999, -999, -999, -999, -999, -999, -999, -999, -999, -999, -999, -999, -999, -999
18710601, 0600,  , TS, 24.1N,  82.1W,  40, -999, -999, -999, -999, -999, -999, -999, -999, -999, -999, -999, -999, -999, -999
18710601, 1200,  , TS, 24.2N,  83.6W,  40, -999, -999, -999, -999, -999, -999, -999, -999, -999, -999, -999, -999, -999, -999
18710601, 1800,  , TS, 24.7N,  84.6W,  40, -999, -999, -999, -999, -999, -999, -999, -999, -999, -999, -999, -999, -999, -999
18710602, 0000,  , TS, 25.2N,  85.4W,  50, -999, -999, -999, -999, -999, -999, -999, -999, -999, -999, -999, -999, -999, -999
18710602, 0600,  , TS, 25.8N,  86.1W,  50, -999, -999, -999, -999, -999, -999, -999, -999, -999, -999, -999, -999, -999, -999
18710602, 1200,  , TS, 26.1N,  87.3W,  50, -999, -999, -999, -999, -999, -999, -999, -999, -999, -999, -999, -999, -999, -999
18710602, 1800,  , TS, 26.5N,  88.6W,  50, -999, -999, -999, -999, -999, -999, -999, -999, -999, -999, -999, -999, -999, -999
18710603, 0000,  , TS, 26.8N,  89.8W,  50, -999, -999, -999, -999, -999, -999, -999, -999, -999, -999, -999, -999, -999, -999
18710603, 0600,  , TS, 27.0N,  91.1W,  50, -999, -999, -999, -999, -999, -999, -999, -999, -999, -999, -999, -999, -999, -999
18710603, 1200,  , TS, 27.3N,  92.4W,  50, -999, -999, -999, -999, -999, -999, -999, -999, -999, -999, -999, -999, -999, -999
18710603, 1800,  , TS, 27.7N,  93.3W,  50, -999, -999, -999, -999, -999, -999, -999, -999, -999, -999, -999, -999, -999, -999
18710604, 0000,  , TS, 28.2N,  94.1W,  50, -999, -999, -999, -999, -999, -999, -999, -999, -999, -999, -999, -999, -999, -999
18710604, 0600,  , TS, 28.9N,  95.0W,  50,  999, -999, -999, -999, -999, -999, -999, -999, -999, -999, -999, -999, -999, -999
18710604, 0700, L, TS, 29.1N,  95.1W,  50,  999, -999, -999, -999, -999, -999, -999, -999, -999, -999, -999, -999, -999, -999
18710604, 1200,  , TS, 29.7N,  95.6W,  40, -999, -999, -999, -999, -999, -999, -999, -999, -999, -999, -999, -999, -999, -999
18710604, 1800,  , TS, 30.3N,  96.0W,  40, -999, -999, -999, -999, -999, -999, -999, -999, -999, -999, -999, -999, -999, -999
18710605, 0000,  , TS, 31.1N,  96.1W,  40, -999, -999, -999, -999, -999, -999, -999, -999, -999, -999, -999, -999, -999, -999
18710605, 0600,  , TS, 32.0N,  96.1W,  40, -999, -999, -999, -999, -999, -999, -999, -999, -999, -999, -999, -999, -999, -999
18710605, 1200,  , TD, 33.2N,  95.8W,  30, -999, -999, -999, -999, -999, -999, -999, -999, -999, -999, -999, -999, -999, -999
18710605, 1800,  , TD, 35.0N,  95.0W,  30, -999, -999, -999, -999, -999, -999, -999, -999, -999, -999, -999, -999, -999, -999
AL021871,            UNNAMED,     13,
18710608, 0000,  , TS, 23.4N,  90.4W,  40, -999, -999, -999, -999, -999, -999, -999, -999, -999, -999, -999, -999, -999, -999
18710608, 0600,  , TS, 24.2N,  91.1W,  40, -999, -999, -999, -999, -999, -999, -999, -999, -999, -999, -999, -999, -999, -999
18710608, 1200,  , TS, 25.0N,  91.8W,  40, -999, -999, -999, -999, -999, -999, -999, -999, -999, -999, -999, -999, -999, -999
18710608, 1800,  , TS, 25.9N,  92.6W,  40, -999, -999, -999, -999, -999, -999, -999, -999, -999, -999, -999, -999, -999, -999
18710609, 0000,  , TS, 26.7N,  93.3W,  50, -999, -999, -999, -999, -999, -999, -999, -999, -999, -999, -999, -999, -999, -999
18710609, 0600,  , TS, 27.4N,  94.0W,  50, -999, -999, -999, -999, -999, -999, -999, -999, -999, -999, -999, -999, -999, -999
18710609, 1200,  , TS, 28.3N,  94.6W,  50, -999, -999, -999, -999, -999, -999, -999, -999, -999, -999, -999, -999, -999, -999
18710609, 1700, L, TS, 29.2N,  95.0W,  50, -999, -999, -999, -999, -999, -999, -999, -999, -999, -999, -999, -999, -999, -999
18710609, 1800,  , TS, 29.3N,  95.0W,  50, -999, -999, -999, -999, -999, -999, -999, -999, -999, -999, -999, -999, -999, -999
18710610, 0000,  , TS, 30.3N,  95.1W,  40, -999, -999, -999, -999, -999, -999, -999, -999, -999, -999, -999, -999, -999, -999
18710610, 0600,  , TS, 31.3N,  95.1W,  40, -999, -999, -999, -999, -999, -999, -999, -999, -999, -999, -999, -999, -999, -999
18710610, 1200,  , TD, 32.4N,  95.0W,  30, -999, -999, -999, -999, -999, -999, -999, -999, -999, -999, -999, -999, -999, -999
18710610, 1800,  , TD, 33.5N,  95.0W,  30, -999, -999, -999, -999, -999, -999, -999, -999, -999, -999, -999, -999, -999, -999
AL031871,            UNNAMED,     41,
18710814, 0000,  , HU, 26.5N,  72.4W,  80, -999, -999, -999, -999, -999, -999, -999, -999, -999, -999, -999, -999, -999, -999
18710814, 0600,  , HU, 26.6N,  73.0W,  80, -999, -999, -999, -999, -999, -999, -999, -999, -999, -999, -999, -999, -999, -999
18710814, 1200,  , HU, 26.7N,  73.6W,  80, -999, -999, -999, -999, -999, -999, -999, -999, -999, -999, -999, -999, -999, -999
18710814, 1800,  , HU, 26.7N,  74.3W,  80, -999, -999, -999, -999, -999, -999, -999, -999, -999, -999, -999, -999, -999, -999
18710815, 0000,  , HU, 26.8N,  75.0W,  90, -999, -999, -999, -999, -999, -999, -999, -999, -999, -999, -999, -999, -999, -999
18710815, 0600,  , HU, 26.8N,  75.8W,  90, -999, -999, -999, -999, -999, -999, -999, -999, -999, -999, -999, -999, -999, -999
18710815, 1200,  , HU, 26.8N,  76.7W, 100, -999, -999, -999, -999, -999, -999, -999, -999, -999, -999, -999, -999, -999, -999
18710815, 1800,  , HU, 26.8N,  77.7W, 100, -999, -999, -999, -999, -999, -999, -999, -999, -999, -999, -999, -999, -999, -999
18710816, 0000,  , HU, 26.8N,  78.5W, 100,  952, -999, -999, -999, -999, -999, -999, -999, -999, -999, -999, -999, -999, -999
18710816, 0600,  , HU, 26.8N,  79.1W, 100,  955, -999, -999, -999, -999, -999, -999, -999, -999, -999, -999, -999, -999, -999
18710816, 1200,  , HU, 26.8N,  79.5W, 100, -999, -999, -999, -999, -999, -999, -999, -999, -999, -999, -999, -999, -999, -999
18710816, 1800,  , HU, 26.9N,  79.8W, 100, -999, -999, -999, -999, -999, -999, -999, -999, -999, -999, -999, -999, -999, -999
18710817, 0000,  , HU, 27.0N,  80.1W, 100, -999, -999, -999, -999, -999, -999, -999, -999, -999, -999, -999, -999, -999, -999
18710817, 0200, L, HU, 27.1N,  80.2W, 100, -999, -999, -999, -999, -999, -999, -999, -999, -999, -999, -999, -999, -999,   30
18710817, 0600,  , HU, 27.2N,  80.5W,  90, -999, -999, -999, -999, -999, -999, -999, -999, -999, -999, -999, -999, -999, -999
18710817, 1200,  , HU, 27.6N,  81.1W,  80, -999, -999, -999, -999, -999, -999, -999, -999, -999, -999, -999, -999, -999, -999
18710817, 1800,  , HU, 28.3N,  81.7W,  70, -999, -999, -999, -999, -999, -999, -999, -999, -999, -999, -999, -999, -999, -999
18710818, 0000,  , HU, 29.0N,  82.1W,  70, -999, -999, -999, -999, -999, -999, -999, -999, -999, -999, -999, -999, -999, -999
18710818, 0600,  , TS, 29.7N,  82.5W,  60, -999, -999, -999, -999, -999, -999, -999, -999, -999, -999, -999, -999, -999, -999
18710818, 1200,  , TS, 30.4N,  82.3W,  60, -999, -999, -999, -999, -999, -999, -999, -999, -999, -999, -999, -999, -999, -999
18710818, 1800,  , TS, 30.8N,  81.9W,  50, -999, -999, -999, -999, -999, -999, -999, -999, -999, -999, -999, -999, -999, -999
18710819, 0000,  , TS, 31.3N,  81.4W,  50, -999, -999, -999, -999, -999, -999, -999, -999, -999, -999, -999, -999, -999, -999
18710819, 0600,  , TS, 31.8N,  80.8W,  60, -999, -999, -999, -999, -999, -999, -999, -999, -999, -999, -999, -999, -999, -999
18710819, 1200,  , TS, 32.1N,  80.2W,  60, -999, -999, -999, -999, -999, -999, -999, -999, -999, -999, -999, -999, -999, -999
18710819, 1800,  , TS, 32.3N,  79.6W,  60, -999, -999, -999, -999, -999, -999, -999, -999, -999, -999, -999, -999, -999, -999
18710820, 0000,  , TS, 32.5N,  78.8W,  60, -999, -999, -999, -999, -999, -999, -999, -999, -999, -999, -999, -999, -999, -999
18710820, 0600,  , TS, 32.7N,  77.6W,  60, -999, -999, -999, -999, -999, -999, -999, -999, -999, -999, -999, -999, -999, -999
18710820, 1200,  , TS, 32.6N,  76.8W,  60, -999, -999, -999, -999, -999, -999, -999, -999, -999, -999, -999, -999, -999, -999
18710820, 1800,  , TS, 32.4N,  76.4W,  60, -999, -999, -999, -999, -999, -999, -999, -999, -999, -999, -999, -999, -999, -999
18710821, 0000,  , TS, 32.0N,  76.1W,  60, -999, -999, -999, -999, -999, -999, -999, -999, -999, -999, -999, -999, -999, -999
18710821, 0600,  , TS, 31.7N,  76.3W,  60, -999, -999, -999, -999, -999, -999, -999, -999, -999, -999, -999, -999, -999, -999
18710821, 1200,  , TS, 31.4N,  76.5W,  60, -999, -999, -999, -999, -999, -999, -999, -999, -999, -999, -999, -999, -999, -999
18710821, 1800,  , TS, 31.2N,  77.1W,  60, -999, -999, -999, -999, -999, -999, -999, -999, -999, -999, -999, -999, -999, -999
18710822, 0000,  , TS, 31.1N,  78.0W,  60, -999, -999, -999, -999, -999, -999, -999, -999, -999, -999, -999, -999, -999, -999
18710822, 0600,  , TS, 31.0N,  78.6W,  60, -999, -999, -999, -999, -999, -999, -999, -999, -999, -999, -999, -999, -999, -999
18710822, 1200,  , TS, 31.0N,  79.5W,  60, -999, -999, -999, -999, -999, -999, -999, -999, -999, -999, -999, -999, -999, -999
18710822, 1800,  , TS, 31.1N,  80.4W,  60, -999, -999, -999, -999, -999, -999, -999, -999, -999, -999, -999, -999, -999, -999
18710823, 0000, L, TS, 31.2N,  81.4W,  60, -999, -999, -999, -999, -999, -999, -999, -999, -999, -999, -999, -999, -999, -999
18710823, 0600,  , TS, 31.3N,  82.4W,  50, -999, -999, -999, -999, -999, -999, -999, -999, -999, -999, -999, -999, -999, -999
18710823, 1200,  , TS, 31.4N,  83.5W,  40, -999, -999, -999, -999, -999, -999, -999, -999, -999, -999, -999, -999, -999, -999
18710823, 1800,  , TD, 31.4N,  84.5W,  30, -999, -999, -999, -999, -999, -999, -999, -999, -999, -999, -999, -999, -999, -999
AL041871,            UNNAMED,     57,
18710817, 0000,  , TS, 11.2N,  30.7W,  40, -999, -999, -999, -999, -999, -999, -999, -999, -999, -999, -999, -999, -999, -999
18710817, 0600,  , TS, 11.5N,  32.2W,  40, -999, -999, -999, -999, -999, -999, -999, -999, -999, -999, -999, -999, -999, -999
18710817, 1200,  , TS, 11.8N,  33.9W,  40, -999, -999, -999, -999, -999, -999, -999, -999, -999, -999, -999, -999, -999, -999
18710817, 1800,  , TS, 12.3N,  35.5W,  40, -999, -999, -999, -999, -999, -999, -999, -999, -999, -999, -999, -999, -999, -999
18710818, 0000,  , TS, 12.9N,  37.4W,  50, -999, -999, -999, -999, -999, -999, -999, -999, -999, -999, -999, -999, -999, -999
18710818, 0600,  , TS, 13.5N,  39.2W,  50, -999, -999, -999, -999, -999, -999, -999, -999, -999, -999, -999, -999, -999, -999
18710818, 1200,  , TS, 14.0N,  41.0W,  50, -999, -999, -999, -999, -999, -999, -999, -999, -999, -999, -999, -999, -999, -999
18710818, 1800,  , TS, 14.2N,  42.5W,  50, -999, -999, -999, -999, -999, -999, -999, -999, -999, -999, -999, -999, -999, -999
18710819, 0000,  , TS, 14.3N,  44.5W,  60, -999, -999, -999, -999, -999, -999, -999, -999, -999, -999, -999, -999, -999, -999
18710819, 0600,  , TS, 14.5N,  46.4W,  60, -999, -999, -999, -999, -999, -999, -999, -999, -999, -999, -999, -999, -999, -999
18710819, 1200,  , HU, 14.7N,  48.0W,  70, -999, -999, -999, -999, -999, -999, -999, -999, -999, -999, -999, -999, -999, -999
18710819, 1800,  , HU, 14.9N,  49.9W,  70, -999, -999, -999, -999, -999, -999, -999, -999, -999, -999, -999, -999, -999, -999
18710820, 0000,  , HU, 15.1N,  52.2W,  80, -999, -999, -999, -999, -999, -999, -999, -999, -999, -999, -999, -999, -999, -999
18710820, 0600,  , HU, 15.3N,  54.5W,  80, -999, -999, -999, -999, -999, -999, -999, -999, -999, -999, -999, -999, -999, -999
18710820, 1200,  , HU, 15.4N,  56.4W,  90, -999, -999, -999, -999, -999, -999, -999, -999, -999, -999, -999, -999, -999, -999
18710820, 1800,  , HU, 15.8N,  58.2W,  90, -999, -999, -999, -999, -999, -999, -999, -999, -999, -999, -999, -999, -999, -999
18710821, 0000,  , HU, 16.4N,  60.0W, 100, -999, -999, -999, -999, -999, -999, -999, -999, -999, -999, -999, -999, -999, -999
18710821, 0600,  , HU, 17.1N,  61.6W, 100, -999, -999, -999, -999, -999, -999, -999, -999, -999, -999, -999, -999, -999, -999
18710821, 1200,  , HU, 17.7N,  62.9W, 100,  965, -999, -999, -999, -999, -999, -999, -999, -999, -999, -999, -999, -999, -999
18710821, 1800,  , HU, 18.2N,  64.0W, 100, -999, -999, -999, -999, -999, -999, -999, -999, -999, -999, -999, -999, -999, -999
18710822, 0000,  , HU, 18.9N,  65.3W, 100,  962, -999, -999, -999, -999, -999, -999, -999, -999, -999, -999, -999, -999, -999
18710822, 0600,  , HU, 19.5N,  66.5W, 100, -999, -999, -999, -999, -999, -999, -999, -999, -999, -999, -999, -999, -999, -999
18710822, 1200,  , HU, 20.0N,  67.5W,  90, -999, -999, -999, -999, -999, -999, -999, -999, -999, -999, -999, -999, -999, -999
18710822, 1800,  , HU, 20.7N,  68.6W,  90, -999, -999, -999, -999, -999, -999, -999, -999, -999, -999, -999, -999, -999, -999
18710823, 0000,  , HU, 21.2N,  69.6W,  90, -999, -999, -999, -999, -999, -999, -999, -999, -999, -999, -999, -999, -999, -999
18710823, 0600,  , HU, 22.0N,  71.0W,  90, -999, -999, -999, -999, -999, -999, -999, -999, -999, -999, -999, -999, -999, -999
18710823, 1200,  , HU, 22.5N,  72.3W,  90, -999, -999, -999, -999, -999, -999, -999, -999, -999, -999, -999, -999, -999, -999
18710823, 1800,  , HU, 23.2N,  73.5W,  90, -999, -999, -999, -999, -999, -999, -999, -999, -999, -999, -999, -999, -999, -999
18710824, 0000,  , HU, 24.1N,  75.0W,  90, -999, -999, -999, -999, -999, -999, -999, -999, -999, -999, -999, -999, -999, -999
18710824, 0600,  , HU, 25.0N,  76.4W,  90, -999, -999, -999, -999, -999, -999, -999, -999, -999, -999, -999, -999, -999, -999
18710824, 1200,  , HU, 25.7N,  77.6W,  90, -999, -999, -999, -999, -999, -999, -999, -999, -999, -999, -999, -999, -999, -999
18710824, 1800,  , HU, 26.3N,  78.6W,  90, -999, -999, -999, -999, -999, -999, -999, -999, -999, -999, -999, -999, -999, -999
18710825, 0000,  , HU, 27.0N,  79.5W,  90, -999, -999, -999, -999, -999, -999, -999, -999, -999, -999, -999, -999, -999, -999
18710825, 0500, L, HU, 27.1N,  80.3W,  90, -999, -999, -999, -999, -999, -999, -999, -999, -999, -999, -999, -999, -999, -999
18710825, 0600,  , HU, 27.7N,  80.5W,  90, -999, -999, -999, -999, -999, -999, -999, -999, -999, -999, -999, -999, -999, -999
18710825, 1200,  , HU, 28.3N,  81.3W,  70, -999, -999, -999, -999, -999, -999, -999, -999, -999, -999, -999, -999, -999, -999
18710825, 1800,  , TS, 28.9N,  82.2W,  50, -999, -999, -999, -999, -999, -999, -999, -999, -999, -999, -999, -999, -999, -999
18710826, 0000,  , TS, 29.4N,  83.1W,  40, -999, -999, -999, -999, -999, -999, -999, -999, -999, -999, -999, -999, -999, -999
18710826, 0600,  , TS, 29.9N,  83.8W,  40, -999, -999, -999, -999, -999, -999, -999, -999, -999, -999, -999, -999, -999, -999
18710826, 1200,  , TS, 30.5N,  84.3W,  40, -999, -999, -999, -999, -999, -999, -999, -999, -999, -999, -999, -999, -999, -999
18710826, 1800,  , TS, 30.9N,  84.5W,  40, -999, -999, -999, -999, -999, -999, -999, -999, -999, -999, -999, -999, -999, -999
18710827, 0000,  , TD, 31.3N,  84.5W,  30, -999, -999, -999, -999, -999, -999, -999, -999, -999, -999, -999, -999, -999, -999
18710827, 0600,  , TD, 31.7N,  84.4W,  30, -999, -999, -999, -999, -999, -999, -999, -999, -999, -999, -999, -999, -999, -999
18710827, 1200,  , TD, 32.0N,  84.0W,  30, -999, -999, -999, -999, -999, -999, -999, -999, -999, -999, -999, -999, -999, -999
18710827, 1800,  , TD, 32.1N,  83.5W,  30, -999, -999, -999, -999, -999, -999, -999, -999, -999, -999, -999, -999, -999, -999
18710828, 0000,  , TD, 32.2N,  83.0W,  30, -999, -999, -999, -999, -999, -999, -999, -999, -999, -999, -999, -999, -999, -999
18710828, 0600,  , TD, 32.2N,  82.5W,  30, -999, -999, -999, -999, -999, -999, -999, -999, -999, -999, -999, -999, -999, -999
18710828, 1200,  , TD, 32.3N,  82.1W,  30, -999, -999, -999, -999, -999, -999, -999, -999, -999, -999, -999, -999, -999, -999
18710828, 1800,  , TD, 32.4N,  81.0W,  30, -999, -999, -999, -999, -999, -999, -999, -999, -999, -999, -999, -999, -999, -999
18710829, 0000,  , TS, 32.5N,  79.9W,  40, -999, -999, -999, -999, -999, -999, -999, -999, -999, -999, -999, -999, -999, -999
18710829, 0600,  , TS, 32.7N,  78.6W,  40, -999, -999, -999, -999, -999, -999, -999, -999, -999, -999, -999, -999, -999, -999
18710829, 1200,  , TS, 33.0N,  77.5W,  50, -999, -999, -999, -999, -999, -999, -999, -999, -999, -999, -999, -999, -999, -999
18710829, 1800,  , TS, 34.0N,  76.1W,  50, -999, -999, -999, -999, -999, -999, -999, -999, -999, -999, -999, -999, -999, -999
18710830, 0000,  , TS, 35.5N,  74.3W,  50, -999, -999, -999, -999, -999, -999, -999, -999, -999, -999, -999, -999, -999, -999
18710830, 0600,  , TS, 37.3N,  72.4W,  50, -999, -999, -999, -999, -999, -999, -999, -999, -999, -999, -999, -999, -999, -999
18710830, 1200,  , TS, 39.5N,  70.5W,  60, -999, -999, -999, -999, -999, -999, -999, -999, -999, -999, -999, -999, -999, -999
18710830, 1800,  , TS, 42.0N,  68.5W,  60, -999, -999, -999, -999, -999, -999, -999, -999, -999, -999, -999, -999, -999, -999
AL051871,            UNNAMED,     16,
18710830, 0000,  , HU, 26.7N,  65.6W,  90, -999, -999, -999, -999, -999, -999, -999, -999, -999, -999, -999, -999, -999, -999
18710830, 0600,  , HU, 27.5N,  66.5W,  90, -999, -999, -999, -999, -999, -999, -999, -999, -999, -999, -999, -999, -999, -999
18710830, 1200,  , HU, 28.5N,  67.5W,  90, -999, -999, -999, -999, -999, -999, -999, -999, -999, -999, -999, -999, -999, -999
18710830, 1800,  , HU, 29.6N,  68.3W,  90, -999, -999, -999, -999, -999, -999, -999, -999, -999, -999, -999, -999, -999, -999
18710831, 0000,  , HU, 30.8N,  69.1W,  90, -999, -999, -999, -999, -999, -999, -999, -999, -999, -999, -999, -999, -999, -999
18710831, 0600,  , HU, 32.0N,  69.8W,  90, -999, -999, -999, -999, -999, -999, -999, -999, -999, -999, -999, -999, -999, -999
18710831, 1200,  , HU, 33.5N,  70.3W,  90, -999, -999, -999, -999, -999, -999, -999, -999, -999, -999, -999, -999, -999, -999
18710831, 1800,  , HU, 34.4N,  70.4W,  90, -999, -999, -999, -999, -999, -999, -999, -999, -999, -999, -999, -999, -999, -999
18710901, 0000,  , HU, 35.3N,  70.3W,  90, -999, -999, -999, -999, -999, -999, -999, -999, -999, -999, -999, -999, -999, -999
18710901, 0600,  , HU, 36.0N,  70.1W,  90, -999, -999, -999, -999, -999, -999, -999, -999, -999, -999, -999, -999, -999, -999
18710901, 1200,  , HU, 37.0N,  70.0W,  90, -999, -999, -999, -999, -999, -999, -999, -999, -999, -999, -999, -999, -999, -999
18710901, 1800,  , HU, 37.8N,  69.6W,  90, -999, -999, -999, -999, -999, -999, -999, -999, -999, -999, -999, -999, -999, -999
18710902, 0000,  , HU, 38.9N,  69.3W,  90, -999, -999, -999, -999, -999, -999, -999, -999, -999, -999, -999, -999, -999, -999
18710902, 0600,  , HU, 40.3N,  68.5W,  90, -999, -999, -999, -999, -999, -999, -999, -999, -999, -999, -999, -999, -999, -999
18710902, 1200,  , HU, 41.3N,  67.5W,  90, -999, -999, -999, -999, -999, -999, -999, -999, -999, -999, -999, -999, -999, -999
18710902, 1800,  , HU, 42.5N,  66.0W,  90, -999, -999, -999, -999, -999, -999, -999, -999, -999, -999, -999, -999, -999, -999
AL061871,            UNNAMED,     17,
18710905, 0000,  , HU, 26.0N,  90.1W,  70, -999, -999, -999, -999, -999, -999, -999, -999, -999, -999, -999, -999, -999, -999
18710905, 0600,  , HU, 26.5N,  89.0W,  70, -999, -999, -999, -999, -999, -999, -999, -999, -999, -999, -999, -999, -999, -999
18710905, 1200,  , HU, 27.0N,  87.6W,  70, -999, -999, -999, -999, -999, -999, -999, -999, -999, -999, -999, -999, -999, -999
18710905, 1800,  , HU, 27.5N,  86.1W,  70, -999, -999, -999, -999, -999, -999, -999, -999, -999, -999, -999, -999, -999, -999
18710906, 0000,  , HU, 28.1N,  84.9W,  70, -999, -999, -999, -999, -999, -999, -999, -999, -999, -999, -999, -999, -999, -999
18710906, 0600,  , HU, 28.6N,  84.1W,  70, -999, -999, -999, -999, -999, -999, -999, -999, -999, -999, -999, -999, -999, -999
18710906, 1200,  , HU, 29.0N,  83.3W,  70, -999, -999, -999, -999, -999, -999, -999, -999, -999, -999, -999, -999, -999, -999
18710906, 1400, L, HU, 29.2N,  83.0W,  70, -999, -999, -999, -999, -999, -999, -999, -999, -999, -999, -999, -999, -999, -999
18710906, 1800,  , TS, 29.6N,  82.5W,  50, -999, -999, -999, -999, -999, -999, -999, -999, -999, -999, -999, -999, -999, -999
18710907, 0000,  , TS, 30.2N,  81.8W,  50, -999, -999, -999, -999, -999, -999, -999, -999, -999, -999, -999, -999, -999, -999
18710907, 0600,  , TS, 30.7N,  81.1W,  50, -999, -999, -999, -999, -999, -999, -999, -999, -999, -999, -999, -999, -999, -999
18710907, 1200,  , TS, 31.3N,  80.3W,  60, -999, -999, -999, -999, -999, -999, -999, -999, -999, -999, -999, -999, -999, -999
18710907, 1800,  , TS, 31.7N,  79.3W,  60, -999, -999, -999, -999, -999, -999, -999, -999, -999, -999, -999, -999, -999, -999
18710908, 0000,  , TS, 31.9N,  78.3W,  60, -999, -999, -999, -999, -999, -999, -999, -999, -999, -999, -999, -999, -999, -999
18710908, 0600,  , TS, 32.2N,  77.0W,  60, -999, -999, -999, -999, -999, -999, -999, -999, -999, -999, -999, -999, -999, -999
18710908, 1200,  , TS, 32.4N,  75.9W,  60, -999, -999, -999, -999, -999, -999, -999, -999, -999, -999, -999, -999, -999, -999
18710908, 1800,  , TS, 32.7N,  75.0W,  60, -999, -999, -999, -999, -999, -999, -999, -999, -999, -999, -999, -999, -999, -999
AL071871,            UNNAMED,     33,
18710930, 0000,  , TS, 21.1N,  92.1W,  40, -999, -999, -999, -999, -999, -999, -999, -999, -999, -999, -999, -999, -999, -999
18710930, 0600,  , TS, 21.2N,  92.6W,  40, -999, -999, -999, -999, -999, -999, -999, -999, -999, -999, -999, -999, -999, -999
18710930, 1200,  , TS, 21.7N,  93.1W,  40, -999, -999, -999, -999, -999, -999, -999, -999, -999, -999, -999, -999, -999, -999
18710930, 1800,  , TS, 22.2N,  93.8W,  40, -999, -999, -999, -999, -999, -999, -999, -999, -999, -999, -999, -999, -999, -999
18711001, 0000,  , TS, 22.9N,  94.3W,  50, -999, -999, -999, -999, -999, -999, -999, -999, -999, -999, -999, -999, -999, -999
18711001, 0600,  , TS, 23.4N,  94.8W,  50, -999, -999, -999, -999, -999, -999, -999, -999, -999, -999, -999, -999, -999, -999
18711001, 1200,  , TS, 24.0N,  95.1W,  60, -999, -999, -999, -999, -999, -999, -999, -999, -999, -999, -999, -999, -999, -999
18711001, 1800,  , TS, 24.9N,  95.4W,  60, -999, -999, -999, -999, -999, -999, -999, -999, -999, -999, -999, -999, -999, -999
18711002, 0000,  , HU, 25.9N,  95.4W,  70, -999, -999, -999, -999, -999, -999, -999, -999, -999, -999, -999, -999, -999, -999
18711002, 0600,  , HU, 26.8N,  95.1W,  70, -999, -999, -999, -999, -999, -999, -999, -999, -999, -999, -999, -999, -999, -999
18711002, 1200,  , HU, 27.5N,  94.8W,  70, -999, -999, -999, -999, -999, -999, -999, -999, -999, -999, -999, -999, -999, -999
18711002, 1800,  , HU, 27.8N,  94.0W,  70, -999, -999, -999, -999, -999, -999, -999, -999, -999, -999, -999, -999, -999, -999
18711003, 0000,  , HU, 27.9N,  93.1W,  70, -999, -999, -999, -999, -999, -999, -999, -999, -999, -999, -999, -999, -999, -999
18711003, 0600,  , HU, 28.0N,  92.3W,  70, -999, -999, -999, -999, -999, -999, -999, -999, -999, -999, -999, -999, -999, -999
18711003, 1200,  , HU, 28.1N,  91.6W,  70, -999, -999, -999, -999, -999, -999, -999, -999, -999, -999, -999, -999, -999, -999
18711003, 1800,  , HU, 28.3N,  90.8W,  70, -999, -999, -999, -999, -999, -999, -999, -999, -999, -999, -999, -999, -999, -999
18711004, 0000,  , HU, 28.4N,  90.1W,  70, -999, -999, -999, -999, -999, -999, -999, -999, -999, -999, -999, -999, -999, -999
18711004, 0600,  , HU, 28.5N,  89.3W,  70, -999, -999, -999, -999, -999, -999, -999, -999, -999, -999, -999, -999, -999, -999
18711004, 1200,  , HU, 28.7N,  88.6W,  70, -999, -999, -999, -999, -999, -999, -999, -999, -999, -999, -999, -999, -999, -999
18711004, 1800,  , HU, 28.9N,  87.5W,  70, -999, -999, -999, -999, -999, -999, -999, -999, -999, -999, -999, -999, -999, -999
18711005, 0000,  , TS, 29.1N,  86.5W,  60, -999, -999, -999, -999, -999, -999, -999, -999, -999, -999, -999, -999, -999, -999
18711005, 0600,  , TS, 29.4N,  85.3W,  60, -999, -999, -999, -999, -999, -999, -999, -999, -999, -999, -999, -999, -999, -999
18711005, 1200,  , TS, 29.8N,  84.4W,  60, -999, -999, -999, -999, -999, -999, -999, -999, -999, -999, -999, -999, -999, -999
18711005, 1600, L, TS, 30.0N,  83.9W,  60, -999, -999, -999, -999, -999, -999, -999, -999, -999, -999, -999, -999, -999, -999
18711005, 1800,  , TS, 30.2N,  83.6W,  50, -999, -999, -999, -999, -999, -999, -999, -999, -999, -999, -999, -999, -999, -999
18711006, 0000,  , TS, 30.8N,  83.1W,  40, -999, -999, -999, -999, -999, -999, -999, -999, -999, -999, -999, -999, -999, -999
18711006, 0600,  , TS, 31.3N,  82.6W,  40, -999, -999, -999, -999, -999, -999, -999, -999, -999, -999, -999, -999, -999, -999
18711006, 1200,  , TS, 31.8N,  82.1W,  40, -999, -999, -999, -999, -999, -999, -999, -999, -999, -999, -999, -999, -999, -999
18711006, 1800,  , TS, 32.2N,  80.8W,  40, -999, -999, -999, -999, -999, -999, -999, -999, -999, -999, -999, -999, -999, -999
18711007, 0000,  , TS, 32.9N,  79.3W,  40, -999, -999, -999, -999, -999, -999, -999, -999, -999, -999, -999, -999, -999, -999
18711007, 0600,  , TS, 33.7N,  77.5W,  40, -999, -999, -999, -999, -999, -999, -999, -999, -999, -999, -999, -999, -999, -999
18711007, 1200,  , TS, 34.0N,  75.0W,  40, -999, -999, -999, -999, -999, -999, -999, -999, -999, -999, -999, -999, -999, -999
18711007, 1800,  , TS, 34.5N,  72.0W,  40, -999, -999, -999, -999, -999, -999, -999, -999, -999, -999, -999, -999, -999, -999
AL081871,            UNNAMED,     14,
18711010, 0000,  , HU, 22.7N,  58.0W,  70, -999, -999, -999, -999, -999, -999, -999, -999, -999, -999, -999, -999, -999, -999
18711010, 0600,  , HU, 23.2N,  60.0W,  70, -999, -999, -999, -999, -999, -999, -999, -999, -999, -999, -999, -999, -999, -999
18711010, 1200,  , HU, 23.5N,  62.0W,  70, -999, -999, -999, -999, -999, -999, -999, -999, -999, -999, -999, -999, -999, -999
18711010, 1800,  , HU, 24.4N,  64.1W,  70, -999, -999, -999, -999, -999, -999, -999, -999, -999, -999, -999, -999, -999, -999
18711011, 0000,  , HU, 25.9N,  66.1W,  70, -999, -999, -999, -999, -999, -999, -999, -999, -999, -999, -999, -999, -999, -999
18711011, 0600,  , HU, 27.7N,  67.9W,  70, -999, -999, -999, -999, -999, -999, -999, -999, -999, -999, -999, -999, -999, -999
18711011, 1200,  , HU, 29.5N,  69.0W,  70, -999, -999, -999, -999, -999, -999, -999, -999, -999, -999, -999, -999, -999, -999
18711011, 1800,  , HU, 31.2N,  69.5W,  70, -999, -999, -999, -999, -999, -999, -999, -999, -999, -999, -999, -999, -999, -999
18711012, 0000,  , HU, 33.3N,  69.8W,  70, -999, -999, -999, -999, -999, -999, -999, -999, -999, -999, -999, -999, -999, -999
18711012, 0600,  , HU, 35.5N,  69.6W,  70, -999, -999, -999, -999, -999, -999, -999, -999, -999, -999, -999, -999, -999, -999
18711012, 1200,  , HU, 38.0N,  68.6W,  70, -999, -999, -999, -999, -999, -999, -999, -999, -999, -999, -999, -999, -999, -999
18711012, 1800,  , HU, 41.5N,  66.0W,  70, -999, -999, -999, -999, -999, -999, -999, -999, -999, -999, -999, -999, -999, -999
18711013, 0000,  , HU, 45.0N,  63.0W,  70, -999, -999, -999, -999, -999, -999, -999, -999, -999, -999, -999, -999, -999, -999
18711013, 0600,  , TS, 49.0N,  60.0W,  50, -999, -999, -999, -999, -999, -999, -999, -999, -999, -999, -999, -999, -999, -999
