AL011948,            UNNAMED,     28,
19480522, 0600,  , TD, 17.1N,  73.2W,  30, -999, -999, -999, -999, -999, -999, -999, -999, -999, -999, -999, -999, -999, -999
19480522, 1200,  , TD, 18.2N,  73.1W,  30, -999, -999, -999, -999, -999, -999, -999, -999, -999, -999, -999, -999, -999, -999
19480522, 1800,  , TD, 19.3N,  73.0W,  30, -999, -999, -999, -999, -999, -999, -999, -999, -999, -999, -999, -999, -999, -999
19480523, 0000,  , TD, 20.4N,  72.9W,  30, -999, -999, -999, -999, -999, -999, -999, -999, -999, -999, -999, -999, -999, -999
19480523, 0600,  , TD, 21.4N,  72.7W,  30, -999, -999, -999, -999, -999, -999, -999, -999, -999, -999, -999, -999, -999, -999
19480523, 1200,  , TD, 22.4N,  72.3W,  30, -999, -999, -999, -999, -999, -999, -999, -999, -999, -999, -999, -999, -999, -999
19480523, 1800,  , TD, 23.4N,  71.6W,  30, -999, -999, -999, -999, -999, -999, -999, -999, -999, -999, -999, -999, -999, -999
19480524, 0000,  , TD, 24.4N,  70.6W,  30, -999, -999, -999, -999, -999, -999, -999, -999, -999, -999, -999, -999, -999, -999
19480524, 0600,  , TD, 25.4N,  69.6W,  30, -999, -999, -999, -999, -999, -999, -999, -999, -999, -999, -999, -999, -999, -999
19480524, 1200,  , TS, 26.3N,  69.0W,  35, -999, -999, -999, -999, -999, -999, -999, -999, -999, -999, -999, -999, -999, -999
19480524, 1800,  , TS, 27.2N,  68.8W,  35, -999, -999, -999, -999, -999, -999, -999, -999, -999, -999, -999, -999, -999, -999
19480525, 0000,  , TS, 28.1N,  68.7W,  40, -999, -999, -999, -999, -999, -999, -999, -999, -999, -999, -999, -999, -999, -999
19480525, 0600,  , TS, 28.9N,  68.9W,  40, -999, -999, -999, -999, -999, -999, -999, -999, -999, -999, -999, -999, -999, -999
19480525, 1200,  , TS, 29.4N,  69.0W,  45, -999, -999, -999, -999, -999, -999, -999, -999, -999, -999, -999, -999, -999, -999
19480525, 1800,  , TS, 29.7N,  69.0W,  45, -999, -999, -999, -999, -999, -999, -999, -999, -999, -999, -999, -999, -999, -999
19480526, 0000,  , TS, 29.7N,  68.9W,  45, -999, -999, -999, -999, -999, -999, -999, -999, -999, -999, -999, -999, -999, -999
19480526, 0600,  , TS, 29.5N,  68.8W,  45, -999, -999, -999, -999, -999, -999, -999, -999, -999, -999, -999, -999, -999, -999
19480526, 1200,  , TS, 29.5N,  68.6W,  45, -999, -999, -999, -999, -999, -999, -999, -999, -999, -999, -999, -999, -999, -999
19480526, 1800,  , TS, 29.7N,  68.4W,  40, -999, -999, -999, -999, -999, -999, -999, -999, -999, -999, -999, -999, -999, -999
19480527, 0000,  , TS, 30.1N,  68.2W,  40, -999, -999, -999, -999, -999, -999, -999, -999, -999, -999, -999, -999, -999, -999
19480527, 0600,  , TS, 30.6N,  68.1W,  40, -999, -999, -999, -999, -999, -999, -999, -999, -999, -999, -999, -999, -999, -999
19480527, 1200,  , TS, 31.3N,  68.0W,  40, -999, -999, -999, -999, -999, -999, -999, -999, -999, -999, -999, -999, -999, -999
19480527, 1800,  , TS, 32.0N,  68.2W,  40, -999, -999, -999, -999, -999, -999, -999, -999, -999, -999, -999, -999, -999, -999
19480528, 0000,  , TS, 32.8N,  68.5W,  35, -999, -999, -999, -999, -999, -999, -999, -999, -999, -999, -999, -999, -999, -999
19480528, 0600,  , TD, 33.7N,  68.8W,  30, -999, -999, -999, -999, -999, -999, -999, -999, -999, -999, -999, -999, -999, -999
19480528, 1200,  , TD, 34.6N,  69.0W,  30, -999, -999, -999, -999, -999, -999, -999, -999, -999, -999, -999, -999, -999, -999
19480528, 1800,  , TD, 35.4N,  69.0W,  25, -999, -999, -999, -999, -999, -999, -999, -999, -999, -999, -999, -999, -999, -999
19480529, 0000,  , TD, 36.1N,  69.0W,  25, -999, -999, -999, -999, -999, -999, -999, -999, -999, -999, -999, -999, -999, -999
AL021948,            UNNAMED,     18,
19480707, 1800,  , TD, 27.5N,  89.4W,  30, -999, -999, -999, -999, -999, -999, -999, -999, -999, -999, -999, -999, -999, -999
19480708, 0000,  , TD, 27.6N,  89.4W,  30, -999, -999, -999, -999, -999, -999, -999, -999, -999, -999, -999, -999, -999, -999
19480708, 0600,  , TD, 27.7N,  89.4W,  30, -999, -999, -999, -999, -999, -999, -999, -999, -999, -999, -999, -999, -999, -999
19480708, 1200,  , TD, 28.0N,  89.2W,  30, -999, -999, -999, -999, -999, -999, -999, -999, -999, -999, -999, -999, -999, -999
19480708, 1800,  , TD, 28.5N,  88.8W,  30, -999, -999, -999, -999, -999, -999, -999, -999, -999, -999, -999, -999, -999, -999
19480709, 0000,  , TS, 29.2N,  88.2W,  35, -999, -999, -999, -999, -999, -999, -999, -999, -999, -999, -999, -999, -999, -999
19480709, 0600,  , TS, 30.2N,  87.4W,  35, -999, -999, -999, -999, -999, -999, -999, -999, -999, -999, -999, -999, -999, -999
19480709, 0700, L, TS, 30.3N,  87.3W,  35, -999, -999, -999, -999, -999, -999, -999, -999, -999, -999, -999, -999, -999, -999
19480709, 1200,  , TS, 30.8N,  86.9W,  35, -999, -999, -999, -999, -999, -999, -999, -999, -999, -999, -999, -999, -999, -999
19480709, 1800,  , TD, 31.3N,  86.6W,  30, -999, -999, -999, -999, -999, -999, -999, -999, -999, -999, -999, -999, -999, -999
19480710, 0000,  , TD, 31.8N,  86.6W,  30, -999, -999, -999, -999, -999, -999, -999, -999, -999, -999, -999, -999, -999, -999
19480710, 0600,  , TD, 32.3N,  86.5W,  30, -999, -999, -999, -999, -999, -999, -999, -999, -999, -999, -999, -999, -999, -999
19480710, 1200,  , TD, 32.7N,  86.3W,  25, -999, -999, -999, -999, -999, -999, -999, -999, -999, -999, -999, -999, -999, -999
19480710, 1800,  , TD, 33.3N,  86.3W,  25, -999, -999, -999, -999, -999, -999, -999, -999, -999, -999, -999, -999, -999, -999
19480711, 0000,  , TD, 34.0N,  86.5W,  20, -999, -999, -999, -999, -999, -999, -999, -999, -999, -999, -999, -999, -999, -999
19480711, 0600,  , TD, 34.6N,  86.6W,  20, -999, -999, -999, -999, -999, -999, -999, -999, -999, -999, -999, -999, -999, -999
19480711, 1200,  , TD, 35.2N,  86.6W,  15, -999, -999, -999, -999, -999, -999, -999, -999, -999, -999, -999, -999, -999, -999
19480711, 1800,  , TD, 35.8N,  86.6W,  15, -999, -999, -999, -999, -999, -999, -999, -999, -999, -999, -999, -999, -999, -999
AL031948,            UNNAMED,     44,
19480826, 0000,  , TS, 20.4N,  60.6W,  55, -999, -999, -999, -999, -999, -999, -999, -999, -999, -999, -999, -999, -999, -999
19480826, 0600,  , TS, 21.3N,  61.6W,  60, -999, -999, -999, -999, -999, -999, -999, -999, -999, -999, -999, -999, -999, -999
19480826, 1200,  , HU, 22.2N,  62.6W,  65, -999, -999, -999, -999, -999, -999, -999, -999, -999, -999, -999, -999, -999, -999
19480826, 1800,  , HU, 23.0N,  63.6W,  70, -999, -999, -999, -999, -999, -999, -999, -999, -999, -999, -999, -999, -999, -999
19480827, 0000,  , HU, 23.8N,  64.5W,  75, -999, -999, -999, -999, -999, -999, -999, -999, -999, -999, -999, -999, -999, -999
19480827, 0600,  , HU, 24.7N,  65.4W,  80, -999, -999, -999, -999, -999, -999, -999, -999, -999, -999, -999, -999, -999, -999
19480827, 1200,  , HU, 25.5N,  66.3W,  85, -999, -999, -999, -999, -999, -999, -999, -999, -999, -999, -999, -999, -999, -999
19480827, 1800,  , HU, 26.3N,  67.2W,  90, -999, -999, -999, -999, -999, -999, -999, -999, -999, -999, -999, -999, -999, -999
19480828, 0000,  , HU, 26.8N,  68.1W,  95, -999, -999, -999, -999, -999, -999, -999, -999, -999, -999, -999, -999, -999, -999
19480828, 0600,  , HU, 27.2N,  68.9W,  95, -999, -999, -999, -999, -999, -999, -999, -999, -999, -999, -999, -999, -999, -999
19480828, 1200,  , HU, 27.6N,  69.7W, 100, -999, -999, -999, -999, -999, -999, -999, -999, -999, -999, -999, -999, -999, -999
19480828, 1800,  , HU, 28.1N,  70.6W, 105, -999, -999, -999, -999, -999, -999, -999, -999, -999, -999, -999, -999, -999, -999
19480829, 0000,  , HU, 28.6N,  71.5W, 105, -999, -999, -999, -999, -999, -999, -999, -999, -999, -999, -999, -999, -999, -999
19480829, 0600,  , HU, 28.9N,  72.3W, 105, -999, -999, -999, -999, -999, -999, -999, -999, -999, -999, -999, -999, -999, -999
19480829, 1200,  , HU, 29.1N,  73.1W, 100, -999, -999, -999, -999, -999, -999, -999, -999, -999, -999, -999, -999, -999, -999
19480829, 1800,  , HU, 29.5N,  73.9W, 100, -999, -999, -999, -999, -999, -999, -999, -999, -999, -999, -999, -999, -999, -999
19480830, 0000,  , HU, 30.0N,  74.5W,  95, -999, -999, -999, -999, -999, -999, -999, -999, -999, -999, -999, -999, -999, -999
19480830, 0600,  , HU, 30.6N,  74.9W,  95, -999, -999, -999, -999, -999, -999, -999, -999, -999, -999, -999, -999, -999, -999
19480830, 1200,  , HU, 31.2N,  75.2W,  90, -999, -999, -999, -999, -999, -999, -999, -999, -999, -999, -999, -999, -999, -999
19480830, 1800,  , HU, 31.9N,  75.3W,  85, -999, -999, -999, -999, -999, -999, -999, -999, -999, -999, -999, -999, -999, -999
19480831, 0000,  , HU, 32.6N,  74.9W,  80, -999, -999, -999, -999, -999, -999, -999, -999, -999, -999, -999, -999, -999, -999
19480831, 0600,  , HU, 33.3N,  74.4W,  75, -999, -999, -999, -999, -999, -999, -999, -999, -999, -999, -999, -999, -999, -999
19480831, 1200,  , HU, 34.2N,  73.3W,  70, -999, -999, -999, -999, -999, -999, -999, -999, -999, -999, -999, -999, -999, -999
19480831, 1800,  , HU, 35.3N,  71.6W,  70, -999, -999, -999, -999, -999, -999, -999, -999, -999, -999, -999, -999, -999, -999
19480901, 0000,  , HU, 37.0N,  68.7W,  65, -999, -999, -999, -999, -999, -999, -999, -999, -999, -999, -999, -999, -999, -999
19480901, 0600,  , TS, 39.0N,  65.1W,  60, -999, -999, -999, -999, -999, -999, -999, -999, -999, -999, -999, -999, -999, -999
19480901, 1200,  , EX, 41.0N,  62.0W,  60, -999, -999, -999, -999, -999, -999, -999, -999, -999, -999, -999, -999, -999, -999
19480901, 1800,  , EX, 42.9N,  59.4W,  60, -999, -999, -999, -999, -999, -999, -999, -999, -999, -999, -999, -999, -999, -999
19480902, 0000,  , EX, 45.0N,  57.4W,  55, -999, -999, -999, -999, -999, -999, -999, -999, -999, -999, -999, -999, -999, -999
19480902, 0600,  , EX, 48.0N,  56.0W,  55, -999, -999, -999, -999, -999, -999, -999, -999, -999, -999, -999, -999, -999, -999
19480902, 1200,  , EX, 51.0N,  54.0W,  50, -999, -999, -999, -999, -999, -999, -999, -999, -999, -999, -999, -999, -999, -999
19480902, 1800,  , EX, 52.8N,  52.0W,  50, -999, -999, -999, -999, -999, -999, -999, -999, -999, -999, -999, -999, -999, -999
19480903, 0000,  , EX, 53.8N,  50.0W,  50, -999, -999, -999, -999, -999, -999, -999, -999, -999, -999, -999, -999, -999, -999
19480903, 0600,  , EX, 54.9N,  47.8W,  50, -999, -999, -999, -999, -999, -999, -999, -999, -999, -999, -999, -999, -999, -999
19480903, 1200,  , EX, 56.0N,  45.5W,  50, -999, -999, -999, -999, -999, -999, -999, -999, -999, -999, -999, -999, -999, -999
19480903, 1800,  , EX, 57.0N,  43.5W,  50, -999, -999, -999, -999, -999, -999, -999, -999, -999, -999, -999, -999, -999, -999
19480904, 0000,  , EX, 58.0N,  41.8W,  45, -999, -999, -999, -999, -999, -999, -999, -999, -999, -999, -999, -999, -999, -999
19480904, 0600,  , EX, 58.9N,  40.0W,  45, -999, -999, -999, -999, -999, -999, -999, -999, -999, -999, -999, -999, -999, -999
19480904, 1200,  , EX, 59.8N,  38.2W,  40, -999, -999, -999, -999, -999, -999, -999, -999, -999, -999, -999, -999, -999, -999
19480904, 1800,  , EX, 60.6N,  35.8W,  40, -999, -999, -999, -999, -999, -999, -999, -999, -999, -999, -999, -999, -999, -999
19480905, 0000,  , EX, 61.3N,  32.5W,  35, -999, -999, -999, -999, -999, -999, -999, -999, -999, -999, -999, -999, -999, -999
19480905, 0600,  , EX, 61.9N,  28.0W,  35, -999, -999, -999, -999, -999, -999, -999, -999, -999, -999, -999, -999, -999, -999
19480905, 1200,  , EX, 62.5N,  23.0W,  30, -999, -999, -999, -999, -999, -999, -999, -999, -999, -999, -999, -999, -999, -999
19480905, 1800,  , EX, 63.0N,  17.0W,  30, -999, -999, -999, -999, -999, -999, -999, -999, -999, -999, -999, -999, -999, -999
AL041948,            UNNAMED,     10,
19480830, 1800,  , TS, 12.9N,  55.4W,  50, -999, -999, -999, -999, -999, -999, -999, -999, -999, -999, -999, -999, -999, -999
19480831, 0000,  , TS, 13.1N,  56.6W,  50, -999, -999, -999, -999, -999, -999, -999, -999, -999, -999, -999, -999, -999, -999
19480831, 0600,  , TS, 13.3N,  57.8W,  50, -999, -999, -999, -999, -999, -999, -999, -999, -999, -999, -999, -999, -999, -999
19480831, 1200,  , TS, 13.5N,  59.0W,  45, -999, -999, -999, -999, -999, -999, -999, -999, -999, -999, -999, -999, -999, -999
19480831, 1800,  , TS, 13.7N,  60.2W,  40, -999, -999, -999, -999, -999, -999, -999, -999, -999, -999, -999, -999, -999, -999
19480831, 2200, L, TS, 13.8N,  60.9W,  40, -999, -999, -999, -999, -999, -999, -999, -999, -999, -999, -999, -999, -999, -999
19480901, 0000,  , TS, 13.9N,  61.3W,  40, -999, -999, -999, -999, -999, -999, -999, -999, -999, -999, -999, -999, -999, -999
19480901, 0600,  , TS, 14.1N,  62.3W,  35, -999, -999, -999, -999, -999, -999, -999, -999, -999, -999, -999, -999, -999, -999
19480901, 1200,  , TD, 14.2N,  63.1W,  30, 1007, -999, -999, -999, -999, -999, -999, -999, -999, -999, -999, -999, -999, -999
19480901, 1800,  , TD, 14.3N,  64.0W,  25, -999, -999, -999, -999, -999, -999, -999, -999, -999, -999, -999, -999, -999, -999
AL051948,            UNNAMED,     22,
19480901, 1800,  , TD, 24.3N,  94.8W,  25, -999, -999, -999, -999, -999, -999, -999, -999, -999, -999, -999, -999, -999, -999
19480902, 0000,  , TD, 24.3N,  94.8W,  30, -999, -999, -999, -999, -999, -999, -999, -999, -999, -999, -999, -999, -999, -999
19480902, 0600,  , TD, 24.3N,  94.8W,  30, -999, -999, -999, -999, -999, -999, -999, -999, -999, -999, -999, -999, -999, -999
19480902, 1200,  , TS, 24.3N,  94.7W,  35, -999, -999, -999, -999, -999, -999, -999, -999, -999, -999, -999, -999, -999, -999
19480902, 1800,  , TS, 24.3N,  94.3W,  40, -999, -999, -999, -999, -999, -999, -999, -999, -999, -999, -999, -999, -999, -999
19480903, 0000,  , TS, 24.5N,  93.8W,  40, -999, -999, -999, -999, -999, -999, -999, -999, -999, -999, -999, -999, -999, -999
19480903, 0600,  , TS, 25.1N,  93.2W,  45, -999, -999, -999, -999, -999, -999, -999, -999, -999, -999, -999, -999, -999, -999
19480903, 1200,  , TS, 25.9N,  92.6W,  50,  998, -999, -999, -999, -999, -999, -999, -999, -999, -999, -999, -999, -999, -999
19480903, 1800,  , TS, 26.9N,  91.9W,  60,  990, -999, -999, -999, -999, -999, -999, -999, -999, -999, -999, -999, -999, -999
19480904, 0000,  , HU, 27.9N,  91.3W,  65, -999, -999, -999, -999, -999, -999, -999, -999, -999, -999, -999, -999, -999, -999
19480904, 0600,  , HU, 28.9N,  90.6W,  70,  983, -999, -999, -999, -999, -999, -999, -999, -999, -999, -999, -999, -999, -999
19480904, 0700, L, HU, 29.1N,  90.5W,  70,  983, -999, -999, -999, -999, -999, -999, -999, -999, -999, -999, -999, -999, -999
19480904, 1200,  , TS, 29.9N,  90.0W,  60,  986, -999, -999, -999, -999, -999, -999, -999, -999, -999, -999, -999, -999, -999
19480904, 1800,  , TS, 31.1N,  89.4W,  45, -999, -999, -999, -999, -999, -999, -999, -999, -999, -999, -999, -999, -999, -999
19480905, 0000,  , TS, 32.3N,  89.1W,  35, -999, -999, -999, -999, -999, -999, -999, -999, -999, -999, -999, -999, -999, -999
19480905, 0600,  , TD, 33.5N,  89.1W,  30, -999, -999, -999, -999, -999, -999, -999, -999, -999, -999, -999, -999, -999, -999
19480905, 1200,  , TD, 34.8N,  89.2W,  25, -999, -999, -999, -999, -999, -999, -999, -999, -999, -999, -999, -999, -999, -999
19480905, 1800,  , TD, 35.8N,  89.3W,  25, -999, -999, -999, -999, -999, -999, -999, -999, -999, -999, -999, -999, -999, -999
19480906, 0000,  , TD, 36.5N,  89.3W,  25, -999, -999, -999, -999, -999, -999, -999, -999, -999, -999, -999, -999, -999, -999
19480906, 0600,  , TD, 37.5N,  89.1W,  25, -999, -999, -999, -999, -999, -999, -999, -999, -999, -999, -999, -999, -999, -999
19480906, 1200,  , TD, 38.8N,  88.6W,  20, -999, -999, -999, -999, -999, -999, -999, -999, -999, -999, -999, -999, -999, -999
19480906, 1800,  , TD, 40.0N,  87.6W,  20, -999, -999, -999, -999, -999, -999, -999, -999, -999, -999, -999, -999, -999, -999
AL061948,            UNNAMED,     54,
19480904, 0600,  , TS, 14.3N,  20.2W,  35, -999, -999, -999, -999, -999, -999, -999, -999, -999, -999, -999, -999, -999, -999
19480904, 1200,  , TS, 14.2N,  21.3W,  40, -999, -999, -999, -999, -999, -999, -999, -999, -999, -999, -999, -999, -999, -999
19480904, 1800,  , TS, 14.2N,  22.4W,  40, -999, -999, -999, -999, -999, -999, -999, -999, -999, -999, -999, -999, -999, -999
19480905, 0000,  , TS, 14.3N,  23.6W,  40, -999, -999, -999, -999, -999, -999, -999, -999, -999, -999, -999, -999, -999, -999
19480905, 0600,  , TS, 14.4N,  24.8W,  40, -999, -999, -999, -999, -999, -999, -999, -999, -999, -999, -999, -999, -999, -999
19480905, 1200,  , TS, 14.5N,  26.0W,  45, -999, -999, -999, -999, -999, -999, -999, -999, -999, -999, -999, -999, -999, -999
19480905, 1800,  , TS, 14.6N,  27.3W,  45, -999, -999, -999, -999, -999, -999, -999, -999, -999, -999, -999, -999, -999, -999
19480906, 0000,  , TS, 14.8N,  28.7W,  45, -999, -999, -999, -999, -999, -999, -999, -999, -999, -999, -999, -999, -999, -999
19480906, 0600,  , TS, 15.0N,  30.1W,  45, -999, -999, -999, -999, -999, -999, -999, -999, -999, -999, -999, -999, -999, -999
19480906, 1200,  , TS, 15.2N,  31.5W,  50, -999, -999, -999, -999, -999, -999, -999, -999, -999, -999, -999, -999, -999, -999
19480906, 1800,  , TS, 15.5N,  32.9W,  50, -999, -999, -999, -999, -999, -999, -999, -999, -999, -999, -999, -999, -999, -999
19480907, 0000,  , TS, 16.0N,  34.3W,  50, -999, -999, -999, -999, -999, -999, -999, -999, -999, -999, -999, -999, -999, -999
19480907, 0600,  , TS, 16.6N,  35.7W,  50, -999, -999, -999, -999, -999, -999, -999, -999, -999, -999, -999, -999, -999, -999
19480907, 1200,  , TS, 17.0N,  37.0W,  50, -999, -999, -999, -999, -999, -999, -999, -999, -999, -999, -999, -999, -999, -999
19480907, 1800,  , TS, 17.2N,  38.3W,  50, -999, -999, -999, -999, -999, -999, -999, -999, -999, -999, -999, -999, -999, -999
19480908, 0000,  , TS, 17.3N,  39.6W,  50, -999, -999, -999, -999, -999, -999, -999, -999, -999, -999, -999, -999, -999, -999
19480908, 0600,  , TS, 17.3N,  40.8W,  50, -999, -999, -999, -999, -999, -999, -999, -999, -999, -999, -999, -999, -999, -999
19480908, 1200,  , TS, 17.3N,  42.0W,  50, -999, -999, -999, -999, -999, -999, -999, -999, -999, -999, -999, -999, -999, -999
19480908, 1800,  , TS, 17.3N,  43.2W,  50, -999, -999, -999, -999, -999, -999, -999, -999, -999, -999, -999, -999, -999, -999
19480909, 0000,  , TS, 17.3N,  44.3W,  50, -999, -999, -999, -999, -999, -999, -999, -999, -999, -999, -999, -999, -999, -999
19480909, 0600,  , TS, 17.3N,  45.4W,  50, -999, -999, -999, -999, -999, -999, -999, -999, -999, -999, -999, -999, -999, -999
19480909, 1200,  , TS, 17.3N,  46.6W,  50, -999, -999, -999, -999, -999, -999, -999, -999, -999, -999, -999, -999, -999, -999
19480909, 1800,  , TS, 17.3N,  47.9W,  50, -999, -999, -999, -999, -999, -999, -999, -999, -999, -999, -999, -999, -999, -999
19480910, 0000,  , TS, 17.4N,  49.2W,  50, -999, -999, -999, -999, -999, -999, -999, -999, -999, -999, -999, -999, -999, -999
19480910, 0600,  , TS, 17.6N,  50.5W,  50, -999, -999, -999, -999, -999, -999, -999, -999, -999, -999, -999, -999, -999, -999
19480910, 1200,  , TS, 18.0N,  51.8W,  50, -999, -999, -999, -999, -999, -999, -999, -999, -999, -999, -999, -999, -999, -999
19480910, 1800,  , TS, 18.5N,  53.1W,  50, -999, -999, -999, -999, -999, -999, -999, -999, -999, -999, -999, -999, -999, -999
19480911, 0000,  , TS, 19.4N,  54.5W,  55, -999, -999, -999, -999, -999, -999, -999, -999, -999, -999, -999, -999, -999, -999
19480911, 0600,  , HU, 20.4N,  55.9W,  65, -999, -999, -999, -999, -999, -999, -999, -999, -999, -999, -999, -999, -999, -999
19480911, 1200,  , HU, 21.6N,  57.4W,  80, -999, -999, -999, -999, -999, -999, -999, -999, -999, -999, -999, -999, -999, -999
19480911, 1800,  , HU, 22.9N,  59.0W,  90, -999, -999, -999, -999, -999, -999, -999, -999, -999, -999, -999, -999, -999, -999
19480912, 0000,  , HU, 24.0N,  61.0W, 100, -999, -999, -999, -999, -999, -999, -999, -999, -999, -999, -999, -999, -999, -999
19480912, 0600,  , HU, 24.6N,  62.0W, 105, -999, -999, -999, -999, -999, -999, -999, -999, -999, -999, -999, -999, -999, -999
19480912, 1200,  , HU, 25.4N,  62.8W, 110, -999, -999, -999, -999, -999, -999, -999, -999, -999, -999, -999, -999, -999, -999
19480912, 1800,  , HU, 26.8N,  63.6W, 110, -999, -999, -999, -999, -999, -999, -999, -999, -999, -999, -999, -999, -999, -999
19480913, 0000,  , HU, 28.5N,  64.4W, 115, -999, -999, -999, -999, -999, -999, -999, -999, -999, -999, -999, -999, -999, -999
19480913, 0600,  , HU, 29.8N,  65.2W, 115, -999, -999, -999, -999, -999, -999, -999, -999, -999, -999, -999, -999, -999, -999
19480913, 1200,  , HU, 31.0N,  65.8W, 115, -999, -999, -999, -999, -999, -999, -999, -999, -999, -999, -999, -999, -999, -999
19480913, 1800,  , HU, 32.3N,  65.8W, 110, -999, -999, -999, -999, -999, -999, -999, -999, -999, -999, -999, -999, -999, -999
19480914, 0000,  , HU, 33.7N,  65.5W, 105, -999, -999, -999, -999, -999, -999, -999, -999, -999, -999, -999, -999, -999, -999
19480914, 0600,  , HU, 35.1N,  64.9W, 100, -999, -999, -999, -999, -999, -999, -999, -999, -999, -999, -999, -999, -999, -999
19480914, 1200,  , HU, 36.5N,  64.0W,  95, -999, -999, -999, -999, -999, -999, -999, -999, -999, -999, -999, -999, -999, -999
19480914, 1800,  , HU, 38.5N,  62.6W,  85, -999, -999, -999, -999, -999, -999, -999, -999, -999, -999, -999, -999, -999, -999
19480915, 0000,  , HU, 40.3N,  60.4W,  80, -999, -999, -999, -999, -999, -999, -999, -999, -999, -999, -999, -999, -999, -999
19480915, 0600,  , EX, 42.0N,  57.4W,  75, -999, -999, -999, -999, -999, -999, -999, -999, -999, -999, -999, -999, -999, -999
19480915, 1200,  , EX, 44.6N,  53.4W,  70, -999, -999, -999, -999, -999, -999, -999, -999, -999, -999, -999, -999, -999, -999
19480915, 1800,  , EX, 47.1N,  48.8W,  65, -999, -999, -999, -999, -999, -999, -999, -999, -999, -999, -999, -999, -999, -999
19480916, 0000,  , EX, 49.8N,  44.2W,  60, -999, -999, -999, -999, -999, -999, -999, -999, -999, -999, -999, -999, -999, -999
19480916, 0600,  , EX, 53.0N,  40.0W,  55, -999, -999, -999, -999, -999, -999, -999, -999, -999, -999, -999, -999, -999, -999
19480916, 1200,  , EX, 56.3N,  35.0W,  55, -999, -999, -999, -999, -999, -999, -999, -999, -999, -999, -999, -999, -999, -999
19480916, 1800,  , EX, 58.3N,  29.0W,  55, -999, -999, -999, -999, -999, -999, -999, -999, -999, -999, -999, -999, -999, -999
19480917, 0000,  , EX, 60.0N,  22.0W,  60, -999, -999, -999, -999, -999, -999, -999, -999, -999, -999, -999, -999, -999, -999
19480917, 0600,  , EX, 61.5N,  14.0W,  60, -999, -999, -999, -999, -999, -999, -999, -999, -999, -999, -999, -999, -999, -999
19480917, 1200,  , EX, 62.5N,   6.0W,  60, -999, -999, -999, -999, -999, -999, -999, -999, -999, -999, -999, -999, -999, -999
AL071948,            UNNAMED,     14,
19480907, 1200,  , EX, 36.0N,  58.0W,  40, -999, -999, -999, -999, -999, -999, -999, -999, -999, -999, -999, -999, -999, -999
19480907, 1800,  , TS, 35.8N,  60.0W,  45, -999, -999, -999, -999, -999, -999, -999, -999, -999, -999, -999, -999, -999, -999
19480908, 0000,  , TS, 36.0N,  61.5W,  45, -999, -999, -999, -999, -999, -999, -999, -999, -999, -999, -999, -999, -999, -999
19480908, 0600,  , TS, 36.3N,  62.5W,  50, -999, -999, -999, -999, -999, -999, -999, -999, -999, -999, -999, -999, -999, -999
19480908, 1200,  , TS, 36.8N,  63.2W,  50, -999, -999, -999, -999, -999, -999, -999, -999, -999, -999, -999, -999, -999, -999
19480908, 1800,  , TS, 37.3N,  63.7W,  55, -999, -999, -999, -999, -999, -999, -999, -999, -999, -999, -999, -999, -999, -999
19480909, 0000,  , TS, 37.9N,  64.0W,  55, -999, -999, -999, -999, -999, -999, -999, -999, -999, -999, -999, -999, -999, -999
19480909, 0600,  , TS, 38.5N,  64.0W,  50, -999, -999, -999, -999, -999, -999, -999, -999, -999, -999, -999, -999, -999, -999
19480909, 1200,  , TS, 39.1N,  63.9W,  45, -999, -999, -999, -999, -999, -999, -999, -999, -999, -999, -999, -999, -999, -999
19480909, 1800,  , TS, 40.1N,  63.4W,  45, -999, -999, -999, -999, -999, -999, -999, -999, -999, -999, -999, -999, -999, -999
19480910, 0000,  , EX, 41.3N,  62.3W,  40, -999, -999, -999, -999, -999, -999, -999, -999, -999, -999, -999, -999, -999, -999
19480910, 0600,  , EX, 42.5N,  61.0W,  40, -999, -999, -999, -999, -999, -999, -999, -999, -999, -999, -999, -999, -999, -999
19480910, 1200,  , EX, 44.0N,  58.5W,  40, -999, -999, -999, -999, -999, -999, -999, -999, -999, -999, -999, -999, -999, -999
19480910, 1800,  , EX, 46.0N,  55.0W,  35, -999, -999, -999, -999, -999, -999, -999, -999, -999, -999, -999, -999, -999, -999
AL081948,            UNNAMED,     36,
19480918, 0600,  , TS, 18.2N,  79.2W,  40, -999, -999, -999, -999, -999, -999, -999, -999, -999, -999, -999, -999, -999, -999
19480918, 1200,  , TS, 18.2N,  79.8W,  50, -999, -999, -999, -999, -999, -999, -999, -999, -999, -999, -999, -999, -999, -999
19480918, 1800,  , TS, 18.3N,  80.4W,  60,  994, -999, -999, -999, -999, -999, -999, -999, -999, -999, -999, -999, -999, -999
19480919, 0000,  , HU, 18.5N,  80.8W,  70, -999, -999, -999, -999, -999, -999, -999, -999, -999, -999, -999, -999, -999, -999
19480919, 0600,  , HU, 18.8N,  81.1W,  80, -999, -999, -999, -999, -999, -999, -999, -999, -999, -999, -999, -999, -999, -999
19480919, 1200,  , HU, 19.2N,  81.5W,  90, -999, -999, -999, -999, -999, -999, -999, -999, -999, -999, -999, -999, -999, -999
19480919, 1800,  , HU, 19.6N,  81.9W, 105,  951, -999, -999, -999, -999, -999, -999, -999, -999, -999, -999, -999, -999, -999
19480920, 0000,  , HU, 20.0N,  82.2W, 110, -999, -999, -999, -999, -999, -999, -999, -999, -999, -999, -999, -999, -999, -999
19480920, 0600,  , HU, 20.5N,  82.3W, 110, -999, -999, -999, -999, -999, -999, -999, -999, -999, -999, -999, -999, -999, -999
19480920, 1200,  , HU, 21.2N,  82.3W, 110, -999, -999, -999, -999, -999, -999, -999, -999, -999, -999, -999, -999, -999, -999
19480920, 1800,  , HU, 21.9N,  82.3W, 110, -999, -999, -999, -999, -999, -999, -999, -999, -999, -999, -999, -999, -999, -999
19480920, 2200, L, HU, 22.3N,  82.1W, 110, -999, -999, -999, -999, -999, -999, -999, -999, -999, -999, -999, -999, -999, -999
19480921, 0000,  , HU, 22.6N,  82.1W, 110, -999, -999, -999, -999, -999, -999, -999, -999, -999, -999, -999, -999, -999, -999
19480921, 0100, L, HU, 22.7N,  82.0W, 110, -999, -999, -999, -999, -999, -999, -999, -999, -999, -999, -999, -999, -999, -999
19480921, 0600,  , HU, 23.3N,  81.9W, 100, -999, -999, -999, -999, -999, -999, -999, -999, -999, -999, -999, -999, -999, -999
19480921, 1200,  , HU, 24.0N,  81.7W, 105, -999, -999, -999, -999, -999, -999, -999, -999, -999, -999, -999, -999, -999, -999
19480921, 1700, L, HU, 24.6N,  81.6W, 105,  955, -999, -999, -999, -999, -999, -999, -999, -999, -999, -999, -999, -999,   10
19480921, 1800,  , HU, 24.7N,  81.5W, 105,  955, -999, -999, -999, -999, -999, -999, -999, -999, -999, -999, -999, -999, -999
19480922, 0000,  , HU, 25.4N,  81.4W, 115, -999, -999, -999, -999, -999, -999, -999, -999, -999, -999, -999, -999, -999, -999
19480922, 0500, L, HU, 25.8N,  81.3W, 115,  940, -999, -999, -999, -999, -999, -999, -999, -999, -999, -999, -999, -999,   10
19480922, 0600,  , HU, 26.0N,  81.2W, 115,  940, -999, -999, -999, -999, -999, -999, -999, -999, -999, -999, -999, -999, -999
19480922, 1200,  , HU, 26.5N,  80.8W,  85, -999, -999, -999, -999, -999, -999, -999, -999, -999, -999, -999, -999, -999, -999
19480922, 1800,  , HU, 27.3N,  80.1W,  80,  965, -999, -999, -999, -999, -999, -999, -999, -999, -999, -999, -999, -999, -999
19480923, 0000,  , HU, 27.9N,  78.9W,  80, -999, -999, -999, -999, -999, -999, -999, -999, -999, -999, -999, -999, -999, -999
19480923, 0600,  , HU, 28.5N,  77.6W,  85, -999, -999, -999, -999, -999, -999, -999, -999, -999, -999, -999, -999, -999, -999
19480923, 1200,  , HU, 29.6N,  75.7W,  90, -999, -999, -999, -999, -999, -999, -999, -999, -999, -999, -999, -999, -999, -999
19480923, 1800,  , HU, 31.0N,  73.6W,  90, -999, -999, -999, -999, -999, -999, -999, -999, -999, -999, -999, -999, -999, -999
19480924, 0000,  , HU, 33.0N,  71.6W,  85, -999, -999, -999, -999, -999, -999, -999, -999, -999, -999, -999, -999, -999, -999
19480924, 0600,  , EX, 35.1N,  69.5W,  75, -999, -999, -999, -999, -999, -999, -999, -999, -999, -999, -999, -999, -999, -999
19480924, 1200,  , EX, 37.1N,  66.9W,  65, -999, -999, -999, -999, -999, -999, -999, -999, -999, -999, -999, -999, -999, -999
19480924, 1800,  , EX, 39.3N,  62.0W,  60, -999, -999, -999, -999, -999, -999, -999, -999, -999, -999, -999, -999, -999, -999
19480925, 0000,  , EX, 41.5N,  57.5W,  55, -999, -999, -999, -999, -999, -999, -999, -999, -999, -999, -999, -999, -999, -999
19480925, 0600,  , EX, 43.3N,  52.8W,  50, -999, -999, -999, -999, -999, -999, -999, -999, -999, -999, -999, -999, -999, -999
19480925, 1200,  , EX, 44.6N,  48.6W,  45, -999, -999, -999, -999, -999, -999, -999, -999, -999, -999, -999, -999, -999, -999
19480925, 1800,  , EX, 46.0N,  43.7W,  45, -999, -999, -999, -999, -999, -999, -999, -999, -999, -999, -999, -999, -999, -999
19480926, 0000,  , EX, 47.5N,  39.0W,  45, -999, -999, -999, -999, -999, -999, -999, -999, -999, -999, -999, -999, -999, -999
AL091948,            UNNAMED,     56,
19481003, 1200,  , TD, 16.7N,  83.5W,  30, -999, -999, -999, -999, -999, -999, -999, -999, -999, -999, -999, -999, -999, -999
19481003, 1800,  , TD, 17.4N,  84.3W,  30, -999, -999, -999, -999, -999, -999, -999, -999, -999, -999, -999, -999, -999, -999
19481004, 0000,  , TS, 18.1N,  84.7W,  35, -999, -999, -999, -999, -999, -999, -999, -999, -999, -999, -999, -999, -999, -999
19481004, 0600,  , TS, 18.8N,  85.0W,  45, -999, -999, -999, -999, -999, -999, -999, -999, -999, -999, -999, -999, -999, -999
19481004, 1200,  , TS, 19.5N,  85.2W,  55, -999, -999, -999, -999, -999, -999, -999, -999, -999, -999, -999, -999, -999, -999
19481004, 1800,  , HU, 20.2N,  85.0W,  70,  991, -999, -999, -999, -999, -999, -999, -999, -999, -999, -999, -999, -999, -999
19481005, 0000,  , HU, 21.2N,  84.2W,  90, -999, -999, -999, -999, -999, -999, -999, -999, -999, -999, -999, -999, -999, -999
19481005, 0600,  , HU, 22.3N,  83.3W, 110, -999, -999, -999, -999, -999, -999, -999, -999, -999, -999, -999, -999, -999, -999
19481005, 0700, L, HU, 22.4N,  83.2W, 110, -999, -999, -999, -999, -999, -999, -999, -999, -999, -999, -999, -999, -999, -999
19481005, 1200,  , HU, 23.5N,  82.3W, 105, -999, -999, -999, -999, -999, -999, -999, -999, -999, -999, -999, -999, -999, -999
19481005, 1800, L, HU, 24.7N,  81.2W,  90, -999, -999, -999, -999, -999, -999, -999, -999, -999, -999, -999, -999, -999, -999
19481005, 2000, L, HU, 25.1N,  80.9W,  90, -999, -999, -999, -999, -999, -999, -999, -999, -999, -999, -999, -999, -999,   15
19481006, 0000,  , HU, 25.8N,  80.2W,  80,  979, -999, -999, -999, -999, -999, -999, -999, -999, -999, -999, -999, -999, -999
19481006, 0600,  , HU, 26.8N,  79.2W,  85, -999, -999, -999, -999, -999, -999, -999, -999, -999, -999, -999, -999, -999, -999
19481006, 1200,  , HU, 27.7N,  77.9W,  85, -999, -999, -999, -999, -999, -999, -999, -999, -999, -999, -999, -999, -999, -999
19481006, 1800,  , HU, 28.7N,  76.4W,  85, -999, -999, -999, -999, -999, -999, -999, -999, -999, -999, -999, -999, -999, -999
19481007, 0000,  , HU, 29.7N,  74.7W,  85, -999, -999, -999, -999, -999, -999, -999, -999, -999, -999, -999, -999, -999, -999
19481007, 0600,  , HU, 30.7N,  72.8W,  85, -999, -999, -999, -999, -999, -999, -999, -999, -999, -999, -999, -999, -999, -999
19481007, 1200,  , HU, 31.4N,  70.0W,  90, -999, -999, -999, -999, -999, -999, -999, -999, -999, -999, -999, -999, -999, -999
19481007, 1800,  , HU, 31.9N,  67.0W,  90, -999, -999, -999, -999, -999, -999, -999, -999, -999, -999, -999, -999, -999, -999
19481007, 2200, L, HU, 32.3N,  64.9W,  90, -999, -999, -999, -999, -999, -999, -999, -999, -999, -999, -999, -999, -999, -999
19481008, 0000,  , HU, 32.4N,  63.6W,  90,  971, -999, -999, -999, -999, -999, -999, -999, -999, -999, -999, -999, -999, -999
19481008, 0600,  , HU, 32.5N,  60.1W,  80, -999, -999, -999, -999, -999, -999, -999, -999, -999, -999, -999, -999, -999, -999
19481008, 1200,  , HU, 32.4N,  56.6W,  75, -999, -999, -999, -999, -999, -999, -999, -999, -999, -999, -999, -999, -999, -999
19481008, 1800,  , HU, 32.1N,  53.2W,  70, -999, -999, -999, -999, -999, -999, -999, -999, -999, -999, -999, -999, -999, -999
19481009, 0000,  , HU, 31.8N,  51.0W,  65, -999, -999, -999, -999, -999, -999, -999, -999, -999, -999, -999, -999, -999, -999
19481009, 0600,  , TS, 31.4N,  49.2W,  60, -999, -999, -999, -999, -999, -999, -999, -999, -999, -999, -999, -999, -999, -999
19481009, 1200,  , TS, 31.0N,  47.5W,  55, -999, -999, -999, -999, -999, -999, -999, -999, -999, -999, -999, -999, -999, -999
19481009, 1800,  , TS, 31.0N,  45.8W,  55, -999, -999, -999, -999, -999, -999, -999, -999, -999, -999, -999, -999, -999, -999
19481010, 0000,  , TS, 31.2N,  44.1W,  50, -999, -999, -999, -999, -999, -999, -999, -999, -999, -999, -999, -999, -999, -999
19481010, 0600,  , TS, 31.5N,  42.4W,  50, -999, -999, -999, -999, -999, -999, -999, -999, -999, -999, -999, -999, -999, -999
19481010, 1200,  , TS, 31.8N,  41.0W,  45, -999, -999, -999, -999, -999, -999, -999, -999, -999, -999, -999, -999, -999, -999
19481010, 1800,  , TS, 31.8N,  40.0W,  50, -999, -999, -999, -999, -999, -999, -999, -999, -999, -999, -999, -999, -999, -999
19481011, 0000,  , TS, 32.0N,  39.3W,  50, -999, -999, -999, -999, -999, -999, -999, -999, -999, -999, -999, -999, -999, -999
19481011, 0600,  , TS, 31.8N,  38.7W,  50, -999, -999, -999, -999, -999, -999, -999, -999, -999, -999, -999, -999, -999, -999
19481011, 1200,  , TS, 31.5N,  38.2W,  45, -999, -999, -999, -999, -999, -999, -999, -999, -999, -999, -999, -999, -999, -999
19481011, 1800,  , TS, 31.0N,  38.0W,  45, -999, -999, -999, -999, -999, -999, -999, -999, -999, -999, -999, -999, -999, -999
19481012, 0000,  , TS, 30.6N,  38.2W,  45, -999, -999, -999, -999, -999, -999, -999, -999, -999, -999, -999, -999, -999, -999
19481012, 0600,  , TS, 30.3N,  38.5W,  45, -999, -999, -999, -999, -999, -999, -999, -999, -999, -999, -999, -999, -999, -999
19481012, 1200,  , TS, 30.2N,  39.0W,  45, -999, -999, -999, -999, -999, -999, -999, -999, -999, -999, -999, -999, -999, -999
19481012, 1800,  , TS, 30.2N,  39.6W,  40, -999, -999, -999, -999, -999, -999, -999, -999, -999, -999, -999, -999, -999, -999
19481013, 0000,  , TS, 30.3N,  40.3W,  40, -999, -999, -999, -999, -999, -999, -999, -999, -999, -999, -999, -999, -999, -999
19481013, 0600,  , TS, 30.5N,  40.7W,  35, -999, -999, -999, -999, -999, -999, -999, -999, -999, -999, -999, -999, -999, -999
19481013, 1200,  , TS, 30.8N,  41.3W,  35, -999, -999, -999, -999, -999, -999, -999, -999, -999, -999, -999, -999, -999, -999
19481013, 1800,  , TS, 31.2N,  42.6W,  40, -999, -999, -999, -999, -999, -999, -999, -999, -999, -999, -999, -999, -999, -999
19481014, 0000,  , TS, 31.6N,  43.9W,  45, -999, -999, -999, -999, -999, -999, -999, -999, -999, -999, -999, -999, -999, -999
19481014, 0600,  , TS, 32.1N,  45.2W,  50, -999, -999, -999, -999, -999, -999, -999, -999, -999, -999, -999, -999, -999, -999
19481014, 1200,  , TS, 32.6N,  46.4W,  55, -999, -999, -999, -999, -999, -999, -999, -999, -999, -999, -999, -999, -999, -999
19481014, 1800,  , TS, 33.4N,  47.0W,  60, -999, -999, -999, -999, -999, -999, -999, -999, -999, -999, -999, -999, -999, -999
19481015, 0000,  , TS, 34.4N,  47.5W,  60,  989, -999, -999, -999, -999, -999, -999, -999, -999, -999, -999, -999, -999, -999
19481015, 0600,  , TS, 35.4N,  47.8W,  55, -999, -999, -999, -999, -999, -999, -999, -999, -999, -999, -999, -999, -999, -999
19481015, 1200,  , TS, 36.4N,  47.7W,  55, -999, -999, -999, -999, -999, -999, -999, -999, -999, -999, -999, -999, -999, -999
19481015, 1800,  , TS, 38.0N,  47.9W,  50, -999, -999, -999, -999, -999, -999, -999, -999, -999, -999, -999, -999, -999, -999
19481016, 0000,  , TS, 40.7N,  46.6W,  50, -999, -999, -999, -999, -999, -999, -999, -999, -999, -999, -999, -999, -999, -999
19481016, 0600,  , EX, 43.7N,  43.0W,  45, -999, -999, -999, -999, -999, -999, -999, -999, -999, -999, -999, -999, -999, -999
19481016, 1200,  , EX, 46.5N,  37.5W,  40, -999, -999, -999, -999, -999, -999, -999, -999, -999, -999, -999, -999, -999, -999
AL101948,            UNNAMED,     11,
19481108, 1800,  , TS, 25.8N,  66.0W,  45, -999, -999, -999, -999, -999, -999, -999, -999, -999, -999, -999, -999, -999, -999
19481109, 0000,  , TS, 26.2N,  67.8W,  50,  996, -999, -999, -999, -999, -999, -999, -999, -999, -999, -999, -999, -999, -999
19481109, 0600,  , TS, 26.6N,  69.5W,  50, -999, -999, -999, -999, -999, -999, -999, -999, -999, -999, -999, -999, -999, -999
19481109, 1200,  , TS, 27.1N,  71.2W,  55, -999, -999, -999, -999, -999, -999, -999, -999, -999, -999, -999, -999, -999, -999
19481109, 1800,  , TS, 27.8N,  72.8W,  60,  994, -999, -999, -999, -999, -999, -999, -999, -999, -999, -999, -999, -999, -999
19481110, 0000,  , HU, 28.9N,  73.9W,  65,  990, -999, -999, -999, -999, -999, -999, -999, -999, -999, -999, -999, -999, -999
19481110, 0600,  , HU, 30.1N,  74.4W,  65, -999, -999, -999, -999, -999, -999, -999, -999, -999, -999, -999, -999, -999, -999
19481110, 1200,  , HU, 31.4N,  74.8W,  65, -999, -999, -999, -999, -999, -999, -999, -999, -999, -999, -999, -999, -999, -999
19481110, 1800,  , TS, 33.6N,  75.0W,  60, -999, -999, -999, -999, -999, -999, -999, -999, -999, -999, -999, -999, -999, -999
19481111, 0000,  , TS, 35.7N,  73.9W,  55,  994, -999, -999, -999, -999, -999, -999, -999, -999, -999, -999, -999, -999, -999
19481111, 0600,  , EX, 36.8N,  72.5W,  40, -999, -999, -999, -999, -999, -999, -999, -999, -999, -999, -999, -999, -999, -999
