AL011975,            UNNAMED,     21,
19750624, 1200,  , TD, 32.5N,  52.0W,  20, -999, -999, -999, -999, -999, -999, -999, -999, -999, -999, -999, -999, -999, -999
19750624, 1800,  , TD, 32.6N,  52.6W,  25, -999, -999, -999, -999, -999, -999, -999, -999, -999, -999, -999, -999, -999, -999
19750625, 0000,  , TD, 32.7N,  53.2W,  25, -999, -999, -999, -999, -999, -999, -999, -999, -999, -999, -999, -999, -999, -999
19750625, 0600,  , TD, 32.8N,  53.2W,  25, -999, -999, -999, -999, -999, -999, -999, -999, -999, -999, -999, -999, -999, -999
19750625, 1200,  , TD, 33.0N,  54.5W,  25, -999, -999, -999, -999, -999, -999, -999, -999, -999, -999, -999, -999, -999, -999
19750625, 1800,  , TD, 33.0N,  55.1W,  30, -999, -999, -999, -999, -999, -999, -999, -999, -999, -999, -999, -999, -999, -999
19750626, 0000,  , TD, 33.0N,  55.7W,  30, -999, -999, -999, -999, -999, -999, -999, -999, -999, -999, -999, -999, -999, -999
19750626, 0600,  , TD, 33.0N,  56.3W,  30, -999, -999, -999, -999, -999, -999, -999, -999, -999, -999, -999, -999, -999, -999
19750626, 1200,  , TD, 33.0N,  57.0W,  30, -999, -999, -999, -999, -999, -999, -999, -999, -999, -999, -999, -999, -999, -999
19750626, 1800,  , TD, 32.6N,  57.4W,  30, -999, -999, -999, -999, -999, -999, -999, -999, -999, -999, -999, -999, -999, -999
19750627, 0000,  , TD, 32.2N,  57.8W,  25, -999, -999, -999, -999, -999, -999, -999, -999, -999, -999, -999, -999, -999, -999
19750627, 0600,  , TD, 31.9N,  58.1W,  25, -999, -999, -999, -999, -999, -999, -999, -999, -999, -999, -999, -999, -999, -999
19750627, 1200,  , TD, 31.5N,  58.5W,  25, -999, -999, -999, -999, -999, -999, -999, -999, -999, -999, -999, -999, -999, -999
19750627, 1800,  , TD, 32.5N,  57.8W,  25, -999, -999, -999, -999, -999, -999, -999, -999, -999, -999, -999, -999, -999, -999
19750628, 0000,  , TD, 33.5N,  57.0W,  25, -999, -999, -999, -999, -999, -999, -999, -999, -999, -999, -999, -999, -999, -999
19750628, 0600,  , TD, 34.5N,  56.3W,  30, -999, -999, -999, -999, -999, -999, -999, -999, -999, -999, -999, -999, -999, -999
19750628, 1200,  , TD, 35.5N,  55.5W,  30, -999, -999, -999, -999, -999, -999, -999, -999, -999, -999, -999, -999, -999, -999
19750628, 1800,  , TD, 36.7N,  55.8W,  30, -999, -999, -999, -999, -999, -999, -999, -999, -999, -999, -999, -999, -999, -999
19750629, 0000,  , TD, 37.8N,  56.2W,  25, -999, -999, -999, -999, -999, -999, -999, -999, -999, -999, -999, -999, -999, -999
19750629, 0600,  , TD, 38.9N,  56.6W,  25, -999, -999, -999, -999, -999, -999, -999, -999, -999, -999, -999, -999, -999, -999
19750629, 1200,  , TD, 40.0N,  57.0W,  20, -999, -999, -999, -999, -999, -999, -999, -999, -999, -999, -999, -999, -999, -999
AL021975,                AMY,     31,
19750627, 0000,  , TD, 27.5N,  79.0W,  25, 1013, -999, -999, -999, -999, -999, -999, -999, -999, -999, -999, -999, -999, -999
19750627, 0600,  , TD, 28.5N,  79.0W,  25, 1013, -999, -999, -999, -999, -999, -999, -999, -999, -999, -999, -999, -999, -999
19750627, 1200,  , TD, 29.5N,  79.0W,  25, 1013, -999, -999, -999, -999, -999, -999, -999, -999, -999, -999, -999, -999, -999
19750627, 1800,  , TD, 30.5N,  79.0W,  25, 1013, -999, -999, -999, -999, -999, -999, -999, -999, -999, -999, -999, -999, -999
19750628, 0000,  , TD, 31.5N,  78.8W,  25, 1012, -999, -999, -999, -999, -999, -999, -999, -999, -999, -999, -999, -999, -999
19750628, 0600,  , TD, 32.4N,  78.7W,  25, 1012, -999, -999, -999, -999, -999, -999, -999, -999, -999, -999, -999, -999, -999
19750628, 1200,  , TD, 33.3N,  78.0W,  25, 1011, -999, -999, -999, -999, -999, -999, -999, -999, -999, -999, -999, -999, -999
19750628, 1800,  , TD, 34.0N,  77.0W,  30, 1006, -999, -999, -999, -999, -999, -999, -999, -999, -999, -999, -999, -999, -999
19750629, 0000,  , TS, 34.4N,  75.8W,  35, 1004, -999, -999, -999, -999, -999, -999, -999, -999, -999, -999, -999, -999, -999
19750629, 0600,  , TS, 34.0N,  74.8W,  40, 1002, -999, -999, -999, -999, -999, -999, -999, -999, -999, -999, -999, -999, -999
19750629, 1200,  , TS, 33.8N,  73.8W,  45, 1000, -999, -999, -999, -999, -999, -999, -999, -999, -999, -999, -999, -999, -999
19750629, 1800,  , TS, 33.8N,  72.8W,  50,  998, -999, -999, -999, -999, -999, -999, -999, -999, -999, -999, -999, -999, -999
19750630, 0000,  , TS, 34.3N,  71.6W,  50,  998, -999, -999, -999, -999, -999, -999, -999, -999, -999, -999, -999, -999, -999
19750630, 0600,  , TS, 35.6N,  70.8W,  55,  998, -999, -999, -999, -999, -999, -999, -999, -999, -999, -999, -999, -999, -999
19750630, 1200,  , TS, 35.9N,  70.5W,  60,  987, -999, -999, -999, -999, -999, -999, -999, -999, -999, -999, -999, -999, -999
19750630, 1800,  , TS, 36.2N,  70.2W,  60,  987, -999, -999, -999, -999, -999, -999, -999, -999, -999, -999, -999, -999, -999
19750701, 0000,  , TS, 36.2N,  69.8W,  60,  984, -999, -999, -999, -999, -999, -999, -999, -999, -999, -999, -999, -999, -999
19750701, 0600,  , TS, 36.2N,  69.4W,  60,  984, -999, -999, -999, -999, -999, -999, -999, -999, -999, -999, -999, -999, -999
19750701, 1200,  , TS, 36.2N,  68.3W,  60,  984, -999, -999, -999, -999, -999, -999, -999, -999, -999, -999, -999, -999, -999
19750701, 1800,  , TS, 36.7N,  67.2W,  60,  984, -999, -999, -999, -999, -999, -999, -999, -999, -999, -999, -999, -999, -999
19750702, 0000,  , TS, 37.4N,  66.7W,  60,  984, -999, -999, -999, -999, -999, -999, -999, -999, -999, -999, -999, -999, -999
19750702, 0600,  , TS, 37.3N,  65.9W,  60,  984, -999, -999, -999, -999, -999, -999, -999, -999, -999, -999, -999, -999, -999
19750702, 1200,  , TS, 37.3N,  65.1W,  60,  981, -999, -999, -999, -999, -999, -999, -999, -999, -999, -999, -999, -999, -999
19750702, 1800,  , TS, 37.3N,  64.1W,  60,  986, -999, -999, -999, -999, -999, -999, -999, -999, -999, -999, -999, -999, -999
19750703, 0000,  , TS, 37.7N,  62.8W,  55,  986, -999, -999, -999, -999, -999, -999, -999, -999, -999, -999, -999, -999, -999
19750703, 0600,  , TS, 38.2N,  61.2W,  55,  986, -999, -999, -999, -999, -999, -999, -999, -999, -999, -999, -999, -999, -999
19750703, 1200,  , TS, 39.3N,  59.6W,  55,  986, -999, -999, -999, -999, -999, -999, -999, -999, -999, -999, -999, -999, -999
19750703, 1800,  , TS, 40.5N,  58.0W,  50,  986, -999, -999, -999, -999, -999, -999, -999, -999, -999, -999, -999, -999, -999
19750704, 0000,  , TS, 42.5N,  54.8W,  50,  986, -999, -999, -999, -999, -999, -999, -999, -999, -999, -999, -999, -999, -999
19750704, 0600,  , TS, 44.5N,  51.6W,  50,  986, -999, -999, -999, -999, -999, -999, -999, -999, -999, -999, -999, -999, -999
19750704, 1200,  , EX, 47.0N,  48.0W,  45,  995, -999, -999, -999, -999, -999, -999, -999, -999, -999, -999, -999, -999, -999
AL031975,            UNNAMED,      5,
19750704, 1200,  , TD, 30.0N,  73.0W,  25, -999, -999, -999, -999, -999, -999, -999, -999, -999, -999, -999, -999, -999, -999
19750704, 1800,  , TD, 31.1N,  71.9W,  25, -999, -999, -999, -999, -999, -999, -999, -999, -999, -999, -999, -999, -999, -999
19750705, 0000,  , TD, 32.2N,  70.8W,  25, -999, -999, -999, -999, -999, -999, -999, -999, -999, -999, -999, -999, -999, -999
19750705, 0600,  , TD, 33.3N,  69.6W,  25, -999, -999, -999, -999, -999, -999, -999, -999, -999, -999, -999, -999, -999, -999
19750705, 1200,  , TD, 34.5N,  68.5W,  20, -999, -999, -999, -999, -999, -999, -999, -999, -999, -999, -999, -999, -999, -999
AL041975,            BLANCHE,     20,
19750724, 0000,  , TD, 26.0N,  68.4W,  20, 1014, -999, -999, -999, -999, -999, -999, -999, -999, -999, -999, -999, -999, -999
19750724, 0600,  , TD, 26.0N,  69.5W,  20, 1014, -999, -999, -999, -999, -999, -999, -999, -999, -999, -999, -999, -999, -999
19750724, 1200,  , TD, 26.1N,  70.5W,  25, 1014, -999, -999, -999, -999, -999, -999, -999, -999, -999, -999, -999, -999, -999
19750724, 1800,  , TD, 26.5N,  71.5W,  30, 1013, -999, -999, -999, -999, -999, -999, -999, -999, -999, -999, -999, -999, -999
19750725, 0000,  , TD, 27.2N,  72.5W,  30, 1012, -999, -999, -999, -999, -999, -999, -999, -999, -999, -999, -999, -999, -999
19750725, 0600,  , TD, 28.0N,  73.6W,  30, 1010, -999, -999, -999, -999, -999, -999, -999, -999, -999, -999, -999, -999, -999
19750725, 1200,  , TD, 28.9N,  74.3W,  30, 1007, -999, -999, -999, -999, -999, -999, -999, -999, -999, -999, -999, -999, -999
19750725, 1800,  , TD, 29.9N,  74.9W,  30, 1006, -999, -999, -999, -999, -999, -999, -999, -999, -999, -999, -999, -999, -999
19750726, 0000,  , TD, 31.0N,  75.0W,  30, 1005, -999, -999, -999, -999, -999, -999, -999, -999, -999, -999, -999, -999, -999
19750726, 0600,  , TS, 32.2N,  74.6W,  35, 1004, -999, -999, -999, -999, -999, -999, -999, -999, -999, -999, -999, -999, -999
19750726, 1200,  , TS, 33.4N,  73.5W,  35, 1003, -999, -999, -999, -999, -999, -999, -999, -999, -999, -999, -999, -999, -999
19750726, 1800,  , TS, 34.2N,  72.2W,  50,  998, -999, -999, -999, -999, -999, -999, -999, -999, -999, -999, -999, -999, -999
19750727, 0000,  , TS, 35.0N,  71.0W,  60,  992, -999, -999, -999, -999, -999, -999, -999, -999, -999, -999, -999, -999, -999
19750727, 0600,  , HU, 35.9N,  70.0W,  65,  987, -999, -999, -999, -999, -999, -999, -999, -999, -999, -999, -999, -999, -999
19750727, 1200,  , HU, 36.9N,  69.0W,  70,  984, -999, -999, -999, -999, -999, -999, -999, -999, -999, -999, -999, -999, -999
19750727, 1800,  , HU, 37.9N,  68.0W,  75,  981, -999, -999, -999, -999, -999, -999, -999, -999, -999, -999, -999, -999, -999
19750728, 0000,  , HU, 39.3N,  67.2W,  75,  980, -999, -999, -999, -999, -999, -999, -999, -999, -999, -999, -999, -999, -999
19750728, 0600,  , HU, 41.2N,  66.4W,  70,  980, -999, -999, -999, -999, -999, -999, -999, -999, -999, -999, -999, -999, -999
19750728, 1200,  , EX, 44.0N,  65.2W,  60,  988, -999, -999, -999, -999, -999, -999, -999, -999, -999, -999, -999, -999, -999
19750728, 1800,  , EX, 47.2N,  62.4W,  60,  992, -999, -999, -999, -999, -999, -999, -999, -999, -999, -999, -999, -999, -999
AL051975,            UNNAMED,      7,
19750725, 0600,  , TD, 21.0N,  92.5W,  20, -999, -999, -999, -999, -999, -999, -999, -999, -999, -999, -999, -999, -999, -999
19750725, 1200,  , TD, 21.0N,  93.0W,  25, -999, -999, -999, -999, -999, -999, -999, -999, -999, -999, -999, -999, -999, -999
19750725, 1800,  , TD, 21.1N,  93.5W,  25, -999, -999, -999, -999, -999, -999, -999, -999, -999, -999, -999, -999, -999, -999
19750726, 0000,  , TD, 21.2N,  93.5W,  25, -999, -999, -999, -999, -999, -999, -999, -999, -999, -999, -999, -999, -999, -999
19750726, 0600,  , TD, 21.3N,  95.5W,  25, -999, -999, -999, -999, -999, -999, -999, -999, -999, -999, -999, -999, -999, -999
19750726, 1200,  , TD, 21.5N,  97.0W,  25, -999, -999, -999, -999, -999, -999, -999, -999, -999, -999, -999, -999, -999, -999
19750726, 1800,  , TD, 21.7N,  98.5W, -99, -999, -999, -999, -999, -999, -999, -999, -999, -999, -999, -999, -999, -999, -999
AL061975,            UNNAMED,      9,
19750728, 1200,  , TD, 29.0N,  86.0W,  20, -999, -999, -999, -999, -999, -999, -999, -999, -999, -999, -999, -999, -999, -999
19750728, 1800,  , TD, 29.1N,  86.8W,  25, -999, -999, -999, -999, -999, -999, -999, -999, -999, -999, -999, -999, -999, -999
19750729, 0000,  , TD, 29.2N,  87.5W,  30, -999, -999, -999, -999, -999, -999, -999, -999, -999, -999, -999, -999, -999, -999
19750729, 0600,  , TD, 29.3N,  88.3W,  30, -999, -999, -999, -999, -999, -999, -999, -999, -999, -999, -999, -999, -999, -999
19750729, 1200,  , TD, 29.5N,  89.0W,  30, -999, -999, -999, -999, -999, -999, -999, -999, -999, -999, -999, -999, -999, -999
19750729, 1800,  , TD, 29.8N,  89.5W,  25, -999, -999, -999, -999, -999, -999, -999, -999, -999, -999, -999, -999, -999, -999
19750730, 0000,  , TD, 30.2N,  90.0W,  25, -999, -999, -999, -999, -999, -999, -999, -999, -999, -999, -999, -999, -999, -999
19750730, 0600,  , TD, 30.6N,  90.5W,  25, -999, -999, -999, -999, -999, -999, -999, -999, -999, -999, -999, -999, -999, -999
19750730, 1200,  , TD, 31.0N,  91.0W, -99, -999, -999, -999, -999, -999, -999, -999, -999, -999, -999, -999, -999, -999, -999
AL071975,           CAROLINE,     33,
19750824, 1200,  , TD, 22.4N,  69.8W,  25, 1011, -999, -999, -999, -999, -999, -999, -999, -999, -999, -999, -999, -999, -999
19750824, 1800,  , TD, 21.9N,  71.1W,  25, 1011, -999, -999, -999, -999, -999, -999, -999, -999, -999, -999, -999, -999, -999
19750825, 0000,  , TD, 21.6N,  72.5W,  25, 1010, -999, -999, -999, -999, -999, -999, -999, -999, -999, -999, -999, -999, -999
19750825, 0600,  , TD, 21.2N,  73.8W,  25, 1010, -999, -999, -999, -999, -999, -999, -999, -999, -999, -999, -999, -999, -999
19750825, 1200,  , TD, 20.9N,  75.1W,  25, 1011, -999, -999, -999, -999, -999, -999, -999, -999, -999, -999, -999, -999, -999
19750825, 1800,  , TD, 20.6N,  76.4W,  25, 1011, -999, -999, -999, -999, -999, -999, -999, -999, -999, -999, -999, -999, -999
19750826, 0000,  , TD, 20.4N,  77.7W,  25, 1011, -999, -999, -999, -999, -999, -999, -999, -999, -999, -999, -999, -999, -999
19750826, 0600,  , TD, 20.3N,  79.0W,  25, 1011, -999, -999, -999, -999, -999, -999, -999, -999, -999, -999, -999, -999, -999
19750826, 1200,  , TD, 20.2N,  80.3W,  25, 1012, -999, -999, -999, -999, -999, -999, -999, -999, -999, -999, -999, -999, -999
19750826, 1800,  , TD, 20.2N,  81.6W,  25, 1012, -999, -999, -999, -999, -999, -999, -999, -999, -999, -999, -999, -999, -999
19750827, 0000,  , TD, 20.4N,  82.8W,  25, 1013, -999, -999, -999, -999, -999, -999, -999, -999, -999, -999, -999, -999, -999
19750827, 0600,  , TD, 20.8N,  84.0W,  25, 1013, -999, -999, -999, -999, -999, -999, -999, -999, -999, -999, -999, -999, -999
19750827, 1200,  , TD, 21.1N,  85.1W,  25, 1014, -999, -999, -999, -999, -999, -999, -999, -999, -999, -999, -999, -999, -999
19750827, 1800,  , TD, 21.5N,  86.3W,  25, 1014, -999, -999, -999, -999, -999, -999, -999, -999, -999, -999, -999, -999, -999
19750828, 0000,  , TD, 22.0N,  87.5W,  25, 1014, -999, -999, -999, -999, -999, -999, -999, -999, -999, -999, -999, -999, -999
19750828, 0600,  , TD, 22.4N,  88.8W,  25, 1014, -999, -999, -999, -999, -999, -999, -999, -999, -999, -999, -999, -999, -999
19750828, 1200,  , TD, 22.8N,  90.1W,  25, 1013, -999, -999, -999, -999, -999, -999, -999, -999, -999, -999, -999, -999, -999
19750828, 1800,  , TD, 22.9N,  91.0W,  25, 1010, -999, -999, -999, -999, -999, -999, -999, -999, -999, -999, -999, -999, -999
19750829, 0000,  , TD, 23.0N,  91.9W,  30, 1007, -999, -999, -999, -999, -999, -999, -999, -999, -999, -999, -999, -999, -999
19750829, 0600,  , TS, 23.1N,  92.6W,  35, 1003, -999, -999, -999, -999, -999, -999, -999, -999, -999, -999, -999, -999, -999
19750829, 1200,  , TS, 23.2N,  93.2W,  40,  999, -999, -999, -999, -999, -999, -999, -999, -999, -999, -999, -999, -999, -999
19750829, 1800,  , TS, 23.2N,  93.6W,  50,  994, -999, -999, -999, -999, -999, -999, -999, -999, -999, -999, -999, -999, -999
19750830, 0000,  , HU, 23.3N,  94.2W,  65,  990, -999, -999, -999, -999, -999, -999, -999, -999, -999, -999, -999, -999, -999
19750830, 0600,  , HU, 23.5N,  94.9W,  65,  990, -999, -999, -999, -999, -999, -999, -999, -999, -999, -999, -999, -999, -999
19750830, 1200,  , HU, 23.7N,  95.6W,  65,  989, -999, -999, -999, -999, -999, -999, -999, -999, -999, -999, -999, -999, -999
19750830, 1800,  , HU, 23.8N,  96.3W,  70,  987, -999, -999, -999, -999, -999, -999, -999, -999, -999, -999, -999, -999, -999
19750831, 0000,  , HU, 24.0N,  97.0W, 100,  973, -999, -999, -999, -999, -999, -999, -999, -999, -999, -999, -999, -999, -999
19750831, 0600,  , HU, 24.1N,  97.5W, 100,  963, -999, -999, -999, -999, -999, -999, -999, -999, -999, -999, -999, -999, -999
19750831, 1200,  , HU, 24.3N,  97.8W,  90,  963, -999, -999, -999, -999, -999, -999, -999, -999, -999, -999, -999, -999, -999
19750831, 1800,  , TS, 24.8N,  98.0W,  55,  993, -999, -999, -999, -999, -999, -999, -999, -999, -999, -999, -999, -999, -999
19750901, 0000,  , TD, 25.1N,  98.3W,  30, 1000, -999, -999, -999, -999, -999, -999, -999, -999, -999, -999, -999, -999, -999
19750901, 0600,  , TD, 25.2N,  98.7W,  20, 1002, -999, -999, -999, -999, -999, -999, -999, -999, -999, -999, -999, -999, -999
19750901, 1200,  , TD, 25.3N,  99.0W,  20, 1002, -999, -999, -999, -999, -999, -999, -999, -999, -999, -999, -999, -999, -999
AL081975,              DORIS,     29,
19750828, 1200,  , SS, 33.3N,  46.3W,  35, 1005, -999, -999, -999, -999, -999, -999, -999, -999, -999, -999, -999, -999, -999
19750828, 1800,  , SS, 33.6N,  47.5W,  40, 1005, -999, -999, -999, -999, -999, -999, -999, -999, -999, -999, -999, -999, -999
19750829, 0000,  , SS, 34.5N,  48.1W,  40, 1005, -999, -999, -999, -999, -999, -999, -999, -999, -999, -999, -999, -999, -999
19750829, 0600,  , SS, 34.7N,  48.5W,  45, 1005, -999, -999, -999, -999, -999, -999, -999, -999, -999, -999, -999, -999, -999
19750829, 1200,  , TS, 34.9N,  48.9W,  45, 1005, -999, -999, -999, -999, -999, -999, -999, -999, -999, -999, -999, -999, -999
19750829, 1800,  , TS, 35.2N,  49.1W,  50, 1000, -999, -999, -999, -999, -999, -999, -999, -999, -999, -999, -999, -999, -999
19750830, 0000,  , TS, 35.3N,  48.9W,  55,  997, -999, -999, -999, -999, -999, -999, -999, -999, -999, -999, -999, -999, -999
19750830, 0600,  , TS, 35.3N,  48.5W,  55,  997, -999, -999, -999, -999, -999, -999, -999, -999, -999, -999, -999, -999, -999
19750830, 1200,  , TS, 35.3N,  48.0W,  55,  997, -999, -999, -999, -999, -999, -999, -999, -999, -999, -999, -999, -999, -999
19750830, 1800,  , TS, 35.0N,  47.1W,  55,  997, -999, -999, -999, -999, -999, -999, -999, -999, -999, -999, -999, -999, -999
19750831, 0000,  , HU, 34.9N,  46.3W,  65,  990, -999, -999, -999, -999, -999, -999, -999, -999, -999, -999, -999, -999, -999
19750831, 0600,  , HU, 34.8N,  45.7W,  65,  990, -999, -999, -999, -999, -999, -999, -999, -999, -999, -999, -999, -999, -999
19750831, 1200,  , HU, 34.7N,  45.2W,  70,  990, -999, -999, -999, -999, -999, -999, -999, -999, -999, -999, -999, -999, -999
19750831, 1800,  , HU, 34.6N,  44.9W,  70,  990, -999, -999, -999, -999, -999, -999, -999, -999, -999, -999, -999, -999, -999
19750901, 0000,  , HU, 34.5N,  44.6W,  75,  984, -999, -999, -999, -999, -999, -999, -999, -999, -999, -999, -999, -999, -999
19750901, 0600,  , HU, 34.6N,  44.2W,  75,  984, -999, -999, -999, -999, -999, -999, -999, -999, -999, -999, -999, -999, -999
19750901, 1200,  , HU, 34.9N,  44.0W,  75,  984, -999, -999, -999, -999, -999, -999, -999, -999, -999, -999, -999, -999, -999
19750901, 1800,  , HU, 35.4N,  44.0W,  75,  984, -999, -999, -999, -999, -999, -999, -999, -999, -999, -999, -999, -999, -999
19750902, 0000,  , HU, 35.8N,  44.4W,  90,  970, -999, -999, -999, -999, -999, -999, -999, -999, -999, -999, -999, -999, -999
19750902, 0600,  , HU, 36.4N,  44.5W,  95,  965, -999, -999, -999, -999, -999, -999, -999, -999, -999, -999, -999, -999, -999
19750902, 1200,  , HU, 37.0N,  44.3W,  95,  965, -999, -999, -999, -999, -999, -999, -999, -999, -999, -999, -999, -999, -999
19750902, 1800,  , HU, 37.7N,  44.2W,  95,  965, -999, -999, -999, -999, -999, -999, -999, -999, -999, -999, -999, -999, -999
19750903, 0000,  , HU, 38.4N,  43.8W,  95,  965, -999, -999, -999, -999, -999, -999, -999, -999, -999, -999, -999, -999, -999
19750903, 0600,  , HU, 39.7N,  43.6W,  95,  965, -999, -999, -999, -999, -999, -999, -999, -999, -999, -999, -999, -999, -999
19750903, 1200,  , HU, 41.1N,  43.0W,  95,  965, -999, -999, -999, -999, -999, -999, -999, -999, -999, -999, -999, -999, -999
19750903, 1800,  , HU, 42.0N,  42.5W,  90,  970, -999, -999, -999, -999, -999, -999, -999, -999, -999, -999, -999, -999, -999
19750904, 0000,  , TS, 42.8N,  42.0W,  60,  995, -999, -999, -999, -999, -999, -999, -999, -999, -999, -999, -999, -999, -999
19750904, 0600,  , EX, 43.2N,  41.4W,  45, 1005, -999, -999, -999, -999, -999, -999, -999, -999, -999, -999, -999, -999, -999
19750904, 1200,  , EX, 43.5N,  40.7W,  45, 1005, -999, -999, -999, -999, -999, -999, -999, -999, -999, -999, -999, -999, -999
AL091975,            UNNAMED,     24,
19750903, 1200,  , TD, 13.5N,  24.0W,  20, -999, -999, -999, -999, -999, -999, -999, -999, -999, -999, -999, -999, -999, -999
19750903, 1800,  , TD, 13.8N,  25.2W,  25, -999, -999, -999, -999, -999, -999, -999, -999, -999, -999, -999, -999, -999, -999
19750904, 0000,  , TD, 14.2N,  26.5W,  25, -999, -999, -999, -999, -999, -999, -999, -999, -999, -999, -999, -999, -999, -999
19750904, 0600,  , TD, 14.6N,  27.8W,  30, -999, -999, -999, -999, -999, -999, -999, -999, -999, -999, -999, -999, -999, -999
19750904, 1200,  , TD, 15.0N,  29.0W,  30, -999, -999, -999, -999, -999, -999, -999, -999, -999, -999, -999, -999, -999, -999
19750904, 1800,  , TD, 15.4N,  30.2W,  30, -999, -999, -999, -999, -999, -999, -999, -999, -999, -999, -999, -999, -999, -999
19750905, 0000,  , TD, 15.8N,  31.5W,  30, -999, -999, -999, -999, -999, -999, -999, -999, -999, -999, -999, -999, -999, -999
19750905, 0600,  , TD, 16.2N,  32.8W,  30, -999, -999, -999, -999, -999, -999, -999, -999, -999, -999, -999, -999, -999, -999
19750905, 1200,  , TD, 16.5N,  34.0W,  30, -999, -999, -999, -999, -999, -999, -999, -999, -999, -999, -999, -999, -999, -999
19750905, 1800,  , TD, 16.7N,  35.5W,  30, -999, -999, -999, -999, -999, -999, -999, -999, -999, -999, -999, -999, -999, -999
19750906, 0000,  , TD, 16.8N,  37.0W,  30, -999, -999, -999, -999, -999, -999, -999, -999, -999, -999, -999, -999, -999, -999
19750906, 0600,  , TD, 16.9N,  38.5W,  30, -999, -999, -999, -999, -999, -999, -999, -999, -999, -999, -999, -999, -999, -999
19750906, 1200,  , TD, 17.0N,  40.0W,  30, -999, -999, -999, -999, -999, -999, -999, -999, -999, -999, -999, -999, -999, -999
19750906, 1800,  , TD, 16.9N,  41.5W,  30, -999, -999, -999, -999, -999, -999, -999, -999, -999, -999, -999, -999, -999, -999
19750907, 0000,  , TD, 16.7N,  43.0W,  30, -999, -999, -999, -999, -999, -999, -999, -999, -999, -999, -999, -999, -999, -999
19750907, 0600,  , TD, 16.6N,  44.5W,  30, -999, -999, -999, -999, -999, -999, -999, -999, -999, -999, -999, -999, -999, -999
19750907, 1200,  , TD, 16.5N,  46.0W,  30, -999, -999, -999, -999, -999, -999, -999, -999, -999, -999, -999, -999, -999, -999
19750907, 1800,  , TD, 16.2N,  47.6W,  30, -999, -999, -999, -999, -999, -999, -999, -999, -999, -999, -999, -999, -999, -999
19750908, 0000,  , TD, 16.0N,  49.8W,  25, -999, -999, -999, -999, -999, -999, -999, -999, -999, -999, -999, -999, -999, -999
19750908, 0600,  , TD, 15.7N,  51.6W,  25, -999, -999, -999, -999, -999, -999, -999, -999, -999, -999, -999, -999, -999, -999
19750908, 1200,  , TD, 15.5N,  53.5W,  25, -999, -999, -999, -999, -999, -999, -999, -999, -999, -999, -999, -999, -999, -999
19750908, 1800,  , TD, 15.5N,  54.0W,  25, -999, -999, -999, -999, -999, -999, -999, -999, -999, -999, -999, -999, -999, -999
19750909, 0000,  , TD, 15.5N,  56.5W,  20, -999, -999, -999, -999, -999, -999, -999, -999, -999, -999, -999, -999, -999, -999
19750909, 0600,  , TD, 15.5N,  58.0W,  20, -999, -999, -999, -999, -999, -999, -999, -999, -999, -999, -999, -999, -999, -999
AL101975,            UNNAMED,     13,
19750903, 1200,  , TD, 11.5N,  17.5W,  20, -999, -999, -999, -999, -999, -999, -999, -999, -999, -999, -999, -999, -999, -999
19750903, 1800,  , TD, 11.5N,  18.5W,  25, -999, -999, -999, -999, -999, -999, -999, -999, -999, -999, -999, -999, -999, -999
19750904, 0000,  , TD, 11.5N,  19.5W,  25, -999, -999, -999, -999, -999, -999, -999, -999, -999, -999, -999, -999, -999, -999
19750904, 0600,  , TD, 11.5N,  20.5W,  25, -999, -999, -999, -999, -999, -999, -999, -999, -999, -999, -999, -999, -999, -999
19750904, 1200,  , TD, 11.5N,  21.5W,  30, -999, -999, -999, -999, -999, -999, -999, -999, -999, -999, -999, -999, -999, -999
19750904, 1800,  , TD, 11.6N,  22.4W,  30, -999, -999, -999, -999, -999, -999, -999, -999, -999, -999, -999, -999, -999, -999
19750905, 0000,  , TD, 11.7N,  23.3W,  30, -999, -999, -999, -999, -999, -999, -999, -999, -999, -999, -999, -999, -999, -999
19750905, 0600,  , TD, 11.8N,  24.1W,  30, -999, -999, -999, -999, -999, -999, -999, -999, -999, -999, -999, -999, -999, -999
19750905, 1200,  , TD, 12.0N,  25.0W,  25, -999, -999, -999, -999, -999, -999, -999, -999, -999, -999, -999, -999, -999, -999
19750905, 1800,  , TD, 12.1N,  25.8W,  25, -999, -999, -999, -999, -999, -999, -999, -999, -999, -999, -999, -999, -999, -999
19750906, 0000,  , TD, 12.2N,  26.5W,  25, -999, -999, -999, -999, -999, -999, -999, -999, -999, -999, -999, -999, -999, -999
19750906, 0600,  , TD, 12.3N,  27.2W,  20, -999, -999, -999, -999, -999, -999, -999, -999, -999, -999, -999, -999, -999, -999
19750906, 1200,  , TD, 12.5N,  28.0W,  20, -999, -999, -999, -999, -999, -999, -999, -999, -999, -999, -999, -999, -999, -999
AL111975,            UNNAMED,      6,
19750906, 1200,  , TD, 21.5N,  95.0W,  20, -999, -999, -999, -999, -999, -999, -999, -999, -999, -999, -999, -999, -999, -999
19750906, 1800,  , TD, 21.5N,  95.4W,  25, -999, -999, -999, -999, -999, -999, -999, -999, -999, -999, -999, -999, -999, -999
19750907, 0000,  , TD, 21.6N,  95.8W,  25, -999, -999, -999, -999, -999, -999, -999, -999, -999, -999, -999, -999, -999, -999
19750907, 0600,  , TD, 21.7N,  96.4W,  25, -999, -999, -999, -999, -999, -999, -999, -999, -999, -999, -999, -999, -999, -999
19750907, 1200,  , TD, 21.8N,  97.0W,  25, -999, -999, -999, -999, -999, -999, -999, -999, -999, -999, -999, -999, -999, -999
19750907, 1800,  , TD, 22.0N,  98.0W, -99, -999, -999, -999, -999, -999, -999, -999, -999, -999, -999, -999, -999, -999, -999
AL121975,            UNNAMED,     14,
19750911, 1200,  , TD, 32.0N,  62.0W,  20, -999, -999, -999, -999, -999, -999, -999, -999, -999, -999, -999, -999, -999, -999
19750911, 1800,  , TD, 32.1N,  61.6W,  25, -999, -999, -999, -999, -999, -999, -999, -999, -999, -999, -999, -999, -999, -999
19750912, 0000,  , TD, 32.2N,  61.2W,  25, -999, -999, -999, -999, -999, -999, -999, -999, -999, -999, -999, -999, -999, -999
19750912, 0600,  , TD, 32.3N,  61.3W,  30, -999, -999, -999, -999, -999, -999, -999, -999, -999, -999, -999, -999, -999, -999
19750912, 1200,  , TD, 32.5N,  60.5W,  30, -999, -999, -999, -999, -999, -999, -999, -999, -999, -999, -999, -999, -999, -999
19750912, 1800,  , TD, 32.4N,  60.0W,  30, -999, -999, -999, -999, -999, -999, -999, -999, -999, -999, -999, -999, -999, -999
19750913, 0000,  , TD, 32.3N,  59.5W,  30, -999, -999, -999, -999, -999, -999, -999, -999, -999, -999, -999, -999, -999, -999
19750913, 0600,  , TD, 32.2N,  58.0W,  30, -999, -999, -999, -999, -999, -999, -999, -999, -999, -999, -999, -999, -999, -999
19750913, 1200,  , TD, 36.0N,  58.5W,  30, -999, -999, -999, -999, -999, -999, -999, -999, -999, -999, -999, -999, -999, -999
19750913, 1800,  , TD, 36.8N,  56.9W,  30, -999, -999, -999, -999, -999, -999, -999, -999, -999, -999, -999, -999, -999, -999
19750914, 0000,  , TD, 37.5N,  55.2W,  30, -999, -999, -999, -999, -999, -999, -999, -999, -999, -999, -999, -999, -999, -999
19750914, 0600,  , TD, 38.2N,  53.8W,  25, -999, -999, -999, -999, -999, -999, -999, -999, -999, -999, -999, -999, -999, -999
19750914, 1200,  , TD, 39.0N,  52.0W,  25, -999, -999, -999, -999, -999, -999, -999, -999, -999, -999, -999, -999, -999, -999
19750914, 1800,  , TD, 40.0N,  54.0W,  20, -999, -999, -999, -999, -999, -999, -999, -999, -999, -999, -999, -999, -999, -999
AL131975,             ELOISE,     47,
19750913, 0600,  , TD, 17.5N,  54.1W,  25, -999, -999, -999, -999, -999, -999, -999, -999, -999, -999, -999, -999, -999, -999
19750913, 1200,  , TD, 17.6N,  55.2W,  25, 1009, -999, -999, -999, -999, -999, -999, -999, -999, -999, -999, -999, -999, -999
19750913, 1800,  , TD, 17.7N,  56.3W,  25, 1009, -999, -999, -999, -999, -999, -999, -999, -999, -999, -999, -999, -999, -999
19750914, 0000,  , TD, 17.8N,  57.3W,  25, 1009, -999, -999, -999, -999, -999, -999, -999, -999, -999, -999, -999, -999, -999
19750914, 0600,  , TD, 17.9N,  58.3W,  25, 1009, -999, -999, -999, -999, -999, -999, -999, -999, -999, -999, -999, -999, -999
19750914, 1200,  , TD, 18.0N,  59.4W,  25, 1009, -999, -999, -999, -999, -999, -999, -999, -999, -999, -999, -999, -999, -999
19750914, 1800,  , TD, 18.1N,  60.5W,  25, 1009, -999, -999, -999, -999, -999, -999, -999, -999, -999, -999, -999, -999, -999
19750915, 0000,  , TD, 18.3N,  61.7W,  25, 1009, -999, -999, -999, -999, -999, -999, -999, -999, -999, -999, -999, -999, -999
19750915, 0600,  , TD, 18.5N,  62.8W,  25, 1009, -999, -999, -999, -999, -999, -999, -999, -999, -999, -999, -999, -999, -999
19750915, 1200,  , TD, 18.8N,  63.8W,  30, 1007, -999, -999, -999, -999, -999, -999, -999, -999, -999, -999, -999, -999, -999
19750915, 1800,  , TD, 18.9N,  64.8W,  30, 1007, -999, -999, -999, -999, -999, -999, -999, -999, -999, -999, -999, -999, -999
19750916, 0000,  , TS, 19.0N,  65.6W,  35, 1007, -999, -999, -999, -999, -999, -999, -999, -999, -999, -999, -999, -999, -999
19750916, 0600,  , TS, 19.2N,  66.7W,  45, 1007, -999, -999, -999, -999, -999, -999, -999, -999, -999, -999, -999, -999, -999
19750916, 1200,  , TS, 19.4N,  67.5W,  55, 1002, -999, -999, -999, -999, -999, -999, -999, -999, -999, -999, -999, -999, -999
19750916, 1800,  , HU, 19.5N,  68.4W,  65, 1002, -999, -999, -999, -999, -999, -999, -999, -999, -999, -999, -999, -999, -999
19750917, 0000,  , HU, 19.6N,  69.2W,  65,  997, -999, -999, -999, -999, -999, -999, -999, -999, -999, -999, -999, -999, -999
19750917, 0600,  , TS, 19.7N,  70.2W,  60, 1000, -999, -999, -999, -999, -999, -999, -999, -999, -999, -999, -999, -999, -999
19750917, 1200,  , TS, 19.7N,  71.2W,  55, 1000, -999, -999, -999, -999, -999, -999, -999, -999, -999, -999, -999, -999, -999
19750917, 1800,  , TS, 19.8N,  72.2W,  50, 1000, -999, -999, -999, -999, -999, -999, -999, -999, -999, -999, -999, -999, -999
19750918, 0000,  , TS, 19.9N,  73.3W,  45, 1000, -999, -999, -999, -999, -999, -999, -999, -999, -999, -999, -999, -999, -999
19750918, 0600,  , TS, 19.9N,  74.5W,  45, 1000, -999, -999, -999, -999, -999, -999, -999, -999, -999, -999, -999, -999, -999
19750918, 1200,  , TS, 19.9N,  75.7W,  40, 1000, -999, -999, -999, -999, -999, -999, -999, -999, -999, -999, -999, -999, -999
19750918, 1800,  , TS, 20.0N,  77.0W,  40, 1000, -999, -999, -999, -999, -999, -999, -999, -999, -999, -999, -999, -999, -999
19750919, 0000,  , TS, 20.0N,  78.2W,  35, 1000, -999, -999, -999, -999, -999, -999, -999, -999, -999, -999, -999, -999, -999
19750919, 0600,  , TS, 19.9N,  79.1W,  35, 1000, -999, -999, -999, -999, -999, -999, -999, -999, -999, -999, -999, -999, -999
19750919, 1200,  , TS, 19.9N,  79.8W,  35, 1000, -999, -999, -999, -999, -999, -999, -999, -999, -999, -999, -999, -999, -999
19750919, 1800,  , TS, 19.8N,  81.0W,  35, 1000, -999, -999, -999, -999, -999, -999, -999, -999, -999, -999, -999, -999, -999
19750920, 0000,  , TS, 19.8N,  82.2W,  35, 1000, -999, -999, -999, -999, -999, -999, -999, -999, -999, -999, -999, -999, -999
19750920, 0600,  , TS, 19.8N,  83.4W,  35, 1000, -999, -999, -999, -999, -999, -999, -999, -999, -999, -999, -999, -999, -999
19750920, 1200,  , TS, 19.9N,  84.6W,  35, 1006, -999, -999, -999, -999, -999, -999, -999, -999, -999, -999, -999, -999, -999
19750920, 1800,  , TS, 20.0N,  85.5W,  35, 1006, -999, -999, -999, -999, -999, -999, -999, -999, -999, -999, -999, -999, -999
19750921, 0000,  , TS, 20.2N,  86.4W,  40, 1001, -999, -999, -999, -999, -999, -999, -999, -999, -999, -999, -999, -999, -999
19750921, 0600,  , TS, 20.8N,  87.1W,  45, 1001, -999, -999, -999, -999, -999, -999, -999, -999, -999, -999, -999, -999, -999
19750921, 1200,  , TS, 21.4N,  87.8W,  50, 1001, -999, -999, -999, -999, -999, -999, -999, -999, -999, -999, -999, -999, -999
19750921, 1800,  , TS, 22.4N,  88.5W,  55,  995, -999, -999, -999, -999, -999, -999, -999, -999, -999, -999, -999, -999, -999
19750922, 0000,  , TS, 23.6N,  88.9W,  60,  995, -999, -999, -999, -999, -999, -999, -999, -999, -999, -999, -999, -999, -999
19750922, 0600,  , HU, 24.8N,  89.4W,  65,  993, -999, -999, -999, -999, -999, -999, -999, -999, -999, -999, -999, -999, -999
19750922, 1200,  , HU, 25.8N,  89.5W,  75,  986, -999, -999, -999, -999, -999, -999, -999, -999, -999, -999, -999, -999, -999
19750922, 1800,  , HU, 26.5N,  89.4W,  85,  980, -999, -999, -999, -999, -999, -999, -999, -999, -999, -999, -999, -999, -999
19750923, 0000,  , HU, 27.3N,  88.5W,  95,  968, -999, -999, -999, -999, -999, -999, -999, -999, -999, -999, -999, -999, -999
19750923, 0600,  , HU, 28.4N,  87.3W, 105,  958, -999, -999, -999, -999, -999, -999, -999, -999, -999, -999, -999, -999, -999
19750923, 1200,  , HU, 30.2N,  86.3W, 110,  955, -999, -999, -999, -999, -999, -999, -999, -999, -999, -999, -999, -999, -999
19750923, 1800,  , TS, 33.0N,  85.7W,  55,  982, -999, -999, -999, -999, -999, -999, -999, -999, -999, -999, -999, -999, -999
19750924, 0000,  , TD, 35.5N,  84.3W,  30,  999, -999, -999, -999, -999, -999, -999, -999, -999, -999, -999, -999, -999, -999
19750924, 0600,  , EX, 36.5N,  83.5W,  20, 1004, -999, -999, -999, -999, -999, -999, -999, -999, -999, -999, -999, -999, -999
19750924, 1200,  , EX, 37.0N,  82.5W,  20, 1004, -999, -999, -999, -999, -999, -999, -999, -999, -999, -999, -999, -999, -999
19750924, 1800,  , EX, 37.5N,  81.5W,  20, 1004, -999, -999, -999, -999, -999, -999, -999, -999, -999, -999, -999, -999, -999
AL141975,               FAYE,     46,
19750918, 0600,  , TD, 17.5N,  33.5W,  25, -999, -999, -999, -999, -999, -999, -999, -999, -999, -999, -999, -999, -999, -999
19750918, 1200,  , TD, 17.8N,  34.4W,  25, -999, -999, -999, -999, -999, -999, -999, -999, -999, -999, -999, -999, -999, -999
19750918, 1800,  , TD, 18.3N,  35.3W,  25, -999, -999, -999, -999, -999, -999, -999, -999, -999, -999, -999, -999, -999, -999
19750919, 0000,  , TD, 19.0N,  36.4W,  25, -999, -999, -999, -999, -999, -999, -999, -999, -999, -999, -999, -999, -999, -999
19750919, 0600,  , TD, 19.6N,  37.6W,  30, -999, -999, -999, -999, -999, -999, -999, -999, -999, -999, -999, -999, -999, -999
19750919, 1200,  , TS, 20.0N,  39.0W,  35, -999, -999, -999, -999, -999, -999, -999, -999, -999, -999, -999, -999, -999, -999
19750919, 1800,  , TS, 20.4N,  40.2W,  40, -999, -999, -999, -999, -999, -999, -999, -999, -999, -999, -999, -999, -999, -999
19750920, 0000,  , TS, 20.5N,  41.3W,  40, -999, -999, -999, -999, -999, -999, -999, -999, -999, -999, -999, -999, -999, -999
19750920, 0600,  , TS, 20.5N,  42.7W,  40, -999, -999, -999, -999, -999, -999, -999, -999, -999, -999, -999, -999, -999, -999
19750920, 1200,  , TS, 20.3N,  44.0W,  40, -999, -999, -999, -999, -999, -999, -999, -999, -999, -999, -999, -999, -999, -999
19750920, 1800,  , TS, 20.2N,  45.3W,  40, -999, -999, -999, -999, -999, -999, -999, -999, -999, -999, -999, -999, -999, -999
19750921, 0000,  , TS, 20.3N,  46.2W,  40, -999, -999, -999, -999, -999, -999, -999, -999, -999, -999, -999, -999, -999, -999
19750921, 0600,  , TS, 20.3N,  47.0W,  40, -999, -999, -999, -999, -999, -999, -999, -999, -999, -999, -999, -999, -999, -999
19750921, 1200,  , TS, 20.3N,  47.8W,  40, -999, -999, -999, -999, -999, -999, -999, -999, -999, -999, -999, -999, -999, -999
19750921, 1800,  , TS, 20.4N,  48.5W,  35, -999, -999, -999, -999, -999, -999, -999, -999, -999, -999, -999, -999, -999, -999
19750922, 0000,  , TS, 20.5N,  49.3W,  35, -999, -999, -999, -999, -999, -999, -999, -999, -999, -999, -999, -999, -999, -999
19750922, 0600,  , TS, 20.5N,  50.0W,  35, -999, -999, -999, -999, -999, -999, -999, -999, -999, -999, -999, -999, -999, -999
19750922, 1200,  , TS, 20.4N,  50.8W,  35, -999, -999, -999, -999, -999, -999, -999, -999, -999, -999, -999, -999, -999, -999
19750922, 1800,  , TS, 20.4N,  51.5W,  35, -999, -999, -999, -999, -999, -999, -999, -999, -999, -999, -999, -999, -999, -999
19750923, 0000,  , TS, 20.4N,  52.2W,  35, -999, -999, -999, -999, -999, -999, -999, -999, -999, -999, -999, -999, -999, -999
19750923, 0600,  , TS, 20.3N,  53.4W,  35, -999, -999, -999, -999, -999, -999, -999, -999, -999, -999, -999, -999, -999, -999
19750923, 1200,  , TD, 20.4N,  54.6W,  30, -999, -999, -999, -999, -999, -999, -999, -999, -999, -999, -999, -999, -999, -999
19750923, 1800,  , TD, 20.6N,  55.8W,  30, -999, -999, -999, -999, -999, -999, -999, -999, -999, -999, -999, -999, -999, -999
19750924, 0000,  , TD, 20.8N,  56.5W,  30, -999, -999, -999, -999, -999, -999, -999, -999, -999, -999, -999, -999, -999, -999
19750924, 0600,  , TD, 21.5N,  57.1W,  25, -999, -999, -999, -999, -999, -999, -999, -999, -999, -999, -999, -999, -999, -999
19750924, 1200,  , TD, 22.4N,  57.0W,  25, -999, -999, -999, -999, -999, -999, -999, -999, -999, -999, -999, -999, -999, -999
19750924, 1800,  , TD, 23.0N,  56.9W,  25, 1005, -999, -999, -999, -999, -999, -999, -999, -999, -999, -999, -999, -999, -999
19750925, 0000,  , TD, 23.8N,  57.2W,  30, 1005, -999, -999, -999, -999, -999, -999, -999, -999, -999, -999, -999, -999, -999
19750925, 0600,  , TS, 24.2N,  58.1W,  35, 1005, -999, -999, -999, -999, -999, -999, -999, -999, -999, -999, -999, -999, -999
19750925, 1200,  , TS, 24.8N,  58.8W,  45,  999, -999, -999, -999, -999, -999, -999, -999, -999, -999, -999, -999, -999, -999
19750925, 1800,  , TS, 25.5N,  59.4W,  60,  993, -999, -999, -999, -999, -999, -999, -999, -999, -999, -999, -999, -999, -999
19750926, 0000,  , HU, 26.5N,  60.0W,  65,  990, -999, -999, -999, -999, -999, -999, -999, -999, -999, -999, -999, -999, -999
19750926, 0600,  , HU, 27.9N,  60.9W,  70,  988, -999, -999, -999, -999, -999, -999, -999, -999, -999, -999, -999, -999, -999
19750926, 1200,  , HU, 29.6N,  62.0W,  75,  985, -999, -999, -999, -999, -999, -999, -999, -999, -999, -999, -999, -999, -999
19750926, 1800,  , HU, 31.0N,  63.1W,  85,  985, -999, -999, -999, -999, -999, -999, -999, -999, -999, -999, -999, -999, -999
19750927, 0000,  , HU, 32.7N,  64.2W,  90,  985, -999, -999, -999, -999, -999, -999, -999, -999, -999, -999, -999, -999, -999
19750927, 0600,  , HU, 34.4N,  65.2W,  90,  979, -999, -999, -999, -999, -999, -999, -999, -999, -999, -999, -999, -999, -999
19750927, 1200,  , HU, 36.1N,  65.7W,  90,  982, -999, -999, -999, -999, -999, -999, -999, -999, -999, -999, -999, -999, -999
19750927, 1800,  , HU, 37.4N,  65.0W,  90,  985, -999, -999, -999, -999, -999, -999, -999, -999, -999, -999, -999, -999, -999
19750928, 0000,  , HU, 38.4N,  63.7W,  85,  985, -999, -999, -999, -999, -999, -999, -999, -999, -999, -999, -999, -999, -999
19750928, 0600,  , HU, 39.8N,  60.5W,  80,  985, -999, -999, -999, -999, -999, -999, -999, -999, -999, -999, -999, -999, -999
19750928, 1200,  , HU, 41.0N,  57.1W,  75,  979, -999, -999, -999, -999, -999, -999, -999, -999, -999, -999, -999, -999, -999
19750928, 1800,  , HU, 42.3N,  52.0W,  75,  977, -999, -999, -999, -999, -999, -999, -999, -999, -999, -999, -999, -999, -999
19750929, 0000,  , HU, 42.8N,  46.0W,  70,  977, -999, -999, -999, -999, -999, -999, -999, -999, -999, -999, -999, -999, -999
19750929, 0600,  , HU, 42.9N,  40.0W,  65,  977, -999, -999, -999, -999, -999, -999, -999, -999, -999, -999, -999, -999, -999
19750929, 1200,  , EX, 43.0N,  34.0W,  60, -999, -999, -999, -999, -999, -999, -999, -999, -999, -999, -999, -999, -999, -999
AL151975,             GLADYS,     46,
19750922, 1800,  , TD, 10.3N,  34.8W,  25, 1012, -999, -999, -999, -999, -999, -999, -999, -999, -999, -999, -999, -999, -999
19750923, 0000,  , TD, 10.6N,  35.8W,  25, 1012, -999, -999, -999, -999, -999, -999, -999, -999, -999, -999, -999, -999, -999
19750923, 0600,  , TD, 11.0N,  36.7W,  25, 1012, -999, -999, -999, -999, -999, -999, -999, -999, -999, -999, -999, -999, -999
19750923, 1200,  , TD, 11.4N,  37.4W,  25, 1012, -999, -999, -999, -999, -999, -999, -999, -999, -999, -999, -999, -999, -999
19750923, 1800,  , TD, 11.7N,  38.2W,  30, 1010, -999, -999, -999, -999, -999, -999, -999, -999, -999, -999, -999, -999, -999
19750924, 0000,  , TD, 12.1N,  38.8W,  30, 1010, -999, -999, -999, -999, -999, -999, -999, -999, -999, -999, -999, -999, -999
19750924, 0600,  , TD, 12.4N,  39.6W,  30, 1010, -999, -999, -999, -999, -999, -999, -999, -999, -999, -999, -999, -999, -999
19750924, 1200,  , TD, 12.9N,  40.0W,  30, 1010, -999, -999, -999, -999, -999, -999, -999, -999, -999, -999, -999, -999, -999
19750924, 1800,  , TS, 13.5N,  40.4W,  35, 1005, -999, -999, -999, -999, -999, -999, -999, -999, -999, -999, -999, -999, -999
19750925, 0000,  , TS, 14.2N,  41.0W,  40, 1005, -999, -999, -999, -999, -999, -999, -999, -999, -999, -999, -999, -999, -999
19750925, 0600,  , TS, 14.8N,  42.0W,  50, 1000, -999, -999, -999, -999, -999, -999, -999, -999, -999, -999, -999, -999, -999
19750925, 1200,  , TS, 15.4N,  43.0W,  60, 1000, -999, -999, -999, -999, -999, -999, -999, -999, -999, -999, -999, -999, -999
19750925, 1800,  , HU, 15.8N,  44.0W,  65,  990, -999, -999, -999, -999, -999, -999, -999, -999, -999, -999, -999, -999, -999
19750926, 0000,  , HU, 16.2N,  45.0W,  65,  990, -999, -999, -999, -999, -999, -999, -999, -999, -999, -999, -999, -999, -999
19750926, 0600,  , HU, 16.4N,  46.1W,  65,  990, -999, -999, -999, -999, -999, -999, -999, -999, -999, -999, -999, -999, -999
19750926, 1200,  , HU, 16.6N,  47.7W,  65,  990, -999, -999, -999, -999, -999, -999, -999, -999, -999, -999, -999, -999, -999
19750926, 1800,  , HU, 16.8N,  49.3W,  65,  990, -999, -999, -999, -999, -999, -999, -999, -999, -999, -999, -999, -999, -999
19750927, 0000,  , HU, 17.1N,  50.7W,  65,  990, -999, -999, -999, -999, -999, -999, -999, -999, -999, -999, -999, -999, -999
19750927, 0600,  , HU, 17.6N,  52.2W,  65,  990, -999, -999, -999, -999, -999, -999, -999, -999, -999, -999, -999, -999, -999
19750927, 1200,  , HU, 18.2N,  53.7W,  65,  990, -999, -999, -999, -999, -999, -999, -999, -999, -999, -999, -999, -999, -999
19750927, 1800,  , HU, 18.8N,  55.1W,  65,  990, -999, -999, -999, -999, -999, -999, -999, -999, -999, -999, -999, -999, -999
19750928, 0000,  , HU, 19.4N,  56.4W,  65,  992, -999, -999, -999, -999, -999, -999, -999, -999, -999, -999, -999, -999, -999
19750928, 0600,  , HU, 19.6N,  57.4W,  65,  992, -999, -999, -999, -999, -999, -999, -999, -999, -999, -999, -999, -999, -999
19750928, 1200,  , HU, 19.8N,  58.2W,  65, 1000, -999, -999, -999, -999, -999, -999, -999, -999, -999, -999, -999, -999, -999
19750928, 1800,  , HU, 20.3N,  59.3W,  65,  998, -999, -999, -999, -999, -999, -999, -999, -999, -999, -999, -999, -999, -999
19750929, 0000,  , HU, 21.2N,  60.3W,  65,  995, -999, -999, -999, -999, -999, -999, -999, -999, -999, -999, -999, -999, -999
19750929, 0600,  , HU, 22.1N,  61.4W,  70,  990, -999, -999, -999, -999, -999, -999, -999, -999, -999, -999, -999, -999, -999
19750929, 1200,  , HU, 23.0N,  62.6W,  70,  990, -999, -999, -999, -999, -999, -999, -999, -999, -999, -999, -999, -999, -999
19750929, 1800,  , HU, 23.6N,  63.9W,  75,  985, -999, -999, -999, -999, -999, -999, -999, -999, -999, -999, -999, -999, -999
19750930, 0000,  , HU, 24.1N,  65.2W,  80,  975, -999, -999, -999, -999, -999, -999, -999, -999, -999, -999, -999, -999, -999
19750930, 0600,  , HU, 24.6N,  66.5W,  80,  975, -999, -999, -999, -999, -999, -999, -999, -999, -999, -999, -999, -999, -999
19750930, 1200,  , HU, 25.1N,  67.9W,  80,  975, -999, -999, -999, -999, -999, -999, -999, -999, -999, -999, -999, -999, -999
19750930, 1800,  , HU, 25.6N,  69.3W,  80,  975, -999, -999, -999, -999, -999, -999, -999, -999, -999, -999, -999, -999, -999
19751001, 0000,  , HU, 26.1N,  70.6W,  80,  975, -999, -999, -999, -999, -999, -999, -999, -999, -999, -999, -999, -999, -999
19751001, 0600,  , HU, 26.8N,  71.7W,  80,  975, -999, -999, -999, -999, -999, -999, -999, -999, -999, -999, -999, -999, -999
19751001, 1200,  , HU, 27.9N,  72.4W,  80,  975, -999, -999, -999, -999, -999, -999, -999, -999, -999, -999, -999, -999, -999
19751001, 1800,  , HU, 29.4N,  73.0W,  90,  969, -999, -999, -999, -999, -999, -999, -999, -999, -999, -999, -999, -999, -999
19751002, 0000,  , HU, 31.0N,  73.0W, 100,  954, -999, -999, -999, -999, -999, -999, -999, -999, -999, -999, -999, -999, -999
19751002, 0600,  , HU, 32.9N,  72.1W, 110,  942, -999, -999, -999, -999, -999, -999, -999, -999, -999, -999, -999, -999, -999
19751002, 1200,  , HU, 35.3N,  69.8W, 120,  939, -999, -999, -999, -999, -999, -999, -999, -999, -999, -999, -999, -999, -999
19751002, 1800,  , HU, 37.8N,  67.0W, 120,  939, -999, -999, -999, -999, -999, -999, -999, -999, -999, -999, -999, -999, -999
19751003, 0000,  , HU, 40.8N,  62.6W, 110,  950, -999, -999, -999, -999, -999, -999, -999, -999, -999, -999, -999, -999, -999
19751003, 0600,  , HU, 43.7N,  57.0W,  85,  960, -999, -999, -999, -999, -999, -999, -999, -999, -999, -999, -999, -999, -999
19751003, 1200,  , HU, 46.6N,  50.6W,  85,  960, -999, -999, -999, -999, -999, -999, -999, -999, -999, -999, -999, -999, -999
19751003, 1800,  , EX, 50.5N,  45.5W,  75,  975, -999, -999, -999, -999, -999, -999, -999, -999, -999, -999, -999, -999, -999
19751004, 0000,  , EX, 55.0N,  40.0W,  65,  980, -999, -999, -999, -999, -999, -999, -999, -999, -999, -999, -999, -999, -999
AL161975,            UNNAMED,     17,
19750925, 1200,  , TD, 19.0N,  84.0W,  20, -999, -999, -999, -999, -999, -999, -999, -999, -999, -999, -999, -999, -999, -999
19750925, 1800,  , TD, 19.0N,  84.2W,  25, -999, -999, -999, -999, -999, -999, -999, -999, -999, -999, -999, -999, -999, -999
19750926, 0000,  , TD, 18.9N,  84.5W,  25, -999, -999, -999, -999, -999, -999, -999, -999, -999, -999, -999, -999, -999, -999
19750926, 0600,  , TD, 18.8N,  84.8W,  25, -999, -999, -999, -999, -999, -999, -999, -999, -999, -999, -999, -999, -999, -999
19750926, 1200,  , TD, 18.8N,  85.0W,  25, -999, -999, -999, -999, -999, -999, -999, -999, -999, -999, -999, -999, -999, -999
19750926, 1800,  , TD, 18.6N,  85.4W,  25, -999, -999, -999, -999, -999, -999, -999, -999, -999, -999, -999, -999, -999, -999
19750927, 0000,  , TD, 18.4N,  85.8W,  25, -999, -999, -999, -999, -999, -999, -999, -999, -999, -999, -999, -999, -999, -999
19750927, 0600,  , TD, 18.2N,  86.1W,  25, -999, -999, -999, -999, -999, -999, -999, -999, -999, -999, -999, -999, -999, -999
19750927, 1200,  , TD, 18.0N,  86.5W,  25, -999, -999, -999, -999, -999, -999, -999, -999, -999, -999, -999, -999, -999, -999
19750927, 1800,  , TD, 18.0N,  86.8W,  25, -999, -999, -999, -999, -999, -999, -999, -999, -999, -999, -999, -999, -999, -999
19750928, 0000,  , TD, 18.0N,  87.0W,  25, -999, -999, -999, -999, -999, -999, -999, -999, -999, -999, -999, -999, -999, -999
19750928, 0600,  , TD, 18.0N,  87.2W,  25, -999, -999, -999, -999, -999, -999, -999, -999, -999, -999, -999, -999, -999, -999
19750928, 1200,  , TD, 18.0N,  87.5W,  25, -999, -999, -999, -999, -999, -999, -999, -999, -999, -999, -999, -999, -999, -999
19750928, 1800,  , TD, 18.0N,  87.8W,  25, -999, -999, -999, -999, -999, -999, -999, -999, -999, -999, -999, -999, -999, -999
19750929, 0000,  , TD, 18.0N,  88.0W,  25, -999, -999, -999, -999, -999, -999, -999, -999, -999, -999, -999, -999, -999, -999
19750929, 0600,  , TD, 18.0N,  88.2W,  20, -999, -999, -999, -999, -999, -999, -999, -999, -999, -999, -999, -999, -999, -999
19750929, 1200,  , TD, 18.0N,  88.5W, -99, -999, -999, -999, -999, -999, -999, -999, -999, -999, -999, -999, -999, -999, -999
AL171975,            UNNAMED,      9,
19751003, 1200,  , TD, 28.0N,  33.0W,  20, -999, -999, -999, -999, -999, -999, -999, -999, -999, -999, -999, -999, -999, -999
19751003, 1800,  , TD, 28.9N,  34.2W,  25, -999, -999, -999, -999, -999, -999, -999, -999, -999, -999, -999, -999, -999, -999
19751004, 0000,  , TD, 29.8N,  35.5W,  25, -999, -999, -999, -999, -999, -999, -999, -999, -999, -999, -999, -999, -999, -999
19751004, 0600,  , TD, 30.7N,  36.8W,  25, -999, -999, -999, -999, -999, -999, -999, -999, -999, -999, -999, -999, -999, -999
19751004, 1200,  , TD, 31.5N,  38.0W,  25, -999, -999, -999, -999, -999, -999, -999, -999, -999, -999, -999, -999, -999, -999
19751004, 1800,  , TD, 32.1N,  37.6W,  25, -999, -999, -999, -999, -999, -999, -999, -999, -999, -999, -999, -999, -999, -999
19751005, 0000,  , TD, 32.8N,  37.2W,  25, -999, -999, -999, -999, -999, -999, -999, -999, -999, -999, -999, -999, -999, -999
19751005, 0600,  , TD, 33.4N,  36.8W,  25, -999, -999, -999, -999, -999, -999, -999, -999, -999, -999, -999, -999, -999, -999
19751005, 1200,  , TD, 34.0N,  36.5W,  20, -999, -999, -999, -999, -999, -999, -999, -999, -999, -999, -999, -999, -999, -999
AL181975,            UNNAMED,     13,
19751014, 1200,  , TD, 21.0N,  92.0W,  20, -999, -999, -999, -999, -999, -999, -999, -999, -999, -999, -999, -999, -999, -999
19751014, 1800,  , TD, 21.6N,  92.5W,  25, -999, -999, -999, -999, -999, -999, -999, -999, -999, -999, -999, -999, -999, -999
19751015, 0000,  , TD, 22.2N,  93.0W,  25, -999, -999, -999, -999, -999, -999, -999, -999, -999, -999, -999, -999, -999, -999
19751015, 0600,  , TD, 22.8N,  93.5W,  30, -999, -999, -999, -999, -999, -999, -999, -999, -999, -999, -999, -999, -999, -999
19751015, 1200,  , TD, 23.5N,  94.0W,  30, -999, -999, -999, -999, -999, -999, -999, -999, -999, -999, -999, -999, -999, -999
19751015, 1800,  , TD, 24.4N,  93.8W,  30, -999, -999, -999, -999, -999, -999, -999, -999, -999, -999, -999, -999, -999, -999
19751016, 0000,  , TD, 25.3N,  93.5W,  30, -999, -999, -999, -999, -999, -999, -999, -999, -999, -999, -999, -999, -999, -999
19751016, 0600,  , TD, 26.2N,  93.2W,  30, -999, -999, -999, -999, -999, -999, -999, -999, -999, -999, -999, -999, -999, -999
19751016, 1200,  , TD, 27.0N,  93.0W,  30, -999, -999, -999, -999, -999, -999, -999, -999, -999, -999, -999, -999, -999, -999
19751016, 1800,  , TD, 27.8N,  92.4W,  30, -999, -999, -999, -999, -999, -999, -999, -999, -999, -999, -999, -999, -999, -999
19751017, 0000,  , TD, 28.5N,  91.5W,  25, -999, -999, -999, -999, -999, -999, -999, -999, -999, -999, -999, -999, -999, -999
19751017, 0600,  , TD, 29.2N,  90.7W,  25, -999, -999, -999, -999, -999, -999, -999, -999, -999, -999, -999, -999, -999, -999
19751017, 1200,  , TD, 30.0N,  90.0W, -99, -999, -999, -999, -999, -999, -999, -999, -999, -999, -999, -999, -999, -999, -999
AL191975,             HALLIE,     14,
19751024, 1800,  , SD, 29.1N,  79.3W,  30, 1006, -999, -999, -999, -999, -999, -999, -999, -999, -999, -999, -999, -999, -999
19751025, 0000,  , SD, 28.8N,  79.0W,  30, 1006, -999, -999, -999, -999, -999, -999, -999, -999, -999, -999, -999, -999, -999
19751025, 0600,  , SD, 29.4N,  79.4W,  30, 1006, -999, -999, -999, -999, -999, -999, -999, -999, -999, -999, -999, -999, -999
19751025, 1200,  , SD, 30.0N,  79.7W,  30, 1006, -999, -999, -999, -999, -999, -999, -999, -999, -999, -999, -999, -999, -999
19751025, 1800,  , SD, 30.2N,  79.8W,  30, 1006, -999, -999, -999, -999, -999, -999, -999, -999, -999, -999, -999, -999, -999
19751026, 0000,  , SD, 30.5N,  79.9W,  30, 1006, -999, -999, -999, -999, -999, -999, -999, -999, -999, -999, -999, -999, -999
19751026, 0600,  , TD, 30.9N,  80.1W,  30, 1006, -999, -999, -999, -999, -999, -999, -999, -999, -999, -999, -999, -999, -999
19751026, 1200,  , TD, 31.8N,  79.6W,  30, 1005, -999, -999, -999, -999, -999, -999, -999, -999, -999, -999, -999, -999, -999
19751026, 1800,  , TS, 32.5N,  78.7W,  35, 1003, -999, -999, -999, -999, -999, -999, -999, -999, -999, -999, -999, -999, -999
19751027, 0000,  , TS, 33.5N,  77.5W,  45, 1002, -999, -999, -999, -999, -999, -999, -999, -999, -999, -999, -999, -999, -999
19751027, 0600,  , TS, 34.5N,  75.5W,  45, 1002, -999, -999, -999, -999, -999, -999, -999, -999, -999, -999, -999, -999, -999
19751027, 1200,  , TS, 35.7N,  73.8W,  45, 1004, -999, -999, -999, -999, -999, -999, -999, -999, -999, -999, -999, -999, -999
19751027, 1800,  , EX, 36.4N,  72.6W,  40, 1006, -999, -999, -999, -999, -999, -999, -999, -999, -999, -999, -999, -999, -999
19751028, 0000,  , EX, 36.9N,  71.4W,  35, 1008, -999, -999, -999, -999, -999, -999, -999, -999, -999, -999, -999, -999, -999
AL201975,            UNNAMED,     10,
19751027, 1200,  , TD, 13.0N,  81.0W,  20, -999, -999, -999, -999, -999, -999, -999, -999, -999, -999, -999, -999, -999, -999
19751027, 1800,  , TD, 13.6N,  82.5W,  25, -999, -999, -999, -999, -999, -999, -999, -999, -999, -999, -999, -999, -999, -999
19751028, 0000,  , TD, 14.3N,  82.5W,  25, -999, -999, -999, -999, -999, -999, -999, -999, -999, -999, -999, -999, -999, -999
19751028, 0600,  , TD, 14.9N,  83.2W,  25, -999, -999, -999, -999, -999, -999, -999, -999, -999, -999, -999, -999, -999, -999
19751028, 1200,  , TD, 15.5N,  84.0W,  25, -999, -999, -999, -999, -999, -999, -999, -999, -999, -999, -999, -999, -999, -999
19751028, 1800,  , TD, 15.7N,  84.9W,  25, -999, -999, -999, -999, -999, -999, -999, -999, -999, -999, -999, -999, -999, -999
19751029, 0000,  , TD, 15.8N,  85.0W,  25, -999, -999, -999, -999, -999, -999, -999, -999, -999, -999, -999, -999, -999, -999
19751029, 0600,  , TD, 15.9N,  86.6W,  25, -999, -999, -999, -999, -999, -999, -999, -999, -999, -999, -999, -999, -999, -999
19751029, 1200,  , TD, 16.0N,  87.5W,  25, -999, -999, -999, -999, -999, -999, -999, -999, -999, -999, -999, -999, -999, -999
19751029, 1800,  , TD, 16.0N,  88.5W, -99, -999, -999, -999, -999, -999, -999, -999, -999, -999, -999, -999, -999, -999, -999
AL211975,            UNNAMED,     18,
19751108, 1200,  , TD, 16.5N,  85.0W,  25, -999, -999, -999, -999, -999, -999, -999, -999, -999, -999, -999, -999, -999, -999
19751108, 1800,  , TD, 17.0N,  85.2W,  25, -999, -999, -999, -999, -999, -999, -999, -999, -999, -999, -999, -999, -999, -999
19751109, 0000,  , TD, 17.5N,  85.8W,  30, -999, -999, -999, -999, -999, -999, -999, -999, -999, -999, -999, -999, -999, -999
19751109, 0600,  , TD, 18.0N,  86.2W,  30, -999, -999, -999, -999, -999, -999, -999, -999, -999, -999, -999, -999, -999, -999
19751109, 1200,  , TD, 18.5N,  86.5W,  30, -999, -999, -999, -999, -999, -999, -999, -999, -999, -999, -999, -999, -999, -999
19751109, 1800,  , TD, 19.6N,  86.7W,  30, -999, -999, -999, -999, -999, -999, -999, -999, -999, -999, -999, -999, -999, -999
19751110, 0000,  , TD, 20.8N,  86.8W,  30, -999, -999, -999, -999, -999, -999, -999, -999, -999, -999, -999, -999, -999, -999
19751110, 0600,  , TD, 21.4N,  86.9W,  30, -999, -999, -999, -999, -999, -999, -999, -999, -999, -999, -999, -999, -999, -999
19751110, 1200,  , TD, 23.0N,  87.0W,  30, -999, -999, -999, -999, -999, -999, -999, -999, -999, -999, -999, -999, -999, -999
19751110, 1800,  , TD, 23.2N,  87.9W,  30, -999, -999, -999, -999, -999, -999, -999, -999, -999, -999, -999, -999, -999, -999
19751111, 0000,  , TD, 23.5N,  88.8W,  30, -999, -999, -999, -999, -999, -999, -999, -999, -999, -999, -999, -999, -999, -999
19751111, 0600,  , TD, 23.8N,  89.6W,  30, -999, -999, -999, -999, -999, -999, -999, -999, -999, -999, -999, -999, -999, -999
19751111, 1200,  , TD, 24.0N,  90.5W,  25, -999, -999, -999, -999, -999, -999, -999, -999, -999, -999, -999, -999, -999, -999
19751111, 1800,  , TD, 23.2N,  91.0W,  25, -999, -999, -999, -999, -999, -999, -999, -999, -999, -999, -999, -999, -999, -999
19751112, 0000,  , TD, 22.5N,  91.5W,  25, -999, -999, -999, -999, -999, -999, -999, -999, -999, -999, -999, -999, -999, -999
19751112, 0600,  , TD, 21.7N,  91.2W,  20, -999, -999, -999, -999, -999, -999, -999, -999, -999, -999, -999, -999, -999, -999
19751112, 1200,  , TD, 21.0N,  91.0W,  20, -999, -999, -999, -999, -999, -999, -999, -999, -999, -999, -999, -999, -999, -999
19751112, 1800,  , TD, 20.3N,  90.5W, -99, -999, -999, -999, -999, -999, -999, -999, -999, -999, -999, -999, -999, -999, -999
AL221975,            UNNAMED,      9,
19751129, 1200,  , TD, 25.0N,  52.0W,  20, -999, -999, -999, -999, -999, -999, -999, -999, -999, -999, -999, -999, -999, -999
19751129, 1800,  , TD, 26.2N,  51.1W,  25, -999, -999, -999, -999, -999, -999, -999, -999, -999, -999, -999, -999, -999, -999
19751130, 0000,  , TD, 26.5N,  50.2W,  25, -999, -999, -999, -999, -999, -999, -999, -999, -999, -999, -999, -999, -999, -999
19751130, 0600,  , TD, 27.2N,  49.4W,  25, -999, -999, -999, -999, -999, -999, -999, -999, -999, -999, -999, -999, -999, -999
19751130, 1200,  , TD, 28.0N,  48.5W,  25, -999, -999, -999, -999, -999, -999, -999, -999, -999, -999, -999, -999, -999, -999
19751130, 1800,  , TD, 28.5N,  48.9W,  25, -999, -999, -999, -999, -999, -999, -999, -999, -999, -999, -999, -999, -999, -999
19751201, 0000,  , TD, 29.0N,  48.8W,  25, -999, -999, -999, -999, -999, -999, -999, -999, -999, -999, -999, -999, -999, -999
19751201, 0600,  , TD, 29.5N,  48.9W,  20, -999, -999, -999, -999, -999, -999, -999, -999, -999, -999, -999, -999, -999, -999
19751201, 1200,  , TD, 30.0N,  49.0W,  20, -999, -999, -999, -999, -999, -999, -999, -999, -999, -999, -999, -999, -999, -999
AL231975,            UNNAMED,     17,
19751209, 1200,  , SS, 41.6N,  42.9W,  35,  997, -999, -999, -999, -999, -999, -999, -999, -999, -999, -999, -999, -999, -999
19751209, 1800,  , SS, 41.1N,  43.0W,  40, -999, -999, -999, -999, -999, -999, -999, -999, -999, -999, -999, -999, -999, -999
19751210, 0000,  , SS, 40.4N,  43.1W,  45, -999, -999, -999, -999, -999, -999, -999, -999, -999, -999, -999, -999, -999, -999
19751210, 0600,  , SS, 39.6N,  43.2W,  55, -999, -999, -999, -999, -999, -999, -999, -999, -999, -999, -999, -999, -999, -999
19751210, 1200,  , SS, 38.3N,  43.4W,  60,  992, -999, -999, -999, -999, -999, -999, -999, -999, -999, -999, -999, -999, -999
19751210, 1800,  , SS, 36.5N,  43.7W,  55, -999, -999, -999, -999, -999, -999, -999, -999, -999, -999, -999, -999, -999, -999
19751211, 0000,  , SS, 34.5N,  44.0W,  50, -999, -999, -999, -999, -999, -999, -999, -999, -999, -999, -999, -999, -999, -999
19751211, 0600,  , SS, 32.5N,  43.7W,  45, -999, -999, -999, -999, -999, -999, -999, -999, -999, -999, -999, -999, -999, -999
19751211, 1200,  , SS, 30.5N,  42.9W,  40, -999, -999, -999, -999, -999, -999, -999, -999, -999, -999, -999, -999, -999, -999
19751211, 1800,  , SS, 28.7N,  41.9W,  40,  985, -999, -999, -999, -999, -999, -999, -999, -999, -999, -999, -999, -999, -999
19751212, 0000,  , SS, 27.4N,  40.5W,  35, -999, -999, -999, -999, -999, -999, -999, -999, -999, -999, -999, -999, -999, -999
19751212, 0600,  , SS, 26.9N,  38.2W,  35, -999, -999, -999, -999, -999, -999, -999, -999, -999, -999, -999, -999, -999, -999
19751212, 1200,  , SD, 27.0N,  36.0W,  30, 1000, -999, -999, -999, -999, -999, -999, -999, -999, -999, -999, -999, -999, -999
19751212, 1800,  , SD, 27.5N,  35.0W,  30, -999, -999, -999, -999, -999, -999, -999, -999, -999, -999, -999, -999, -999, -999
19751213, 0000,  , SD, 28.5N,  34.6W,  30, 1005, -999, -999, -999, -999, -999, -999, -999, -999, -999, -999, -999, -999, -999
19751213, 0600,  , SD, 30.2N,  34.4W,  30, -999, -999, -999, -999, -999, -999, -999, -999, -999, -999, -999, -999, -999, -999
19751213, 1200,  , SD, 32.5N,  34.5W,  25, 1008, -999, -999, -999, -999, -999, -999, -999, -999, -999, -999, -999, -999, -999
