AL011964,            UNNAMED,     34,
19640603, 1200,  , TD, 18.5N,  86.1W,  25, -999, -999, -999, -999, -999, -999, -999, -999, -999, -999, -999, -999, -999, -999
19640603, 1800,  , TD, 18.7N,  86.1W,  25, -999, -999, -999, -999, -999, -999, -999, -999, -999, -999, -999, -999, -999, -999
19640604, 0000,  , TD, 19.0N,  86.1W,  25, -999, -999, -999, -999, -999, -999, -999, -999, -999, -999, -999, -999, -999, -999
19640604, 0600,  , TD, 19.5N,  86.5W,  25, -999, -999, -999, -999, -999, -999, -999, -999, -999, -999, -999, -999, -999, -999
19640604, 1200,  , TD, 20.1N,  86.7W,  25, -999, -999, -999, -999, -999, -999, -999, -999, -999, -999, -999, -999, -999, -999
19640604, 1800,  , TD, 20.7N,  86.8W,  30, -999, -999, -999, -999, -999, -999, -999, -999, -999, -999, -999, -999, -999, -999
19640605, 0000,  , TD, 21.2N,  86.8W,  30, 1007, -999, -999, -999, -999, -999, -999, -999, -999, -999, -999, -999, -999, -999
19640605, 0600,  , TD, 22.0N,  86.6W,  30, -999, -999, -999, -999, -999, -999, -999, -999, -999, -999, -999, -999, -999, -999
19640605, 1200,  , TD, 23.3N,  86.1W,  30, -999, -999, -999, -999, -999, -999, -999, -999, -999, -999, -999, -999, -999, -999
19640605, 1800,  , TD, 24.8N,  85.4W,  30, -999, -999, -999, -999, -999, -999, -999, -999, -999, -999, -999, -999, -999, -999
19640606, 0000,  , TD, 26.2N,  84.8W,  25, -999, -999, -999, -999, -999, -999, -999, -999, -999, -999, -999, -999, -999, -999
19640606, 0600,  , TD, 27.5N,  84.2W,  25, -999, -999, -999, -999, -999, -999, -999, -999, -999, -999, -999, -999, -999, -999
19640606, 1200,  , TD, 28.7N,  83.4W,  25, -999, -999, -999, -999, -999, -999, -999, -999, -999, -999, -999, -999, -999, -999
19640606, 1800,  , TD, 29.6N,  82.3W,  25, -999, -999, -999, -999, -999, -999, -999, -999, -999, -999, -999, -999, -999, -999
19640607, 0000,  , TD, 30.3N,  81.0W,  30, -999, -999, -999, -999, -999, -999, -999, -999, -999, -999, -999, -999, -999, -999
19640607, 0600,  , TS, 31.0N,  79.8W,  40, -999, -999, -999, -999, -999, -999, -999, -999, -999, -999, -999, -999, -999, -999
19640607, 1200,  , TS, 31.8N,  78.8W,  50, -999, -999, -999, -999, -999, -999, -999, -999, -999, -999, -999, -999, -999, -999
19640607, 1800,  , TS, 32.6N,  77.8W,  50, -999, -999, -999, -999, -999, -999, -999, -999, -999, -999, -999, -999, -999, -999
19640608, 0000,  , TS, 32.9N,  76.5W,  45, -999, -999, -999, -999, -999, -999, -999, -999, -999, -999, -999, -999, -999, -999
19640608, 0600,  , TS, 33.0N,  75.1W,  40, 1002, -999, -999, -999, -999, -999, -999, -999, -999, -999, -999, -999, -999, -999
19640608, 1200,  , TS, 33.3N,  73.2W,  40, -999, -999, -999, -999, -999, -999, -999, -999, -999, -999, -999, -999, -999, -999
19640608, 1800,  , TS, 34.2N,  71.3W,  45, 1000, -999, -999, -999, -999, -999, -999, -999, -999, -999, -999, -999, -999, -999
19640609, 0000,  , TS, 35.1N,  68.5W,  45, -999, -999, -999, -999, -999, -999, -999, -999, -999, -999, -999, -999, -999, -999
19640609, 0600,  , TS, 35.7N,  65.5W,  50, -999, -999, -999, -999, -999, -999, -999, -999, -999, -999, -999, -999, -999, -999
19640609, 1200,  , TS, 36.1N,  63.4W,  55,  992, -999, -999, -999, -999, -999, -999, -999, -999, -999, -999, -999, -999, -999
19640609, 1800,  , TS, 36.4N,  61.8W,  60, -999, -999, -999, -999, -999, -999, -999, -999, -999, -999, -999, -999, -999, -999
19640610, 0000,  , TS, 36.4N,  60.8W,  60, -999, -999, -999, -999, -999, -999, -999, -999, -999, -999, -999, -999, -999, -999
19640610, 0600,  , TS, 36.2N,  59.9W,  55, -999, -999, -999, -999, -999, -999, -999, -999, -999, -999, -999, -999, -999, -999
19640610, 1200,  , TS, 36.0N,  59.2W,  55, -999, -999, -999, -999, -999, -999, -999, -999, -999, -999, -999, -999, -999, -999
19640610, 1800,  , TS, 36.2N,  58.5W,  50, -999, -999, -999, -999, -999, -999, -999, -999, -999, -999, -999, -999, -999, -999
19640611, 0000,  , TS, 37.0N,  57.8W,  45,  997, -999, -999, -999, -999, -999, -999, -999, -999, -999, -999, -999, -999, -999
19640611, 0600,  , TS, 38.0N,  57.2W,  40, 1001, -999, -999, -999, -999, -999, -999, -999, -999, -999, -999, -999, -999, -999
19640611, 1200,  , TS, 38.9N,  56.8W,  40, -999, -999, -999, -999, -999, -999, -999, -999, -999, -999, -999, -999, -999, -999
19640611, 1800,  , TS, 39.6N,  56.4W,  35, -999, -999, -999, -999, -999, -999, -999, -999, -999, -999, -999, -999, -999, -999
AL021964,            UNNAMED,     50,
19640728, 0600,  , TS, 19.1N,  46.0W,  40, -999, -999, -999, -999, -999, -999, -999, -999, -999, -999, -999, -999, -999, -999
19640728, 1200,  , TS, 19.1N,  48.5W,  45, -999, -999, -999, -999, -999, -999, -999, -999, -999, -999, -999, -999, -999, -999
19640728, 1800,  , TS, 19.3N,  50.8W,  45, -999, -999, -999, -999, -999, -999, -999, -999, -999, -999, -999, -999, -999, -999
19640729, 0000,  , TS, 19.8N,  52.8W,  45, -999, -999, -999, -999, -999, -999, -999, -999, -999, -999, -999, -999, -999, -999
19640729, 0600,  , TS, 20.5N,  54.3W,  45, -999, -999, -999, -999, -999, -999, -999, -999, -999, -999, -999, -999, -999, -999
19640729, 1200,  , TS, 21.6N,  55.8W,  45, 1006, -999, -999, -999, -999, -999, -999, -999, -999, -999, -999, -999, -999, -999
19640729, 1800,  , TS, 22.6N,  57.6W,  45, -999, -999, -999, -999, -999, -999, -999, -999, -999, -999, -999, -999, -999, -999
19640730, 0000,  , TS, 23.5N,  59.4W,  40, 1008, -999, -999, -999, -999, -999, -999, -999, -999, -999, -999, -999, -999, -999
19640730, 0600,  , TS, 24.8N,  60.4W,  40, -999, -999, -999, -999, -999, -999, -999, -999, -999, -999, -999, -999, -999, -999
19640730, 1200,  , TS, 26.8N,  61.0W,  40, -999, -999, -999, -999, -999, -999, -999, -999, -999, -999, -999, -999, -999, -999
19640730, 1800,  , TS, 28.4N,  61.1W,  35, 1012, -999, -999, -999, -999, -999, -999, -999, -999, -999, -999, -999, -999, -999
19640731, 0000,  , TS, 29.8N,  60.5W,  35, -999, -999, -999, -999, -999, -999, -999, -999, -999, -999, -999, -999, -999, -999
19640731, 0600,  , TS, 31.1N,  59.5W,  35, -999, -999, -999, -999, -999, -999, -999, -999, -999, -999, -999, -999, -999, -999
19640731, 1200,  , TS, 32.4N,  58.4W,  40, 1012, -999, -999, -999, -999, -999, -999, -999, -999, -999, -999, -999, -999, -999
19640731, 1800,  , TS, 33.7N,  57.3W,  45, 1008, -999, -999, -999, -999, -999, -999, -999, -999, -999, -999, -999, -999, -999
19640801, 0000,  , TS, 34.9N,  56.1W,  50, -999, -999, -999, -999, -999, -999, -999, -999, -999, -999, -999, -999, -999, -999
19640801, 0600,  , TS, 36.3N,  54.6W,  60, -999, -999, -999, -999, -999, -999, -999, -999, -999, -999, -999, -999, -999, -999
19640801, 1200,  , HU, 37.7N,  53.3W,  65, -999, -999, -999, -999, -999, -999, -999, -999, -999, -999, -999, -999, -999, -999
19640801, 1800,  , HU, 39.0N,  51.8W,  75, -999, -999, -999, -999, -999, -999, -999, -999, -999, -999, -999, -999, -999, -999
19640802, 0000,  , HU, 40.3N,  50.0W,  75, -999, -999, -999, -999, -999, -999, -999, -999, -999, -999, -999, -999, -999, -999
19640802, 0600,  , EX, 42.0N,  47.6W,  70, -999, -999, -999, -999, -999, -999, -999, -999, -999, -999, -999, -999, -999, -999
19640802, 1200,  , EX, 44.2N,  45.0W,  60, -999, -999, -999, -999, -999, -999, -999, -999, -999, -999, -999, -999, -999, -999
19640802, 1800,  , EX, 47.0N,  42.5W,  55, -999, -999, -999, -999, -999, -999, -999, -999, -999, -999, -999, -999, -999, -999
19640803, 0000,  , EX, 49.8N,  40.1W,  55, -999, -999, -999, -999, -999, -999, -999, -999, -999, -999, -999, -999, -999, -999
19640803, 0600,  , EX, 52.1N,  38.3W,  55, -999, -999, -999, -999, -999, -999, -999, -999, -999, -999, -999, -999, -999, -999
19640803, 1200,  , EX, 54.3N,  36.7W,  55, -999, -999, -999, -999, -999, -999, -999, -999, -999, -999, -999, -999, -999, -999
19640803, 1800,  , EX, 56.5N,  35.0W,  55, -999, -999, -999, -999, -999, -999, -999, -999, -999, -999, -999, -999, -999, -999
19640804, 0000,  , EX, 58.0N,  32.5W,  50, -999, -999, -999, -999, -999, -999, -999, -999, -999, -999, -999, -999, -999, -999
19640804, 0600,  , EX, 59.0N,  29.0W,  50, -999, -999, -999, -999, -999, -999, -999, -999, -999, -999, -999, -999, -999, -999
19640804, 1200,  , EX, 59.6N,  25.5W,  45, -999, -999, -999, -999, -999, -999, -999, -999, -999, -999, -999, -999, -999, -999
19640804, 1800,  , EX, 60.0N,  23.0W,  45, -999, -999, -999, -999, -999, -999, -999, -999, -999, -999, -999, -999, -999, -999
19640805, 0000,  , EX, 60.3N,  21.0W,  45, -999, -999, -999, -999, -999, -999, -999, -999, -999, -999, -999, -999, -999, -999
19640805, 0600,  , EX, 60.5N,  19.3W,  40, -999, -999, -999, -999, -999, -999, -999, -999, -999, -999, -999, -999, -999, -999
19640805, 1200,  , EX, 60.5N,  17.5W,  40, -999, -999, -999, -999, -999, -999, -999, -999, -999, -999, -999, -999, -999, -999
19640805, 1800,  , EX, 60.3N,  15.0W,  35, -999, -999, -999, -999, -999, -999, -999, -999, -999, -999, -999, -999, -999, -999
19640806, 0000,  , EX, 60.0N,  12.5W,  30, -999, -999, -999, -999, -999, -999, -999, -999, -999, -999, -999, -999, -999, -999
19640806, 0600,  , EX, 59.6N,  10.5W,  30, -999, -999, -999, -999, -999, -999, -999, -999, -999, -999, -999, -999, -999, -999
19640806, 1200,  , EX, 59.0N,   9.0W,  30, -999, -999, -999, -999, -999, -999, -999, -999, -999, -999, -999, -999, -999, -999
19640806, 1800,  , EX, 58.0N,   7.8W,  35, -999, -999, -999, -999, -999, -999, -999, -999, -999, -999, -999, -999, -999, -999
19640807, 0000,  , EX, 57.0N,   6.8W,  35, -999, -999, -999, -999, -999, -999, -999, -999, -999, -999, -999, -999, -999, -999
19640807, 0600,  , EX, 56.4N,   6.0W,  35, -999, -999, -999, -999, -999, -999, -999, -999, -999, -999, -999, -999, -999, -999
19640807, 1200,  , EX, 56.0N,   5.0W,  35, -999, -999, -999, -999, -999, -999, -999, -999, -999, -999, -999, -999, -999, -999
19640807, 1800,  , EX, 55.8N,   4.0W,  30, -999, -999, -999, -999, -999, -999, -999, -999, -999, -999, -999, -999, -999, -999
19640808, 0000,  , EX, 55.6N,   3.0W,  30, -999, -999, -999, -999, -999, -999, -999, -999, -999, -999, -999, -999, -999, -999
19640808, 0600,  , EX, 55.3N,   2.0W,  30, -999, -999, -999, -999, -999, -999, -999, -999, -999, -999, -999, -999, -999, -999
19640808, 1200,  , EX, 55.0N,   1.0W,  30, -999, -999, -999, -999, -999, -999, -999, -999, -999, -999, -999, -999, -999, -999
19640808, 1800,  , EX, 55.0N,   0.5E,  30, -999, -999, -999, -999, -999, -999, -999, -999, -999, -999, -999, -999, -999, -999
19640809, 0000,  , EX, 54.5N,   2.0E,  25, -999, -999, -999, -999, -999, -999, -999, -999, -999, -999, -999, -999, -999, -999
19640809, 0600,  , EX, 54.0N,   3.3E,  25, -999, -999, -999, -999, -999, -999, -999, -999, -999, -999, -999, -999, -999, -999
19640809, 1200,  , EX, 53.5N,   4.5E,  25, -999, -999, -999, -999, -999, -999, -999, -999, -999, -999, -999, -999, -999, -999
AL031964,               ABBY,     14,
19640805, 1800,  , TD, 27.3N,  87.7W,  25, -999, -999, -999, -999, -999, -999, -999, -999, -999, -999, -999, -999, -999, -999
19640806, 0000,  , TD, 27.8N,  88.7W,  25, -999, -999, -999, -999, -999, -999, -999, -999, -999, -999, -999, -999, -999, -999
19640806, 0600,  , TD, 28.2N,  89.7W,  25, -999, -999, -999, -999, -999, -999, -999, -999, -999, -999, -999, -999, -999, -999
19640806, 1200,  , TD, 28.5N,  90.7W,  25, -999, -999, -999, -999, -999, -999, -999, -999, -999, -999, -999, -999, -999, -999
19640806, 1800,  , TD, 28.5N,  91.7W,  25, -999, -999, -999, -999, -999, -999, -999, -999, -999, -999, -999, -999, -999, -999
19640807, 0000,  , TD, 28.5N,  92.6W,  25, -999, -999, -999, -999, -999, -999, -999, -999, -999, -999, -999, -999, -999, -999
19640807, 0600,  , TD, 28.6N,  93.5W,  30, -999, -999, -999, -999, -999, -999, -999, -999, -999, -999, -999, -999, -999, -999
19640807, 1200,  , TS, 28.6N,  94.4W,  40, -999, -999, -999, -999, -999, -999, -999, -999, -999, -999, -999, -999, -999, -999
19640807, 1800,  , TS, 28.6N,  95.2W,  55, 1000, -999, -999, -999, -999, -999, -999, -999, -999, -999, -999, -999, -999, -999
19640807, 2030, L, TS, 28.8N,  95.6W,  60, -999, -999, -999, -999, -999, -999, -999, -999, -999, -999, -999, -999, -999, -999
19640808, 0000,  , TS, 28.8N,  96.1W,  50, 1000, -999, -999, -999, -999, -999, -999, -999, -999, -999, -999, -999, -999, -999
19640808, 0600,  , TS, 28.9N,  97.1W,  35, -999, -999, -999, -999, -999, -999, -999, -999, -999, -999, -999, -999, -999, -999
19640808, 1200,  , TD, 28.9N,  98.0W,  25, -999, -999, -999, -999, -999, -999, -999, -999, -999, -999, -999, -999, -999, -999
19640808, 1800,  , TD, 28.9N,  98.7W,  20, -999, -999, -999, -999, -999, -999, -999, -999, -999, -999, -999, -999, -999, -999
AL041964,             BRENDA,     11,
19640808, 0600,  , TD, 33.0N,  67.0W,  30, -999, -999, -999, -999, -999, -999, -999, -999, -999, -999, -999, -999, -999, -999
19640808, 1200,  , TS, 32.4N,  65.2W,  45, 1006, -999, -999, -999, -999, -999, -999, -999, -999, -999, -999, -999, -999, -999
19640808, 1300, L, TS, 32.3N,  64.8W,  45, 1006, -999, -999, -999, -999, -999, -999, -999, -999, -999, -999, -999, -999, -999
19640808, 1800,  , TS, 31.9N,  63.7W,  45, -999, -999, -999, -999, -999, -999, -999, -999, -999, -999, -999, -999, -999, -999
19640809, 0000,  , TS, 31.4N,  62.1W,  45, -999, -999, -999, -999, -999, -999, -999, -999, -999, -999, -999, -999, -999, -999
19640809, 0600,  , TS, 31.5N,  61.2W,  45, -999, -999, -999, -999, -999, -999, -999, -999, -999, -999, -999, -999, -999, -999
19640809, 1200,  , TS, 31.9N,  60.6W,  45, 1008, -999, -999, -999, -999, -999, -999, -999, -999, -999, -999, -999, -999, -999
19640809, 1800,  , TS, 32.8N,  60.1W,  45, 1006, -999, -999, -999, -999, -999, -999, -999, -999, -999, -999, -999, -999, -999
19640810, 0000,  , TS, 33.7N,  59.2W,  45, -999, -999, -999, -999, -999, -999, -999, -999, -999, -999, -999, -999, -999, -999
19640810, 0600,  , TS, 34.5N,  58.0W,  40, -999, -999, -999, -999, -999, -999, -999, -999, -999, -999, -999, -999, -999, -999
19640810, 1200,  , TS, 35.2N,  56.5W,  35, 1010, -999, -999, -999, -999, -999, -999, -999, -999, -999, -999, -999, -999, -999
AL051964,               CLEO,     92,
19640820, 1800,  , TS, 13.1N,  44.3W,  40, 1003, -999, -999, -999, -999, -999, -999, -999, -999, -999, -999, -999, -999, -999
19640821, 0000,  , TS, 13.3N,  46.7W,  40, -999, -999, -999, -999, -999, -999, -999, -999, -999, -999, -999, -999, -999, -999
19640821, 0600,  , TS, 13.7N,  49.1W,  45, -999, -999, -999, -999, -999, -999, -999, -999, -999, -999, -999, -999, -999, -999
19640821, 1200,  , TS, 14.1N,  51.4W,  55, 1000, -999, -999, -999, -999, -999, -999, -999, -999, -999, -999, -999, -999, -999
19640821, 1800,  , HU, 14.5N,  53.5W,  65,  993, -999, -999, -999, -999, -999, -999, -999, -999, -999, -999, -999, -999, -999
19640822, 0000,  , HU, 14.9N,  55.7W,  75, -999, -999, -999, -999, -999, -999, -999, -999, -999, -999, -999, -999, -999, -999
19640822, 0600,  , HU, 15.3N,  57.7W,  85, -999, -999, -999, -999, -999, -999, -999, -999, -999, -999, -999, -999, -999, -999
19640822, 1200,  , HU, 15.7N,  59.7W, 100,  970, -999, -999, -999, -999, -999, -999, -999, -999, -999, -999, -999, -999, -999
19640822, 1700, L, HU, 15.9N,  61.3W, 110,  962, -999, -999, -999, -999, -999, -999, -999, -999, -999, -999, -999, -999, -999
19640822, 1800, L, HU, 16.0N,  61.6W, 110,  962, -999, -999, -999, -999, -999, -999, -999, -999, -999, -999, -999, -999, -999
19640823, 0000,  , HU, 16.2N,  63.4W, 120, -999, -999, -999, -999, -999, -999, -999, -999, -999, -999, -999, -999, -999, -999
19640823, 0600,  , HU, 16.3N,  65.0W, 125, -999, -999, -999, -999, -999, -999, -999, -999, -999, -999, -999, -999, -999, -999
19640823, 1200,  , HU, 16.5N,  66.6W, 130,  938, -999, -999, -999, -999, -999, -999, -999, -999, -999, -999, -999, -999, -999
19640823, 1800,  , HU, 16.7N,  68.0W, 125,  945, -999, -999, -999, -999, -999, -999, -999, -999, -999, -999, -999, -999, -999
19640824, 0000,  , HU, 16.8N,  69.4W, 125, -999, -999, -999, -999, -999, -999, -999, -999, -999, -999, -999, -999, -999, -999
19640824, 0600,  , HU, 17.0N,  70.6W, 125, -999, -999, -999, -999, -999, -999, -999, -999, -999, -999, -999, -999, -999, -999
19640824, 1200,  , HU, 17.3N,  71.9W, 130, -999, -999, -999, -999, -999, -999, -999, -999, -999, -999, -999, -999, -999, -999
19640824, 1800,  , HU, 18.0N,  73.2W, 130, -999, -999, -999, -999, -999, -999, -999, -999, -999, -999, -999, -999, -999, -999
19640824, 2000, L, HU, 18.2N,  73.7W, 130, -999, -999, -999, -999, -999, -999, -999, -999, -999, -999, -999, -999, -999, -999
19640825, 0000,  , HU, 18.6N,  74.4W,  95, -999, -999, -999, -999, -999, -999, -999, -999, -999, -999, -999, -999, -999, -999
19640825, 0600,  , HU, 19.0N,  75.5W,  85, -999, -999, -999, -999, -999, -999, -999, -999, -999, -999, -999, -999, -999, -999
19640825, 1200,  , HU, 19.4N,  76.6W,  75, -999, -999, -999, -999, -999, -999, -999, -999, -999, -999, -999, -999, -999, -999
19640825, 1700, L, HU, 19.9N,  77.4W,  70, -999, -999, -999, -999, -999, -999, -999, -999, -999, -999, -999, -999, -999, -999
19640825, 1800,  , HU, 20.0N,  77.6W,  70, -999, -999, -999, -999, -999, -999, -999, -999, -999, -999, -999, -999, -999, -999
19640826, 0000,  , HU, 20.8N,  78.4W,  70, -999, -999, -999, -999, -999, -999, -999, -999, -999, -999, -999, -999, -999, -999
19640826, 0600,  , HU, 21.5N,  78.9W,  70, -999, -999, -999, -999, -999, -999, -999, -999, -999, -999, -999, -999, -999, -999
19640826, 0700, L, HU, 21.6N,  79.0W,  70, -999, -999, -999, -999, -999, -999, -999, -999, -999, -999, -999, -999, -999, -999
19640826, 1200,  , TS, 22.4N,  79.2W,  60, -999, -999, -999, -999, -999, -999, -999, -999, -999, -999, -999, -999, -999, -999
19640826, 1800,  , HU, 23.7N,  79.6W,  70,  990, -999, -999, -999, -999, -999, -999, -999, -999, -999, -999, -999, -999, -999
19640827, 0000,  , HU, 24.6N,  79.7W,  80,  984, -999, -999, -999, -999, -999, -999, -999, -999, -999, -999, -999, -999, -999
19640827, 0600,  , HU, 25.5N,  80.0W,  95,  968, -999, -999, -999, -999, -999, -999, -999, -999, -999, -999, -999, -999, -999
19640827, 0800, L, HU, 25.8N,  80.1W,  95,  968, -999, -999, -999, -999, -999, -999, -999, -999, -999, -999, -999, -999,   10
19640827, 1200,  , HU, 26.3N,  80.2W,  80,  971, -999, -999, -999, -999, -999, -999, -999, -999, -999, -999, -999, -999, -999
19640827, 1800,  , TS, 27.2N,  80.5W,  55, -999, -999, -999, -999, -999, -999, -999, -999, -999, -999, -999, -999, -999, -999
19640828, 0000,  , TS, 27.9N,  80.7W,  45,  983, -999, -999, -999, -999, -999, -999, -999, -999, -999, -999, -999, -999, -999
19640828, 0600,  , TS, 28.6N,  81.0W,  45, -999, -999, -999, -999, -999, -999, -999, -999, -999, -999, -999, -999, -999, -999
19640828, 1200,  , TS, 29.5N,  81.3W,  55, -999, -999, -999, -999, -999, -999, -999, -999, -999, -999, -999, -999, -999, -999
19640828, 1800,  , TS, 30.2N,  81.3W,  55,  995, -999, -999, -999, -999, -999, -999, -999, -999, -999, -999, -999, -999, -999
19640829, 0000,  , TS, 30.8N,  81.3W,  50,  999, -999, -999, -999, -999, -999, -999, -999, -999, -999, -999, -999, -999, -999
19640829, 0400, L, TS, 31.2N,  81.3W,  50,  999, -999, -999, -999, -999, -999, -999, -999, -999, -999, -999, -999, -999, -999
19640829, 0600,  , TS, 31.4N,  81.3W,  50,  999, -999, -999, -999, -999, -999, -999, -999, -999, -999, -999, -999, -999, -999
19640829, 1200,  , TS, 32.0N,  81.4W,  45, 1000, -999, -999, -999, -999, -999, -999, -999, -999, -999, -999, -999, -999, -999
19640829, 1800,  , TS, 32.4N,  81.6W,  40, -999, -999, -999, -999, -999, -999, -999, -999, -999, -999, -999, -999, -999, -999
19640830, 0000,  , TS, 32.9N,  81.9W,  40, -999, -999, -999, -999, -999, -999, -999, -999, -999, -999, -999, -999, -999, -999
19640830, 0600,  , TS, 33.4N,  82.1W,  35, 1005, -999, -999, -999, -999, -999, -999, -999, -999, -999, -999, -999, -999, -999
19640830, 1200,  , TD, 34.0N,  82.0W,  30, -999, -999, -999, -999, -999, -999, -999, -999, -999, -999, -999, -999, -999, -999
19640830, 1800,  , TD, 34.6N,  81.6W,  25, -999, -999, -999, -999, -999, -999, -999, -999, -999, -999, -999, -999, -999, -999
19640831, 0000,  , TD, 35.1N,  81.1W,  25, 1007, -999, -999, -999, -999, -999, -999, -999, -999, -999, -999, -999, -999, -999
19640831, 0600,  , TD, 35.6N,  80.3W,  25, 1007, -999, -999, -999, -999, -999, -999, -999, -999, -999, -999, -999, -999, -999
19640831, 1200,  , TD, 36.0N,  79.5W,  25, 1007, -999, -999, -999, -999, -999, -999, -999, -999, -999, -999, -999, -999, -999
19640831, 1800,  , TD, 36.2N,  78.5W,  30, -999, -999, -999, -999, -999, -999, -999, -999, -999, -999, -999, -999, -999, -999
19640901, 0000,  , TD, 36.3N,  77.4W,  30, 1005, -999, -999, -999, -999, -999, -999, -999, -999, -999, -999, -999, -999, -999
19640901, 0600,  , TS, 36.3N,  76.4W,  35, 1001, -999, -999, -999, -999, -999, -999, -999, -999, -999, -999, -999, -999, -999
19640901, 1200,  , TS, 35.9N,  75.4W,  40,  999, -999, -999, -999, -999, -999, -999, -999, -999, -999, -999, -999, -999, -999
19640901, 1800,  , TS, 35.6N,  74.4W,  45, -999, -999, -999, -999, -999, -999, -999, -999, -999, -999, -999, -999, -999, -999
19640902, 0000,  , TS, 35.3N,  73.4W,  55,  997, -999, -999, -999, -999, -999, -999, -999, -999, -999, -999, -999, -999, -999
19640902, 0600,  , HU, 35.2N,  72.3W,  65, -999, -999, -999, -999, -999, -999, -999, -999, -999, -999, -999, -999, -999, -999
19640902, 1200,  , HU, 35.5N,  71.0W,  75,  980, -999, -999, -999, -999, -999, -999, -999, -999, -999, -999, -999, -999, -999
19640902, 1800,  , HU, 35.7N,  69.6W,  75, -999, -999, -999, -999, -999, -999, -999, -999, -999, -999, -999, -999, -999, -999
19640903, 0000,  , HU, 36.0N,  67.7W,  75, -999, -999, -999, -999, -999, -999, -999, -999, -999, -999, -999, -999, -999, -999
19640903, 0600,  , HU, 36.5N,  65.6W,  75,  980, -999, -999, -999, -999, -999, -999, -999, -999, -999, -999, -999, -999, -999
19640903, 1200,  , HU, 37.1N,  63.5W,  80,  980, -999, -999, -999, -999, -999, -999, -999, -999, -999, -999, -999, -999, -999
19640903, 1800,  , HU, 37.8N,  61.0W,  85,  975, -999, -999, -999, -999, -999, -999, -999, -999, -999, -999, -999, -999, -999
19640904, 0000,  , HU, 38.7N,  56.9W,  85, -999, -999, -999, -999, -999, -999, -999, -999, -999, -999, -999, -999, -999, -999
19640904, 0600,  , HU, 41.5N,  53.0W,  85, -999, -999, -999, -999, -999, -999, -999, -999, -999, -999, -999, -999, -999, -999
19640904, 1200,  , EX, 44.7N,  50.5W,  85,  970, -999, -999, -999, -999, -999, -999, -999, -999, -999, -999, -999, -999, -999
19640904, 1800,  , EX, 46.9N,  49.8W,  80, -999, -999, -999, -999, -999, -999, -999, -999, -999, -999, -999, -999, -999, -999
19640905, 0000,  , EX, 48.8N,  49.5W,  75, -999, -999, -999, -999, -999, -999, -999, -999, -999, -999, -999, -999, -999, -999
19640905, 0600,  , EX, 51.0N,  49.0W,  65, -999, -999, -999, -999, -999, -999, -999, -999, -999, -999, -999, -999, -999, -999
19640905, 1200,  , EX, 52.8N,  48.3W,  60, -999, -999, -999, -999, -999, -999, -999, -999, -999, -999, -999, -999, -999, -999
19640905, 1800,  , EX, 54.1N,  46.9W,  55, -999, -999, -999, -999, -999, -999, -999, -999, -999, -999, -999, -999, -999, -999
19640906, 0000,  , EX, 55.0N,  45.5W,  50, -999, -999, -999, -999, -999, -999, -999, -999, -999, -999, -999, -999, -999, -999
19640906, 0600,  , EX, 55.3N,  44.8W,  50, -999, -999, -999, -999, -999, -999, -999, -999, -999, -999, -999, -999, -999, -999
19640906, 1200,  , EX, 55.5N,  44.0W,  50, -999, -999, -999, -999, -999, -999, -999, -999, -999, -999, -999, -999, -999, -999
19640906, 1800,  , EX, 55.3N,  43.2W,  50, -999, -999, -999, -999, -999, -999, -999, -999, -999, -999, -999, -999, -999, -999
19640907, 0000,  , EX, 55.0N,  42.5W,  45, -999, -999, -999, -999, -999, -999, -999, -999, -999, -999, -999, -999, -999, -999
19640907, 0600,  , EX, 54.7N,  41.8W,  45, -999, -999, -999, -999, -999, -999, -999, -999, -999, -999, -999, -999, -999, -999
19640907, 1200,  , EX, 54.4N,  41.0W,  40, -999, -999, -999, -999, -999, -999, -999, -999, -999, -999, -999, -999, -999, -999
19640907, 1800,  , EX, 54.1N,  40.4W,  40, -999, -999, -999, -999, -999, -999, -999, -999, -999, -999, -999, -999, -999, -999
19640908, 0000,  , EX, 53.6N,  39.7W,  40, -999, -999, -999, -999, -999, -999, -999, -999, -999, -999, -999, -999, -999, -999
19640908, 0600,  , EX, 53.2N,  39.2W,  40, -999, -999, -999, -999, -999, -999, -999, -999, -999, -999, -999, -999, -999, -999
19640908, 1200,  , EX, 52.8N,  38.7W,  35, -999, -999, -999, -999, -999, -999, -999, -999, -999, -999, -999, -999, -999, -999
19640908, 1800,  , EX, 52.5N,  38.5W,  35, -999, -999, -999, -999, -999, -999, -999, -999, -999, -999, -999, -999, -999, -999
19640909, 0000,  , EX, 52.5N,  38.5W,  30, -999, -999, -999, -999, -999, -999, -999, -999, -999, -999, -999, -999, -999, -999
19640909, 0600,  , EX, 53.0N,  37.5W,  30, -999, -999, -999, -999, -999, -999, -999, -999, -999, -999, -999, -999, -999, -999
19640909, 1200,  , EX, 53.5N,  36.5W,  30, -999, -999, -999, -999, -999, -999, -999, -999, -999, -999, -999, -999, -999, -999
19640909, 1800,  , EX, 54.5N,  35.5W,  30, -999, -999, -999, -999, -999, -999, -999, -999, -999, -999, -999, -999, -999, -999
19640910, 0000,  , EX, 55.0N,  34.0W,  30, -999, -999, -999, -999, -999, -999, -999, -999, -999, -999, -999, -999, -999, -999
19640910, 0600,  , EX, 55.0N,  32.0W,  30, -999, -999, -999, -999, -999, -999, -999, -999, -999, -999, -999, -999, -999, -999
19640910, 1200,  , EX, 56.0N,  30.0W,  30, -999, -999, -999, -999, -999, -999, -999, -999, -999, -999, -999, -999, -999, -999
19640910, 1800,  , EX, 56.5N,  27.5W,  30, -999, -999, -999, -999, -999, -999, -999, -999, -999, -999, -999, -999, -999, -999
19640911, 0000,  , EX, 56.5N,  26.0W,  25, -999, -999, -999, -999, -999, -999, -999, -999, -999, -999, -999, -999, -999, -999
AL061964,               DORA,     75,
19640828, 1200,  , TD, 14.0N,  17.0W,  30, -999, -999, -999, -999, -999, -999, -999, -999, -999, -999, -999, -999, -999, -999
19640828, 1800,  , TD, 14.0N,  18.8W,  30, -999, -999, -999, -999, -999, -999, -999, -999, -999, -999, -999, -999, -999, -999
19640829, 0000,  , TD, 13.9N,  20.6W,  30, -999, -999, -999, -999, -999, -999, -999, -999, -999, -999, -999, -999, -999, -999
19640829, 0600,  , TD, 13.7N,  22.4W,  30, -999, -999, -999, -999, -999, -999, -999, -999, -999, -999, -999, -999, -999, -999
19640829, 1200,  , TD, 13.5N,  24.2W,  30, 1007, -999, -999, -999, -999, -999, -999, -999, -999, -999, -999, -999, -999, -999
19640829, 1800,  , TD, 13.3N,  26.1W,  30, -999, -999, -999, -999, -999, -999, -999, -999, -999, -999, -999, -999, -999, -999
19640830, 0000,  , TD, 13.0N,  28.1W,  30, -999, -999, -999, -999, -999, -999, -999, -999, -999, -999, -999, -999, -999, -999
19640830, 0600,  , TD, 12.7N,  30.1W,  30, -999, -999, -999, -999, -999, -999, -999, -999, -999, -999, -999, -999, -999, -999
19640830, 1200,  , TD, 12.4N,  32.0W,  30, -999, -999, -999, -999, -999, -999, -999, -999, -999, -999, -999, -999, -999, -999
19640830, 1800,  , TD, 12.0N,  34.0W,  30, -999, -999, -999, -999, -999, -999, -999, -999, -999, -999, -999, -999, -999, -999
19640831, 0000,  , TD, 11.6N,  36.0W,  30, -999, -999, -999, -999, -999, -999, -999, -999, -999, -999, -999, -999, -999, -999
19640831, 0600,  , TD, 11.2N,  38.0W,  30, -999, -999, -999, -999, -999, -999, -999, -999, -999, -999, -999, -999, -999, -999
19640831, 1200,  , TD, 11.0N,  40.0W,  30, -999, -999, -999, -999, -999, -999, -999, -999, -999, -999, -999, -999, -999, -999
19640831, 1800,  , TS, 11.0N,  41.9W,  35, -999, -999, -999, -999, -999, -999, -999, -999, -999, -999, -999, -999, -999, -999
19640901, 0000,  , TS, 11.2N,  43.7W,  40, -999, -999, -999, -999, -999, -999, -999, -999, -999, -999, -999, -999, -999, -999
19640901, 0600,  , TS, 11.5N,  45.4W,  45, -999, -999, -999, -999, -999, -999, -999, -999, -999, -999, -999, -999, -999, -999
19640901, 1200,  , TS, 11.9N,  47.0W,  50, -999, -999, -999, -999, -999, -999, -999, -999, -999, -999, -999, -999, -999, -999
19640901, 1800,  , TS, 12.5N,  48.5W,  55,  998, -999, -999, -999, -999, -999, -999, -999, -999, -999, -999, -999, -999, -999
19640902, 0000,  , TS, 13.3N,  49.8W,  55, -999, -999, -999, -999, -999, -999, -999, -999, -999, -999, -999, -999, -999, -999
19640902, 0600,  , TS, 14.3N,  51.3W,  60, -999, -999, -999, -999, -999, -999, -999, -999, -999, -999, -999, -999, -999, -999
19640902, 1200,  , TS, 15.5N,  53.0W,  60,  996, -999, -999, -999, -999, -999, -999, -999, -999, -999, -999, -999, -999, -999
19640902, 1800,  , HU, 16.8N,  54.6W,  65, -999, -999, -999, -999, -999, -999, -999, -999, -999, -999, -999, -999, -999, -999
19640903, 0000,  , HU, 17.7N,  56.1W,  70,  989, -999, -999, -999, -999, -999, -999, -999, -999, -999, -999, -999, -999, -999
19640903, 0600,  , HU, 18.2N,  57.2W,  75, -999, -999, -999, -999, -999, -999, -999, -999, -999, -999, -999, -999, -999, -999
19640903, 1200,  , HU, 18.7N,  58.0W,  75,  984, -999, -999, -999, -999, -999, -999, -999, -999, -999, -999, -999, -999, -999
19640903, 1800,  , HU, 19.6N,  58.8W,  80, -999, -999, -999, -999, -999, -999, -999, -999, -999, -999, -999, -999, -999, -999
19640904, 0000,  , HU, 20.5N,  59.4W,  80,  981, -999, -999, -999, -999, -999, -999, -999, -999, -999, -999, -999, -999, -999
19640904, 0600,  , HU, 21.1N,  59.9W,  80,  978, -999, -999, -999, -999, -999, -999, -999, -999, -999, -999, -999, -999, -999
19640904, 1200,  , HU, 21.6N,  60.3W,  80,  976, -999, -999, -999, -999, -999, -999, -999, -999, -999, -999, -999, -999, -999
19640904, 1800,  , HU, 22.2N,  60.8W,  85,  973, -999, -999, -999, -999, -999, -999, -999, -999, -999, -999, -999, -999, -999
19640905, 0000,  , HU, 22.7N,  61.2W,  85, -999, -999, -999, -999, -999, -999, -999, -999, -999, -999, -999, -999, -999, -999
19640905, 0600,  , HU, 23.3N,  61.6W,  90, -999, -999, -999, -999, -999, -999, -999, -999, -999, -999, -999, -999, -999, -999
19640905, 1200,  , HU, 24.0N,  62.1W,  90,  971, -999, -999, -999, -999, -999, -999, -999, -999, -999, -999, -999, -999, -999
19640905, 1800,  , HU, 24.8N,  62.9W, 100,  960, -999, -999, -999, -999, -999, -999, -999, -999, -999, -999, -999, -999, -999
19640906, 0000,  , HU, 25.5N,  63.6W, 105, -999, -999, -999, -999, -999, -999, -999, -999, -999, -999, -999, -999, -999, -999
19640906, 0600,  , HU, 26.1N,  64.4W, 115,  942, -999, -999, -999, -999, -999, -999, -999, -999, -999, -999, -999, -999, -999
19640906, 1200,  , HU, 26.7N,  65.2W, 110, -999, -999, -999, -999, -999, -999, -999, -999, -999, -999, -999, -999, -999, -999
19640906, 1800,  , HU, 27.1N,  66.0W, 100,  958, -999, -999, -999, -999, -999, -999, -999, -999, -999, -999, -999, -999, -999
19640907, 0000,  , HU, 27.5N,  66.9W,  95, -999, -999, -999, -999, -999, -999, -999, -999, -999, -999, -999, -999, -999, -999
19640907, 0600,  , HU, 27.8N,  67.8W,  95, -999, -999, -999, -999, -999, -999, -999, -999, -999, -999, -999, -999, -999, -999
19640907, 1200,  , HU, 28.0N,  69.0W,  95,  959, -999, -999, -999, -999, -999, -999, -999, -999, -999, -999, -999, -999, -999
19640907, 1800,  , HU, 28.2N,  70.3W,  95,  956, -999, -999, -999, -999, -999, -999, -999, -999, -999, -999, -999, -999, -999
19640908, 0000,  , HU, 28.3N,  71.7W,  95, -999, -999, -999, -999, -999, -999, -999, -999, -999, -999, -999, -999, -999, -999
19640908, 0600,  , HU, 28.5N,  73.0W,  95, -999, -999, -999, -999, -999, -999, -999, -999, -999, -999, -999, -999, -999, -999
19640908, 1200,  , HU, 28.6N,  74.5W,  90,  962, -999, -999, -999, -999, -999, -999, -999, -999, -999, -999, -999, -999, -999
19640908, 1800,  , HU, 28.6N,  76.0W,  90,  963, -999, -999, -999, -999, -999, -999, -999, -999, -999, -999, -999, -999, -999
19640909, 0000,  , HU, 28.8N,  77.4W,  85, -999, -999, -999, -999, -999, -999, -999, -999, -999, -999, -999, -999, -999, -999
19640909, 0600,  , HU, 29.1N,  78.5W,  80,  972, -999, -999, -999, -999, -999, -999, -999, -999, -999, -999, -999, -999, -999
19640909, 1200,  , HU, 29.4N,  79.4W,  80,  970, -999, -999, -999, -999, -999, -999, -999, -999, -999, -999, -999, -999, -999
19640909, 1800,  , HU, 29.7N,  80.0W,  90,  962, -999, -999, -999, -999, -999, -999, -999, -999, -999, -999, -999, -999, -999
19640910, 0000,  , HU, 29.8N,  80.6W,  90,  964, -999, -999, -999, -999, -999, -999, -999, -999, -999, -999, -999, -999, -999
19640910, 0600, L, HU, 29.9N,  81.3W,  95,  966, -999, -999, -999, -999, -999, -999, -999, -999, -999, -999, -999, -999,    5
19640910, 1200,  , HU, 30.0N,  82.1W,  65, -999, -999, -999, -999, -999, -999, -999, -999, -999, -999, -999, -999, -999, -999
19640910, 1800,  , TS, 30.0N,  82.9W,  55, -999, -999, -999, -999, -999, -999, -999, -999, -999, -999, -999, -999, -999, -999
19640911, 0000,  , TS, 30.1N,  83.5W,  50, -999, -999, -999, -999, -999, -999, -999, -999, -999, -999, -999, -999, -999, -999
19640911, 0600,  , TS, 30.2N,  84.0W,  45,  990, -999, -999, -999, -999, -999, -999, -999, -999, -999, -999, -999, -999, -999
19640911, 1200,  , TS, 30.4N,  84.4W,  45, -999, -999, -999, -999, -999, -999, -999, -999, -999, -999, -999, -999, -999, -999
19640911, 1800,  , TS, 30.7N,  84.7W,  40, -999, -999, -999, -999, -999, -999, -999, -999, -999, -999, -999, -999, -999, -999
19640912, 0000,  , TS, 31.1N,  84.7W,  40,  993, -999, -999, -999, -999, -999, -999, -999, -999, -999, -999, -999, -999, -999
19640912, 0600,  , TS, 31.3N,  84.6W,  40,  995, -999, -999, -999, -999, -999, -999, -999, -999, -999, -999, -999, -999, -999
19640912, 1200,  , TS, 31.4N,  84.2W,  45,  996, -999, -999, -999, -999, -999, -999, -999, -999, -999, -999, -999, -999, -999
19640912, 1800,  , TS, 31.6N,  83.4W,  55,  995, -999, -999, -999, -999, -999, -999, -999, -999, -999, -999, -999, -999, -999
19640913, 0000,  , TS, 32.1N,  82.3W,  60,  996, -999, -999, -999, -999, -999, -999, -999, -999, -999, -999, -999, -999, -999
19640913, 0600,  , TS, 32.7N,  81.0W,  60, -999, -999, -999, -999, -999, -999, -999, -999, -999, -999, -999, -999, -999, -999
19640913, 1200,  , EX, 33.6N,  79.2W,  60, -999, -999, -999, -999, -999, -999, -999, -999, -999, -999, -999, -999, -999, -999
19640913, 1800,  , EX, 34.6N,  77.2W,  60, -999, -999, -999, -999, -999, -999, -999, -999, -999, -999, -999, -999, -999, -999
19640914, 0000,  , EX, 35.6N,  75.3W,  60,  998, -999, -999, -999, -999, -999, -999, -999, -999, -999, -999, -999, -999, -999
19640914, 0600,  , EX, 36.9N,  73.3W,  60, -999, -999, -999, -999, -999, -999, -999, -999, -999, -999, -999, -999, -999, -999
19640914, 1200,  , EX, 38.5N,  71.0W,  60, -999, -999, -999, -999, -999, -999, -999, -999, -999, -999, -999, -999, -999, -999
19640914, 1800,  , EX, 40.4N,  68.1W,  60, -999, -999, -999, -999, -999, -999, -999, -999, -999, -999, -999, -999, -999, -999
19640915, 0000,  , EX, 42.4N,  64.8W,  55, -999, -999, -999, -999, -999, -999, -999, -999, -999, -999, -999, -999, -999, -999
19640915, 0600,  , EX, 44.3N,  61.5W,  55, -999, -999, -999, -999, -999, -999, -999, -999, -999, -999, -999, -999, -999, -999
19640915, 1200,  , EX, 46.0N,  58.5W,  55, -999, -999, -999, -999, -999, -999, -999, -999, -999, -999, -999, -999, -999, -999
19640915, 1800,  , EX, 47.6N,  55.6W,  55, -999, -999, -999, -999, -999, -999, -999, -999, -999, -999, -999, -999, -999, -999
19640916, 0000,  , EX, 49.5N,  53.0W,  55, -999, -999, -999, -999, -999, -999, -999, -999, -999, -999, -999, -999, -999, -999
AL071964,              ETHEL,     54,
19640904, 0600,  , TD, 17.7N,  35.6W,  25, -999, -999, -999, -999, -999, -999, -999, -999, -999, -999, -999, -999, -999, -999
19640904, 1200,  , TD, 18.0N,  37.0W,  30, -999, -999, -999, -999, -999, -999, -999, -999, -999, -999, -999, -999, -999, -999
19640904, 1800,  , TS, 18.4N,  38.4W,  35, -999, -999, -999, -999, -999, -999, -999, -999, -999, -999, -999, -999, -999, -999
19640905, 0000,  , TS, 18.8N,  39.9W,  35, -999, -999, -999, -999, -999, -999, -999, -999, -999, -999, -999, -999, -999, -999
19640905, 0600,  , TS, 19.2N,  41.5W,  35, -999, -999, -999, -999, -999, -999, -999, -999, -999, -999, -999, -999, -999, -999
19640905, 1200,  , TS, 19.5N,  43.0W,  35, -999, -999, -999, -999, -999, -999, -999, -999, -999, -999, -999, -999, -999, -999
19640905, 1800,  , TS, 19.9N,  44.7W,  35, 1005, -999, -999, -999, -999, -999, -999, -999, -999, -999, -999, -999, -999, -999
19640906, 0000,  , TS, 20.3N,  46.4W,  35, -999, -999, -999, -999, -999, -999, -999, -999, -999, -999, -999, -999, -999, -999
19640906, 0600,  , TS, 20.9N,  48.3W,  35, -999, -999, -999, -999, -999, -999, -999, -999, -999, -999, -999, -999, -999, -999
19640906, 1200,  , TS, 22.0N,  50.3W,  35, 1008, -999, -999, -999, -999, -999, -999, -999, -999, -999, -999, -999, -999, -999
19640906, 1800,  , TS, 23.3N,  52.3W,  40, -999, -999, -999, -999, -999, -999, -999, -999, -999, -999, -999, -999, -999, -999
19640907, 0000,  , TS, 24.3N,  53.8W,  40, 1006, -999, -999, -999, -999, -999, -999, -999, -999, -999, -999, -999, -999, -999
19640907, 0600,  , TS, 25.0N,  55.2W,  45, -999, -999, -999, -999, -999, -999, -999, -999, -999, -999, -999, -999, -999, -999
19640907, 1200,  , TS, 25.6N,  56.5W,  45, -999, -999, -999, -999, -999, -999, -999, -999, -999, -999, -999, -999, -999, -999
19640907, 1800,  , TS, 26.3N,  57.7W,  50, -999, -999, -999, -999, -999, -999, -999, -999, -999, -999, -999, -999, -999, -999
19640908, 0000,  , TS, 26.9N,  58.8W,  50, -999, -999, -999, -999, -999, -999, -999, -999, -999, -999, -999, -999, -999, -999
19640908, 0600,  , TS, 27.2N,  59.5W,  50, -999, -999, -999, -999, -999, -999, -999, -999, -999, -999, -999, -999, -999, -999
19640908, 1200,  , TS, 27.4N,  60.2W,  55,  999, -999, -999, -999, -999, -999, -999, -999, -999, -999, -999, -999, -999, -999
19640908, 1800,  , HU, 27.5N,  60.6W,  65,  986, -999, -999, -999, -999, -999, -999, -999, -999, -999, -999, -999, -999, -999
19640909, 0000,  , HU, 27.6N,  61.1W,  65, -999, -999, -999, -999, -999, -999, -999, -999, -999, -999, -999, -999, -999, -999
19640909, 0600,  , HU, 27.7N,  61.5W,  65,  989, -999, -999, -999, -999, -999, -999, -999, -999, -999, -999, -999, -999, -999
19640909, 1200,  , HU, 27.7N,  62.2W,  65,  984, -999, -999, -999, -999, -999, -999, -999, -999, -999, -999, -999, -999, -999
19640909, 1800,  , HU, 27.7N,  63.1W,  65, -999, -999, -999, -999, -999, -999, -999, -999, -999, -999, -999, -999, -999, -999
19640910, 0000,  , HU, 27.6N,  64.0W,  70, -999, -999, -999, -999, -999, -999, -999, -999, -999, -999, -999, -999, -999, -999
19640910, 0600,  , HU, 27.4N,  64.8W,  70, -999, -999, -999, -999, -999, -999, -999, -999, -999, -999, -999, -999, -999, -999
19640910, 1200,  , HU, 27.3N,  65.4W,  75,  976, -999, -999, -999, -999, -999, -999, -999, -999, -999, -999, -999, -999, -999
19640910, 1800,  , HU, 27.4N,  65.8W,  75,  977, -999, -999, -999, -999, -999, -999, -999, -999, -999, -999, -999, -999, -999
19640911, 0000,  , HU, 27.5N,  66.0W,  75, -999, -999, -999, -999, -999, -999, -999, -999, -999, -999, -999, -999, -999, -999
19640911, 0600,  , HU, 27.8N,  66.2W,  70, -999, -999, -999, -999, -999, -999, -999, -999, -999, -999, -999, -999, -999, -999
19640911, 1200,  , HU, 28.2N,  66.4W,  70,  983, -999, -999, -999, -999, -999, -999, -999, -999, -999, -999, -999, -999, -999
19640911, 1800,  , HU, 28.8N,  66.7W,  75,  977, -999, -999, -999, -999, -999, -999, -999, -999, -999, -999, -999, -999, -999
19640912, 0000,  , HU, 29.5N,  67.0W,  75, -999, -999, -999, -999, -999, -999, -999, -999, -999, -999, -999, -999, -999, -999
19640912, 0600,  , HU, 30.3N,  67.2W,  80, -999, -999, -999, -999, -999, -999, -999, -999, -999, -999, -999, -999, -999, -999
19640912, 1200,  , HU, 31.1N,  67.3W,  80,  974, -999, -999, -999, -999, -999, -999, -999, -999, -999, -999, -999, -999, -999
19640912, 1800,  , HU, 31.9N,  66.9W,  80,  976, -999, -999, -999, -999, -999, -999, -999, -999, -999, -999, -999, -999, -999
19640913, 0000,  , HU, 32.9N,  66.1W,  80, -999, -999, -999, -999, -999, -999, -999, -999, -999, -999, -999, -999, -999, -999
19640913, 0600,  , HU, 34.1N,  64.9W,  85, -999, -999, -999, -999, -999, -999, -999, -999, -999, -999, -999, -999, -999, -999
19640913, 1200,  , HU, 35.5N,  63.2W,  90, -999, -999, -999, -999, -999, -999, -999, -999, -999, -999, -999, -999, -999, -999
19640913, 1800,  , HU, 37.0N,  61.4W,  90, -999, -999, -999, -999, -999, -999, -999, -999, -999, -999, -999, -999, -999, -999
19640914, 0000,  , HU, 38.4N,  59.4W,  90, -999, -999, -999, -999, -999, -999, -999, -999, -999, -999, -999, -999, -999, -999
19640914, 0600,  , HU, 40.0N,  57.2W,  90, -999, -999, -999, -999, -999, -999, -999, -999, -999, -999, -999, -999, -999, -999
19640914, 1200,  , HU, 41.5N,  54.8W,  90, -999, -999, -999, -999, -999, -999, -999, -999, -999, -999, -999, -999, -999, -999
19640914, 1800,  , EX, 42.9N,  51.9W,  85,  969, -999, -999, -999, -999, -999, -999, -999, -999, -999, -999, -999, -999, -999
19640915, 0000,  , EX, 44.0N,  49.0W,  75, -999, -999, -999, -999, -999, -999, -999, -999, -999, -999, -999, -999, -999, -999
19640915, 0600,  , EX, 44.8N,  45.7W,  65, -999, -999, -999, -999, -999, -999, -999, -999, -999, -999, -999, -999, -999, -999
19640915, 1200,  , EX, 45.0N,  42.2W,  60, -999, -999, -999, -999, -999, -999, -999, -999, -999, -999, -999, -999, -999, -999
19640915, 1800,  , EX, 44.8N,  38.3W,  60, -999, -999, -999, -999, -999, -999, -999, -999, -999, -999, -999, -999, -999, -999
19640916, 0000,  , EX, 44.4N,  34.8W,  55, -999, -999, -999, -999, -999, -999, -999, -999, -999, -999, -999, -999, -999, -999
19640916, 0600,  , EX, 44.0N,  31.5W,  50, -999, -999, -999, -999, -999, -999, -999, -999, -999, -999, -999, -999, -999, -999
19640916, 1200,  , EX, 43.5N,  29.0W,  45, -999, -999, -999, -999, -999, -999, -999, -999, -999, -999, -999, -999, -999, -999
19640916, 1800,  , EX, 42.5N,  27.5W,  40, -999, -999, -999, -999, -999, -999, -999, -999, -999, -999, -999, -999, -999, -999
19640917, 0000,  , EX, 41.5N,  26.5W,  35, -999, -999, -999, -999, -999, -999, -999, -999, -999, -999, -999, -999, -999, -999
19640917, 0600,  , EX, 40.5N,  25.7W,  30, -999, -999, -999, -999, -999, -999, -999, -999, -999, -999, -999, -999, -999, -999
19640917, 1200,  , EX, 39.5N,  25.0W,  30, -999, -999, -999, -999, -999, -999, -999, -999, -999, -999, -999, -999, -999, -999
AL081964,           FLORENCE,     21,
19640905, 0600,  , TD, 14.5N,  18.0W,  30, 1004, -999, -999, -999, -999, -999, -999, -999, -999, -999, -999, -999, -999, -999
19640905, 1200,  , TD, 15.0N,  18.9W,  30, -999, -999, -999, -999, -999, -999, -999, -999, -999, -999, -999, -999, -999, -999
19640905, 1800,  , TD, 15.4N,  20.0W,  30, -999, -999, -999, -999, -999, -999, -999, -999, -999, -999, -999, -999, -999, -999
19640906, 0000,  , TD, 15.8N,  21.2W,  30, -999, -999, -999, -999, -999, -999, -999, -999, -999, -999, -999, -999, -999, -999
19640906, 0600,  , TD, 16.3N,  22.4W,  30, -999, -999, -999, -999, -999, -999, -999, -999, -999, -999, -999, -999, -999, -999
19640906, 1200,  , TD, 16.8N,  23.5W,  30, 1003, -999, -999, -999, -999, -999, -999, -999, -999, -999, -999, -999, -999, -999
19640906, 1800,  , TD, 17.5N,  24.5W,  30, -999, -999, -999, -999, -999, -999, -999, -999, -999, -999, -999, -999, -999, -999
19640907, 0000,  , TS, 18.1N,  25.5W,  35, -999, -999, -999, -999, -999, -999, -999, -999, -999, -999, -999, -999, -999, -999
19640907, 0600,  , TS, 18.9N,  26.5W,  35, -999, -999, -999, -999, -999, -999, -999, -999, -999, -999, -999, -999, -999, -999
19640907, 1200,  , TS, 19.8N,  27.5W,  35, -999, -999, -999, -999, -999, -999, -999, -999, -999, -999, -999, -999, -999, -999
19640907, 1800,  , TS, 20.6N,  28.5W,  35, -999, -999, -999, -999, -999, -999, -999, -999, -999, -999, -999, -999, -999, -999
19640908, 0000,  , TS, 21.4N,  29.4W,  40, -999, -999, -999, -999, -999, -999, -999, -999, -999, -999, -999, -999, -999, -999
19640908, 0600,  , TS, 22.6N,  29.9W,  40, -999, -999, -999, -999, -999, -999, -999, -999, -999, -999, -999, -999, -999, -999
19640908, 1200,  , TS, 24.2N,  29.6W,  40, -999, -999, -999, -999, -999, -999, -999, -999, -999, -999, -999, -999, -999, -999
19640908, 1800,  , TS, 26.0N,  29.0W,  40, -999, -999, -999, -999, -999, -999, -999, -999, -999, -999, -999, -999, -999, -999
19640909, 0000,  , TS, 28.0N,  28.3W,  40, -999, -999, -999, -999, -999, -999, -999, -999, -999, -999, -999, -999, -999, -999
19640909, 0600,  , TS, 29.5N,  27.7W,  40, -999, -999, -999, -999, -999, -999, -999, -999, -999, -999, -999, -999, -999, -999
19640909, 1200,  , TS, 30.5N,  27.5W,  35, -999, -999, -999, -999, -999, -999, -999, -999, -999, -999, -999, -999, -999, -999
19640909, 1800,  , TS, 31.2N,  27.5W,  35, -999, -999, -999, -999, -999, -999, -999, -999, -999, -999, -999, -999, -999, -999
19640910, 0000,  , TD, 31.8N,  27.5W,  30, 1007, -999, -999, -999, -999, -999, -999, -999, -999, -999, -999, -999, -999, -999
19640910, 0600,  , TD, 32.0N,  27.5W,  30, -999, -999, -999, -999, -999, -999, -999, -999, -999, -999, -999, -999, -999, -999
AL091964,             GLADYS,     48,
19640913, 0600,  , TS, 14.7N,  44.5W,  55, -999, -999, -999, -999, -999, -999, -999, -999, -999, -999, -999, -999, -999, -999
19640913, 1200,  , TS, 15.4N,  46.0W,  55, -999, -999, -999, -999, -999, -999, -999, -999, -999, -999, -999, -999, -999, -999
19640913, 1800,  , TS, 16.2N,  47.5W,  55, -999, -999, -999, -999, -999, -999, -999, -999, -999, -999, -999, -999, -999, -999
19640914, 0000,  , TS, 17.0N,  49.0W,  60,  997, -999, -999, -999, -999, -999, -999, -999, -999, -999, -999, -999, -999, -999
19640914, 0600,  , TS, 17.9N,  50.5W,  60, -999, -999, -999, -999, -999, -999, -999, -999, -999, -999, -999, -999, -999, -999
19640914, 1200,  , HU, 18.8N,  52.0W,  65,  992, -999, -999, -999, -999, -999, -999, -999, -999, -999, -999, -999, -999, -999
19640914, 1800,  , HU, 19.6N,  53.4W,  65,  994, -999, -999, -999, -999, -999, -999, -999, -999, -999, -999, -999, -999, -999
19640915, 0000,  , HU, 20.2N,  54.5W,  65,  994, -999, -999, -999, -999, -999, -999, -999, -999, -999, -999, -999, -999, -999
19640915, 0600,  , TS, 20.7N,  55.4W,  60, -999, -999, -999, -999, -999, -999, -999, -999, -999, -999, -999, -999, -999, -999
19640915, 1200,  , TS, 21.2N,  56.2W,  60,  996, -999, -999, -999, -999, -999, -999, -999, -999, -999, -999, -999, -999, -999
19640915, 1800,  , TS, 21.7N,  57.1W,  60,  992, -999, -999, -999, -999, -999, -999, -999, -999, -999, -999, -999, -999, -999
19640916, 0000,  , TS, 22.2N,  58.1W,  60, -999, -999, -999, -999, -999, -999, -999, -999, -999, -999, -999, -999, -999, -999
19640916, 0600,  , HU, 22.7N,  59.1W,  65, -999, -999, -999, -999, -999, -999, -999, -999, -999, -999, -999, -999, -999, -999
19640916, 1200,  , HU, 23.0N,  60.0W,  70,  986, -999, -999, -999, -999, -999, -999, -999, -999, -999, -999, -999, -999, -999
19640916, 1800,  , HU, 23.3N,  60.9W,  75, -999, -999, -999, -999, -999, -999, -999, -999, -999, -999, -999, -999, -999, -999
19640917, 0000,  , HU, 23.7N,  62.0W,  75, -999, -999, -999, -999, -999, -999, -999, -999, -999, -999, -999, -999, -999, -999
19640917, 0600,  , HU, 24.2N,  63.1W,  85,  974, -999, -999, -999, -999, -999, -999, -999, -999, -999, -999, -999, -999, -999
19640917, 1200,  , HU, 24.5N,  64.0W, 105,  954, -999, -999, -999, -999, -999, -999, -999, -999, -999, -999, -999, -999, -999
19640917, 1800,  , HU, 25.0N,  65.1W, 115,  945, -999, -999, -999, -999, -999, -999, -999, -999, -999, -999, -999, -999, -999
19640918, 0000,  , HU, 25.4N,  65.9W, 110,  951, -999, -999, -999, -999, -999, -999, -999, -999, -999, -999, -999, -999, -999
19640918, 0600,  , HU, 25.8N,  66.5W, 110,  951, -999, -999, -999, -999, -999, -999, -999, -999, -999, -999, -999, -999, -999
19640918, 1200,  , HU, 26.1N,  67.1W, 110,  952, -999, -999, -999, -999, -999, -999, -999, -999, -999, -999, -999, -999, -999
19640918, 1800,  , HU, 26.4N,  67.7W, 110,  953, -999, -999, -999, -999, -999, -999, -999, -999, -999, -999, -999, -999, -999
19640919, 0000,  , HU, 26.7N,  68.2W, 110,  947, -999, -999, -999, -999, -999, -999, -999, -999, -999, -999, -999, -999, -999
19640919, 0600,  , HU, 27.0N,  68.7W, 110,  951, -999, -999, -999, -999, -999, -999, -999, -999, -999, -999, -999, -999, -999
19640919, 1200,  , HU, 27.3N,  69.1W, 100,  960, -999, -999, -999, -999, -999, -999, -999, -999, -999, -999, -999, -999, -999
19640919, 1800,  , HU, 27.6N,  69.5W, 100,  962, -999, -999, -999, -999, -999, -999, -999, -999, -999, -999, -999, -999, -999
19640920, 0000,  , HU, 27.9N,  69.6W, 100,  962, -999, -999, -999, -999, -999, -999, -999, -999, -999, -999, -999, -999, -999
19640920, 0600,  , HU, 28.4N,  69.7W,  95,  965, -999, -999, -999, -999, -999, -999, -999, -999, -999, -999, -999, -999, -999
19640920, 1200,  , HU, 28.9N,  69.7W,  85,  967, -999, -999, -999, -999, -999, -999, -999, -999, -999, -999, -999, -999, -999
19640920, 1800,  , HU, 29.4N,  69.6W,  85,  964, -999, -999, -999, -999, -999, -999, -999, -999, -999, -999, -999, -999, -999
19640921, 0000,  , HU, 29.8N,  69.5W,  80,  964, -999, -999, -999, -999, -999, -999, -999, -999, -999, -999, -999, -999, -999
19640921, 0600,  , HU, 30.4N,  69.5W,  75,  969, -999, -999, -999, -999, -999, -999, -999, -999, -999, -999, -999, -999, -999
19640921, 1200,  , HU, 31.2N,  69.7W,  65,  980, -999, -999, -999, -999, -999, -999, -999, -999, -999, -999, -999, -999, -999
19640921, 1800,  , HU, 32.3N,  70.2W,  65,  977, -999, -999, -999, -999, -999, -999, -999, -999, -999, -999, -999, -999, -999
19640922, 0000,  , HU, 33.1N,  70.8W,  65,  984, -999, -999, -999, -999, -999, -999, -999, -999, -999, -999, -999, -999, -999
19640922, 0600,  , HU, 33.7N,  71.3W,  65,  980, -999, -999, -999, -999, -999, -999, -999, -999, -999, -999, -999, -999, -999
19640922, 1200,  , HU, 33.9N,  71.8W,  65,  984, -999, -999, -999, -999, -999, -999, -999, -999, -999, -999, -999, -999, -999
19640922, 1800,  , HU, 34.2N,  72.2W,  65,  982, -999, -999, -999, -999, -999, -999, -999, -999, -999, -999, -999, -999, -999
19640923, 0000,  , HU, 34.8N,  72.4W,  70,  979, -999, -999, -999, -999, -999, -999, -999, -999, -999, -999, -999, -999, -999
19640923, 0600,  , HU, 35.6N,  72.2W,  75,  977, -999, -999, -999, -999, -999, -999, -999, -999, -999, -999, -999, -999, -999
19640923, 1200,  , HU, 36.4N,  71.8W,  75,  982, -999, -999, -999, -999, -999, -999, -999, -999, -999, -999, -999, -999, -999
19640923, 1800,  , HU, 37.7N,  70.7W,  80,  974, -999, -999, -999, -999, -999, -999, -999, -999, -999, -999, -999, -999, -999
19640924, 0000,  , HU, 39.2N,  69.0W,  75,  980, -999, -999, -999, -999, -999, -999, -999, -999, -999, -999, -999, -999, -999
19640924, 0600,  , HU, 40.9N,  66.9W,  75,  982, -999, -999, -999, -999, -999, -999, -999, -999, -999, -999, -999, -999, -999
19640924, 1200,  , HU, 42.8N,  64.2W,  75, -999, -999, -999, -999, -999, -999, -999, -999, -999, -999, -999, -999, -999, -999
19640924, 1800,  , HU, 44.7N,  59.8W,  70, -999, -999, -999, -999, -999, -999, -999, -999, -999, -999, -999, -999, -999, -999
19640925, 0000,  , EX, 47.5N,  54.9W,  60, -999, -999, -999, -999, -999, -999, -999, -999, -999, -999, -999, -999, -999, -999
AL101964,              HILDA,     39,
19640928, 1200,  , TD, 21.2N,  80.0W,  25, -999, -999, -999, -999, -999, -999, -999, -999, -999, -999, -999, -999, -999, -999
19640928, 1800,  , TD, 21.3N,  81.1W,  25, -999, -999, -999, -999, -999, -999, -999, -999, -999, -999, -999, -999, -999, -999
19640929, 0000,  , TD, 21.4N,  82.1W,  30, -999, -999, -999, -999, -999, -999, -999, -999, -999, -999, -999, -999, -999, -999
19640929, 0600,  , TD, 21.7N,  83.2W,  30, -999, -999, -999, -999, -999, -999, -999, -999, -999, -999, -999, -999, -999, -999
19640929, 1100, L, TS, 21.9N,  84.0W,  35, -999, -999, -999, -999, -999, -999, -999, -999, -999, -999, -999, -999, -999, -999
19640929, 1200,  , TS, 22.0N,  84.2W,  35, -999, -999, -999, -999, -999, -999, -999, -999, -999, -999, -999, -999, -999, -999
19640929, 1800,  , TS, 22.4N,  85.2W,  45, -999, -999, -999, -999, -999, -999, -999, -999, -999, -999, -999, -999, -999, -999
19640930, 0000,  , TS, 22.8N,  86.2W,  55,  997, -999, -999, -999, -999, -999, -999, -999, -999, -999, -999, -999, -999, -999
19640930, 0600,  , TS, 23.1N,  87.2W,  60,  994, -999, -999, -999, -999, -999, -999, -999, -999, -999, -999, -999, -999, -999
19640930, 1200,  , HU, 23.4N,  88.2W,  70,  984, -999, -999, -999, -999, -999, -999, -999, -999, -999, -999, -999, -999, -999
19640930, 1800,  , HU, 23.8N,  89.0W,  80,  978, -999, -999, -999, -999, -999, -999, -999, -999, -999, -999, -999, -999, -999
19641001, 0000,  , HU, 24.1N,  89.5W,  85,  977, -999, -999, -999, -999, -999, -999, -999, -999, -999, -999, -999, -999, -999
19641001, 0600,  , HU, 24.3N,  90.1W, 105,  955, -999, -999, -999, -999, -999, -999, -999, -999, -999, -999, -999, -999, -999
19641001, 1200,  , HU, 24.5N,  90.6W, 110,  951, -999, -999, -999, -999, -999, -999, -999, -999, -999, -999, -999, -999, -999
19641001, 1800,  , HU, 24.8N,  91.1W, 120,  941, -999, -999, -999, -999, -999, -999, -999, -999, -999, -999, -999, -999, -999
19641002, 0000,  , HU, 25.3N,  91.5W, 120,  942, -999, -999, -999, -999, -999, -999, -999, -999, -999, -999, -999, -999, -999
19641002, 0600,  , HU, 25.8N,  91.7W, 110, -999, -999, -999, -999, -999, -999, -999, -999, -999, -999, -999, -999, -999, -999
19641002, 1200,  , HU, 26.3N,  91.7W, 105,  956, -999, -999, -999, -999, -999, -999, -999, -999, -999, -999, -999, -999, -999
19641002, 1800,  , HU, 26.8N,  91.6W, 100, -999, -999, -999, -999, -999, -999, -999, -999, -999, -999, -999, -999, -999, -999
19641003, 0000,  , HU, 27.2N,  91.2W, 100,  960, -999, -999, -999, -999, -999, -999, -999, -999, -999, -999, -999, -999, -999
19641003, 0600,  , HU, 27.7N,  91.2W, 100,  964, -999, -999, -999, -999, -999, -999, -999, -999, -999, -999, -999, -999, -999
19641003, 1200,  , HU, 28.1N,  91.3W,  95,  962, -999, -999, -999, -999, -999, -999, -999, -999, -999, -999, -999, -999, -999
19641003, 1800,  , HU, 28.8N,  91.6W,  90,  961, -999, -999, -999, -999, -999, -999, -999, -999, -999, -999, -999, -999, -999
19641003, 2300, L, HU, 29.5N,  91.5W,  90,  959, -999, -999, -999, -999, -999, -999, -999, -999, -999, -999, -999, -999,   35
19641004, 0000,  , HU, 29.7N,  91.5W,  90,  959, -999, -999, -999, -999, -999, -999, -999, -999, -999, -999, -999, -999, -999
19641004, 0600,  , HU, 30.2N,  91.3W,  70, -999, -999, -999, -999, -999, -999, -999, -999, -999, -999, -999, -999, -999, -999
19641004, 1200,  , TS, 30.6N,  90.6W,  60, -999, -999, -999, -999, -999, -999, -999, -999, -999, -999, -999, -999, -999, -999
19641004, 1800,  , TS, 30.7N,  89.3W,  55, -999, -999, -999, -999, -999, -999, -999, -999, -999, -999, -999, -999, -999, -999
19641005, 0000,  , EX, 30.5N,  87.6W,  50, -999, -999, -999, -999, -999, -999, -999, -999, -999, -999, -999, -999, -999, -999
19641005, 0600,  , EX, 30.6N,  86.0W,  50, -999, -999, -999, -999, -999, -999, -999, -999, -999, -999, -999, -999, -999, -999
19641005, 1200,  , EX, 30.8N,  84.4W,  45, -999, -999, -999, -999, -999, -999, -999, -999, -999, -999, -999, -999, -999, -999
19641005, 1800,  , EX, 31.0N,  82.5W,  45, -999, -999, -999, -999, -999, -999, -999, -999, -999, -999, -999, -999, -999, -999
19641006, 0000,  , EX, 31.0N,  80.6W,  45, -999, -999, -999, -999, -999, -999, -999, -999, -999, -999, -999, -999, -999, -999
19641006, 0600,  , EX, 30.8N,  79.0W,  45, -999, -999, -999, -999, -999, -999, -999, -999, -999, -999, -999, -999, -999, -999
19641006, 1200,  , EX, 30.6N,  78.0W,  45, -999, -999, -999, -999, -999, -999, -999, -999, -999, -999, -999, -999, -999, -999
19641006, 1800,  , EX, 30.5N,  77.0W,  45, -999, -999, -999, -999, -999, -999, -999, -999, -999, -999, -999, -999, -999, -999
19641007, 0000,  , EX, 30.4N,  76.5W,  50, -999, -999, -999, -999, -999, -999, -999, -999, -999, -999, -999, -999, -999, -999
19641007, 0600,  , EX, 30.1N,  76.2W,  55, -999, -999, -999, -999, -999, -999, -999, -999, -999, -999, -999, -999, -999, -999
19641007, 1200,  , EX, 29.8N,  76.1W,  55, -999, -999, -999, -999, -999, -999, -999, -999, -999, -999, -999, -999, -999, -999
AL111964,             ISBELL,     34,
19641009, 0600,  , TD, 15.5N,  83.0W,  30, -999, -999, -999, -999, -999, -999, -999, -999, -999, -999, -999, -999, -999, -999
19641009, 1200,  , TD, 16.0N,  83.6W,  30, -999, -999, -999, -999, -999, -999, -999, -999, -999, -999, -999, -999, -999, -999
19641009, 1800,  , TD, 16.5N,  84.2W,  30, -999, -999, -999, -999, -999, -999, -999, -999, -999, -999, -999, -999, -999, -999
19641010, 0000,  , TD, 17.0N,  84.7W,  30, -999, -999, -999, -999, -999, -999, -999, -999, -999, -999, -999, -999, -999, -999
19641010, 0600,  , TD, 17.6N,  85.0W,  30, -999, -999, -999, -999, -999, -999, -999, -999, -999, -999, -999, -999, -999, -999
19641010, 1200,  , TD, 18.1N,  85.1W,  30, -999, -999, -999, -999, -999, -999, -999, -999, -999, -999, -999, -999, -999, -999
19641010, 1800,  , TD, 18.5N,  85.2W,  30, 1008, -999, -999, -999, -999, -999, -999, -999, -999, -999, -999, -999, -999, -999
19641011, 0000,  , TS, 18.9N,  85.3W,  35, -999, -999, -999, -999, -999, -999, -999, -999, -999, -999, -999, -999, -999, -999
19641011, 0600,  , TS, 19.2N,  85.4W,  35, -999, -999, -999, -999, -999, -999, -999, -999, -999, -999, -999, -999, -999, -999
19641011, 1200,  , TD, 19.4N,  85.5W,  30, 1009, -999, -999, -999, -999, -999, -999, -999, -999, -999, -999, -999, -999, -999
19641011, 1800,  , TD, 19.4N,  85.5W,  30, -999, -999, -999, -999, -999, -999, -999, -999, -999, -999, -999, -999, -999, -999
19641012, 0000,  , TD, 19.3N,  85.6W,  30, 1005, -999, -999, -999, -999, -999, -999, -999, -999, -999, -999, -999, -999, -999
19641012, 0600,  , TD, 19.2N,  85.6W,  30, -999, -999, -999, -999, -999, -999, -999, -999, -999, -999, -999, -999, -999, -999
19641012, 1200,  , TS, 19.3N,  85.4W,  35, -999, -999, -999, -999, -999, -999, -999, -999, -999, -999, -999, -999, -999, -999
19641012, 1800,  , TS, 19.6N,  85.2W,  45, -999, -999, -999, -999, -999, -999, -999, -999, -999, -999, -999, -999, -999, -999
19641013, 0000,  , TS, 20.0N,  85.0W,  55,  996, -999, -999, -999, -999, -999, -999, -999, -999, -999, -999, -999, -999, -999
19641013, 0600,  , TS, 20.5N,  84.8W,  60, -999, -999, -999, -999, -999, -999, -999, -999, -999, -999, -999, -999, -999, -999
19641013, 1200,  , HU, 21.0N,  84.7W,  70, -999, -999, -999, -999, -999, -999, -999, -999, -999, -999, -999, -999, -999, -999
19641013, 1800,  , HU, 21.6N,  84.5W,  85, -999, -999, -999, -999, -999, -999, -999, -999, -999, -999, -999, -999, -999, -999
19641013, 1900, L, HU, 21.7N,  84.5W,  85, -999, -999, -999, -999, -999, -999, -999, -999, -999, -999, -999, -999, -999, -999
19641014, 0000,  , HU, 22.4N,  84.1W,  75,  979, -999, -999, -999, -999, -999, -999, -999, -999, -999, -999, -999, -999, -999
19641014, 0600,  , HU, 23.2N,  83.6W,  90, -999, -999, -999, -999, -999, -999, -999, -999, -999, -999, -999, -999, -999, -999
19641014, 1200,  , HU, 24.0N,  82.9W, 100,  964, -999, -999, -999, -999, -999, -999, -999, -999, -999, -999, -999, -999, -999
19641014, 1800,  , HU, 25.1N,  82.0W,  95,  968, -999, -999, -999, -999, -999, -999, -999, -999, -999, -999, -999, -999, -999
19641014, 2100, L, HU, 25.8N,  81.4W,  90,  970, -999, -999, -999, -999, -999, -999, -999, -999, -999, -999, -999, -999,   20
19641015, 0000,  , HU, 26.4N,  80.6W,  80, -999, -999, -999, -999, -999, -999, -999, -999, -999, -999, -999, -999, -999, -999
19641015, 0600,  , HU, 28.0N,  79.1W,  80, -999, -999, -999, -999, -999, -999, -999, -999, -999, -999, -999, -999, -999, -999
19641015, 1200,  , HU, 29.3N,  77.8W,  80,  980, -999, -999, -999, -999, -999, -999, -999, -999, -999, -999, -999, -999, -999
19641015, 1800,  , HU, 30.5N,  76.6W,  75,  986, -999, -999, -999, -999, -999, -999, -999, -999, -999, -999, -999, -999, -999
19641016, 0000,  , HU, 32.0N,  76.1W,  75,  990, -999, -999, -999, -999, -999, -999, -999, -999, -999, -999, -999, -999, -999
19641016, 0600,  , HU, 33.4N,  75.8W,  75, -999, -999, -999, -999, -999, -999, -999, -999, -999, -999, -999, -999, -999, -999
19641016, 1200,  , TS, 34.5N,  76.5W,  60,  992, -999, -999, -999, -999, -999, -999, -999, -999, -999, -999, -999, -999, -999
19641016, 1300, L, TS, 34.7N,  76.7W,  60,  992, -999, -999, -999, -999, -999, -999, -999, -999, -999, -999, -999, -999, -999
19641016, 1800,  , EX, 35.5N,  77.7W,  35, -999, -999, -999, -999, -999, -999, -999, -999, -999, -999, -999, -999, -999, -999
AL121964,            UNNAMED,     22,
19641105, 0000,  , TD, 11.6N,  80.1W,  25, -999, -999, -999, -999, -999, -999, -999, -999, -999, -999, -999, -999, -999, -999
19641105, 0600,  , TD, 11.9N,  80.5W,  25, -999, -999, -999, -999, -999, -999, -999, -999, -999, -999, -999, -999, -999, -999
19641105, 1200,  , TD, 12.2N,  80.8W,  25, -999, -999, -999, -999, -999, -999, -999, -999, -999, -999, -999, -999, -999, -999
19641105, 1800,  , TD, 12.6N,  81.0W,  30, 1006, -999, -999, -999, -999, -999, -999, -999, -999, -999, -999, -999, -999, -999
19641106, 0000,  , TD, 13.0N,  81.1W,  30, 1003, -999, -999, -999, -999, -999, -999, -999, -999, -999, -999, -999, -999, -999
19641106, 0600,  , TS, 13.4N,  81.2W,  35, -999, -999, -999, -999, -999, -999, -999, -999, -999, -999, -999, -999, -999, -999
19641106, 1200,  , TS, 13.8N,  81.2W,  40, -999, -999, -999, -999, -999, -999, -999, -999, -999, -999, -999, -999, -999, -999
19641106, 1800,  , TS, 14.0N,  81.5W,  40, 1001, -999, -999, -999, -999, -999, -999, -999, -999, -999, -999, -999, -999, -999
19641107, 0000,  , TS, 14.2N,  82.1W,  50, -999, -999, -999, -999, -999, -999, -999, -999, -999, -999, -999, -999, -999, -999
19641107, 0600,  , TS, 14.4N,  82.9W,  60, -999, -999, -999, -999, -999, -999, -999, -999, -999, -999, -999, -999, -999, -999
19641107, 1000, L, TS, 14.6N,  83.3W,  60, -999, -999, -999, -999, -999, -999, -999, -999, -999, -999, -999, -999, -999, -999
19641107, 1200,  , TS, 14.7N,  83.6W,  50, -999, -999, -999, -999, -999, -999, -999, -999, -999, -999, -999, -999, -999, -999
19641107, 1800,  , TS, 15.0N,  84.1W,  45,  997, -999, -999, -999, -999, -999, -999, -999, -999, -999, -999, -999, -999, -999
19641108, 0000,  , TS, 15.5N,  84.6W,  35, -999, -999, -999, -999, -999, -999, -999, -999, -999, -999, -999, -999, -999, -999
19641108, 0600,  , TD, 15.8N,  85.0W,  30, -999, -999, -999, -999, -999, -999, -999, -999, -999, -999, -999, -999, -999, -999
19641108, 1200,  , TD, 16.1N,  85.4W,  30, 1006, -999, -999, -999, -999, -999, -999, -999, -999, -999, -999, -999, -999, -999
19641108, 1800,  , TD, 16.4N,  85.8W,  30, -999, -999, -999, -999, -999, -999, -999, -999, -999, -999, -999, -999, -999, -999
19641109, 0000,  , TD, 16.8N,  86.3W,  30, -999, -999, -999, -999, -999, -999, -999, -999, -999, -999, -999, -999, -999, -999
19641109, 0600,  , TD, 17.3N,  86.9W,  30, -999, -999, -999, -999, -999, -999, -999, -999, -999, -999, -999, -999, -999, -999
19641109, 1200,  , TD, 17.8N,  87.6W,  25, 1008, -999, -999, -999, -999, -999, -999, -999, -999, -999, -999, -999, -999, -999
19641109, 1800,  , TD, 18.1N,  88.1W,  25, -999, -999, -999, -999, -999, -999, -999, -999, -999, -999, -999, -999, -999, -999
19641110, 0000,  , TD, 18.3N,  88.5W,  25, 1009, -999, -999, -999, -999, -999, -999, -999, -999, -999, -999, -999, -999, -999
AL131964,            UNNAMED,     20,
19640723, 0000,  , TD, 33.8N,  81.0W,  20, -999, -999, -999, -999, -999, -999, -999, -999, -999, -999, -999, -999, -999, -999
19640723, 0600,  , TD, 34.3N,  80.0W,  20, -999, -999, -999, -999, -999, -999, -999, -999, -999, -999, -999, -999, -999, -999
19640723, 1200,  , TD, 34.8N,  78.8W,  20, -999, -999, -999, -999, -999, -999, -999, -999, -999, -999, -999, -999, -999, -999
19640723, 1800,  , TD, 35.5N,  77.6W,  20, -999, -999, -999, -999, -999, -999, -999, -999, -999, -999, -999, -999, -999, -999
19640724, 0000,  , TD, 36.0N,  76.5W,  25, -999, -999, -999, -999, -999, -999, -999, -999, -999, -999, -999, -999, -999, -999
19640724, 0600,  , TD, 36.2N,  75.5W,  25, -999, -999, -999, -999, -999, -999, -999, -999, -999, -999, -999, -999, -999, -999
19640724, 1200,  , TD, 36.5N,  75.0W,  30, -999, -999, -999, -999, -999, -999, -999, -999, -999, -999, -999, -999, -999, -999
19640724, 1800,  , TS, 36.5N,  74.8W,  35, -999, -999, -999, -999, -999, -999, -999, -999, -999, -999, -999, -999, -999, -999
19640725, 0000,  , TS, 36.5N,  74.3W,  35, 1008, -999, -999, -999, -999, -999, -999, -999, -999, -999, -999, -999, -999, -999
19640725, 0600,  , TS, 36.6N,  73.3W,  35, 1007, -999, -999, -999, -999, -999, -999, -999, -999, -999, -999, -999, -999, -999
19640725, 1200,  , TS, 36.8N,  72.0W,  40, -999, -999, -999, -999, -999, -999, -999, -999, -999, -999, -999, -999, -999, -999
19640725, 1800,  , TS, 37.1N,  70.5W,  45, 1003, -999, -999, -999, -999, -999, -999, -999, -999, -999, -999, -999, -999, -999
19640726, 0000,  , TS, 37.6N,  69.0W,  45, -999, -999, -999, -999, -999, -999, -999, -999, -999, -999, -999, -999, -999, -999
19640726, 0600,  , TS, 38.5N,  67.6W,  50, -999, -999, -999, -999, -999, -999, -999, -999, -999, -999, -999, -999, -999, -999
19640726, 1200,  , EX, 40.2N,  66.3W,  50, -999, -999, -999, -999, -999, -999, -999, -999, -999, -999, -999, -999, -999, -999
19640726, 1800,  , EX, 42.0N,  65.0W,  50, -999, -999, -999, -999, -999, -999, -999, -999, -999, -999, -999, -999, -999, -999
19640727, 0000,  , EX, 43.3N,  63.7W,  45, -999, -999, -999, -999, -999, -999, -999, -999, -999, -999, -999, -999, -999, -999
19640727, 0600,  , EX, 44.3N,  62.2W,  45, -999, -999, -999, -999, -999, -999, -999, -999, -999, -999, -999, -999, -999, -999
19640727, 1200,  , EX, 45.5N,  60.5W,  40, -999, -999, -999, -999, -999, -999, -999, -999, -999, -999, -999, -999, -999, -999
19640727, 1800,  , EX, 47.0N,  59.0W,  35, -999, -999, -999, -999, -999, -999, -999, -999, -999, -999, -999, -999, -999, -999
