AL012000,            UNNAMED,      4,
20000607, 1800,  , TD, 21.0N,  93.0W,  25, 1008, -999, -999, -999, -999, -999, -999, -999, -999, -999, -999, -999, -999, -999
20000608, 0000,  , TD, 20.9N,  92.8W,  25, 1009, -999, -999, -999, -999, -999, -999, -999, -999, -999, -999, -999, -999, -999
20000608, 0600,  , TD, 20.7N,  93.1W,  25, 1010, -999, -999, -999, -999, -999, -999, -999, -999, -999, -999, -999, -999, -999
20000608, 1200,  , TD, 20.8N,  93.5W,  25, 1010, -999, -999, -999, -999, -999, -999, -999, -999, -999, -999, -999, -999, -999
AL022000,            UNNAMED,     12,
20000623, 0000,  , TD,  9.5N,  19.8W,  25, 1010, -999, -999, -999, -999, -999, -999, -999, -999, -999, -999, -999, -999, -999
20000623, 0600,  , TD,  9.6N,  21.0W,  30, 1009, -999, -999, -999, -999, -999, -999, -999, -999, -999, -999, -999, -999, -999
20000623, 1200,  , TD,  9.9N,  22.6W,  30, 1009, -999, -999, -999, -999, -999, -999, -999, -999, -999, -999, -999, -999, -999
20000623, 1800,  , TD, 10.2N,  24.5W,  30, 1009, -999, -999, -999, -999, -999, -999, -999, -999, -999, -999, -999, -999, -999
20000624, 0000,  , TD, 10.1N,  26.2W,  30, 1009, -999, -999, -999, -999, -999, -999, -999, -999, -999, -999, -999, -999, -999
20000624, 0600,  , TD,  9.9N,  27.8W,  30, 1009, -999, -999, -999, -999, -999, -999, -999, -999, -999, -999, -999, -999, -999
20000624, 1200,  , TD,  9.9N,  29.3W,  30, 1009, -999, -999, -999, -999, -999, -999, -999, -999, -999, -999, -999, -999, -999
20000624, 1800,  , TD, 10.1N,  30.1W,  30, 1009, -999, -999, -999, -999, -999, -999, -999, -999, -999, -999, -999, -999, -999
20000625, 0000,  , TD, 10.1N,  32.6W,  30, 1009, -999, -999, -999, -999, -999, -999, -999, -999, -999, -999, -999, -999, -999
20000625, 0600,  , TD, 10.0N,  34.2W,  30, 1008, -999, -999, -999, -999, -999, -999, -999, -999, -999, -999, -999, -999, -999
20000625, 1200,  , TD,  9.8N,  36.2W,  30, 1009, -999, -999, -999, -999, -999, -999, -999, -999, -999, -999, -999, -999, -999
20000625, 1800,  , TD,  9.7N,  38.2W,  25, 1010, -999, -999, -999, -999, -999, -999, -999, -999, -999, -999, -999, -999, -999
AL032000,            ALBERTO,     87,
20000803, 1800,  , TD, 10.8N,  18.0W,  25, 1007, -999, -999, -999, -999, -999, -999, -999, -999, -999, -999, -999, -999, -999
20000804, 0000,  , TD, 11.5N,  20.1W,  30, 1005, -999, -999, -999, -999, -999, -999, -999, -999, -999, -999, -999, -999, -999
20000804, 0600,  , TS, 12.0N,  22.3W,  35, 1004, -999, -999, -999, -999, -999, -999, -999, -999, -999, -999, -999, -999, -999
20000804, 1200,  , TS, 12.3N,  23.8W,  35, 1003, -999, -999, -999, -999, -999, -999, -999, -999, -999, -999, -999, -999, -999
20000804, 1800,  , TS, 12.7N,  25.2W,  40, 1002, -999, -999, -999, -999, -999, -999, -999, -999, -999, -999, -999, -999, -999
20000805, 0000,  , TS, 13.2N,  26.7W,  40, 1001, -999, -999, -999, -999, -999, -999, -999, -999, -999, -999, -999, -999, -999
20000805, 0600,  , TS, 13.7N,  28.2W,  45, 1000, -999, -999, -999, -999, -999, -999, -999, -999, -999, -999, -999, -999, -999
20000805, 1200,  , TS, 14.1N,  29.8W,  45,  999, -999, -999, -999, -999, -999, -999, -999, -999, -999, -999, -999, -999, -999
20000805, 1800,  , TS, 14.5N,  31.4W,  55,  994, -999, -999, -999, -999, -999, -999, -999, -999, -999, -999, -999, -999, -999
20000806, 0000,  , HU, 14.5N,  33.2W,  65,  987, -999, -999, -999, -999, -999, -999, -999, -999, -999, -999, -999, -999, -999
20000806, 0600,  , HU, 14.6N,  34.4W,  65,  985, -999, -999, -999, -999, -999, -999, -999, -999, -999, -999, -999, -999, -999
20000806, 1200,  , HU, 14.7N,  35.4W,  70,  983, -999, -999, -999, -999, -999, -999, -999, -999, -999, -999, -999, -999, -999
20000806, 1800,  , HU, 15.2N,  36.6W,  75,  981, -999, -999, -999, -999, -999, -999, -999, -999, -999, -999, -999, -999, -999
20000807, 0000,  , HU, 15.7N,  38.1W,  75,  979, -999, -999, -999, -999, -999, -999, -999, -999, -999, -999, -999, -999, -999
20000807, 0600,  , HU, 16.0N,  39.6W,  80,  978, -999, -999, -999, -999, -999, -999, -999, -999, -999, -999, -999, -999, -999
20000807, 1200,  , HU, 16.2N,  41.0W,  80,  977, -999, -999, -999, -999, -999, -999, -999, -999, -999, -999, -999, -999, -999
20000807, 1800,  , HU, 16.5N,  42.2W,  80,  978, -999, -999, -999, -999, -999, -999, -999, -999, -999, -999, -999, -999, -999
20000808, 0000,  , HU, 16.7N,  43.6W,  75,  979, -999, -999, -999, -999, -999, -999, -999, -999, -999, -999, -999, -999, -999
20000808, 0600,  , HU, 17.0N,  44.9W,  70,  982, -999, -999, -999, -999, -999, -999, -999, -999, -999, -999, -999, -999, -999
20000808, 1200,  , HU, 17.7N,  45.7W,  70,  985, -999, -999, -999, -999, -999, -999, -999, -999, -999, -999, -999, -999, -999
20000808, 1800,  , HU, 18.6N,  46.5W,  65,  987, -999, -999, -999, -999, -999, -999, -999, -999, -999, -999, -999, -999, -999
20000809, 0000,  , TS, 19.6N,  47.2W,  60,  989, -999, -999, -999, -999, -999, -999, -999, -999, -999, -999, -999, -999, -999
20000809, 0600,  , TS, 20.6N,  48.5W,  60,  992, -999, -999, -999, -999, -999, -999, -999, -999, -999, -999, -999, -999, -999
20000809, 1200,  , TS, 21.9N,  49.9W,  55,  994, -999, -999, -999, -999, -999, -999, -999, -999, -999, -999, -999, -999, -999
20000809, 1800,  , TS, 23.4N,  51.3W,  60,  991, -999, -999, -999, -999, -999, -999, -999, -999, -999, -999, -999, -999, -999
20000810, 0000,  , HU, 24.8N,  52.6W,  65,  988, -999, -999, -999, -999, -999, -999, -999, -999, -999, -999, -999, -999, -999
20000810, 0600,  , HU, 26.1N,  54.0W,  65,  987, -999, -999, -999, -999, -999, -999, -999, -999, -999, -999, -999, -999, -999
20000810, 1200,  , HU, 27.5N,  55.3W,  65,  986, -999, -999, -999, -999, -999, -999, -999, -999, -999, -999, -999, -999, -999
20000810, 1800,  , HU, 28.8N,  56.7W,  65,  984, -999, -999, -999, -999, -999, -999, -999, -999, -999, -999, -999, -999, -999
20000811, 0000,  , HU, 29.9N,  57.7W,  70,  982, -999, -999, -999, -999, -999, -999, -999, -999, -999, -999, -999, -999, -999
20000811, 0600,  , HU, 31.1N,  58.4W,  75,  979, -999, -999, -999, -999, -999, -999, -999, -999, -999, -999, -999, -999, -999
20000811, 1200,  , HU, 32.2N,  58.6W,  80,  976, -999, -999, -999, -999, -999, -999, -999, -999, -999, -999, -999, -999, -999
20000811, 1800,  , HU, 33.3N,  58.5W,  85,  973, -999, -999, -999, -999, -999, -999, -999, -999, -999, -999, -999, -999, -999
20000812, 0000,  , HU, 34.3N,  58.0W,  90,  970, -999, -999, -999, -999, -999, -999, -999, -999, -999, -999, -999, -999, -999
20000812, 0600,  , HU, 35.1N,  56.7W, 100,  960, -999, -999, -999, -999, -999, -999, -999, -999, -999, -999, -999, -999, -999
20000812, 1200,  , HU, 35.9N,  55.3W, 110,  950, -999, -999, -999, -999, -999, -999, -999, -999, -999, -999, -999, -999, -999
20000812, 1800,  , HU, 36.8N,  53.8W, 110,  954, -999, -999, -999, -999, -999, -999, -999, -999, -999, -999, -999, -999, -999
20000813, 0000,  , HU, 37.4N,  52.0W, 105,  958, -999, -999, -999, -999, -999, -999, -999, -999, -999, -999, -999, -999, -999
20000813, 0600,  , HU, 38.0N,  50.3W,  95,  966, -999, -999, -999, -999, -999, -999, -999, -999, -999, -999, -999, -999, -999
20000813, 1200,  , HU, 38.4N,  48.3W,  85,  973, -999, -999, -999, -999, -999, -999, -999, -999, -999, -999, -999, -999, -999
20000813, 1800,  , HU, 38.8N,  46.3W,  75,  980, -999, -999, -999, -999, -999, -999, -999, -999, -999, -999, -999, -999, -999
20000814, 0000,  , HU, 39.0N,  44.2W,  65,  987, -999, -999, -999, -999, -999, -999, -999, -999, -999, -999, -999, -999, -999
20000814, 0600,  , TS, 39.1N,  42.2W,  60,  991, -999, -999, -999, -999, -999, -999, -999, -999, -999, -999, -999, -999, -999
20000814, 1200,  , TS, 39.1N,  40.6W,  55,  994, -999, -999, -999, -999, -999, -999, -999, -999, -999, -999, -999, -999, -999
20000814, 1800,  , TS, 39.1N,  39.3W,  50,  997, -999, -999, -999, -999, -999, -999, -999, -999, -999, -999, -999, -999, -999
20000815, 0000,  , TS, 38.9N,  38.5W,  45, 1000, -999, -999, -999, -999, -999, -999, -999, -999, -999, -999, -999, -999, -999
20000815, 0600,  , TS, 38.3N,  38.5W,  45, 1001, -999, -999, -999, -999, -999, -999, -999, -999, -999, -999, -999, -999, -999
20000815, 1200,  , TS, 37.3N,  38.5W,  45, 1002, -999, -999, -999, -999, -999, -999, -999, -999, -999, -999, -999, -999, -999
20000815, 1800,  , TS, 36.6N,  38.9W,  40, 1002, -999, -999, -999, -999, -999, -999, -999, -999, -999, -999, -999, -999, -999
20000816, 0000,  , TS, 36.1N,  39.4W,  40, 1003, -999, -999, -999, -999, -999, -999, -999, -999, -999, -999, -999, -999, -999
20000816, 0600,  , TS, 35.4N,  40.2W,  40, 1003, -999, -999, -999, -999, -999, -999, -999, -999, -999, -999, -999, -999, -999
20000816, 1200,  , TS, 34.6N,  41.3W,  40, 1003, -999, -999, -999, -999, -999, -999, -999, -999, -999, -999, -999, -999, -999
20000816, 1800,  , TS, 33.9N,  42.4W,  40, 1002, -999, -999, -999, -999, -999, -999, -999, -999, -999, -999, -999, -999, -999
20000817, 0000,  , TS, 33.4N,  43.5W,  45, 1001, -999, -999, -999, -999, -999, -999, -999, -999, -999, -999, -999, -999, -999
20000817, 0600,  , TS, 33.0N,  44.2W,  45, 1000, -999, -999, -999, -999, -999, -999, -999, -999, -999, -999, -999, -999, -999
20000817, 1200,  , TS, 33.0N,  44.9W,  50,  998, -999, -999, -999, -999, -999, -999, -999, -999, -999, -999, -999, -999, -999
20000817, 1800,  , TS, 33.0N,  45.8W,  50,  997, -999, -999, -999, -999, -999, -999, -999, -999, -999, -999, -999, -999, -999
20000818, 0000,  , TS, 33.2N,  46.5W,  55,  995, -999, -999, -999, -999, -999, -999, -999, -999, -999, -999, -999, -999, -999
20000818, 0600,  , TS, 33.6N,  47.1W,  55,  993, -999, -999, -999, -999, -999, -999, -999, -999, -999, -999, -999, -999, -999
20000818, 1200,  , TS, 34.2N,  47.6W,  60,  991, -999, -999, -999, -999, -999, -999, -999, -999, -999, -999, -999, -999, -999
20000818, 1800,  , HU, 34.7N,  48.0W,  65,  987, -999, -999, -999, -999, -999, -999, -999, -999, -999, -999, -999, -999, -999
20000819, 0000,  , HU, 34.9N,  48.1W,  75,  979, -999, -999, -999, -999, -999, -999, -999, -999, -999, -999, -999, -999, -999
20000819, 0600,  , HU, 35.3N,  48.2W,  80,  976, -999, -999, -999, -999, -999, -999, -999, -999, -999, -999, -999, -999, -999
20000819, 1200,  , HU, 35.6N,  48.2W,  85,  973, -999, -999, -999, -999, -999, -999, -999, -999, -999, -999, -999, -999, -999
20000819, 1800,  , HU, 36.0N,  48.2W,  90,  970, -999, -999, -999, -999, -999, -999, -999, -999, -999, -999, -999, -999, -999
20000820, 0000,  , HU, 36.4N,  48.1W,  90,  970, -999, -999, -999, -999, -999, -999, -999, -999, -999, -999, -999, -999, -999
20000820, 0600,  , HU, 36.7N,  48.0W,  90,  971, -999, -999, -999, -999, -999, -999, -999, -999, -999, -999, -999, -999, -999
20000820, 1200,  , HU, 37.1N,  47.9W,  85,  972, -999, -999, -999, -999, -999, -999, -999, -999, -999, -999, -999, -999, -999
20000820, 1800,  , HU, 37.4N,  47.7W,  85,  973, -999, -999, -999, -999, -999, -999, -999, -999, -999, -999, -999, -999, -999
20000821, 0000,  , HU, 37.9N,  47.5W,  85,  974, -999, -999, -999, -999, -999, -999, -999, -999, -999, -999, -999, -999, -999
20000821, 0600,  , HU, 38.3N,  47.3W,  80,  976, -999, -999, -999, -999, -999, -999, -999, -999, -999, -999, -999, -999, -999
20000821, 1200,  , HU, 38.9N,  47.2W,  80,  977, -999, -999, -999, -999, -999, -999, -999, -999, -999, -999, -999, -999, -999
20000821, 1800,  , HU, 40.0N,  46.7W,  80,  978, -999, -999, -999, -999, -999, -999, -999, -999, -999, -999, -999, -999, -999
20000822, 0000,  , HU, 41.2N,  45.9W,  75,  979, -999, -999, -999, -999, -999, -999, -999, -999, -999, -999, -999, -999, -999
20000822, 0600,  , HU, 42.6N,  45.4W,  75,  981, -999, -999, -999, -999, -999, -999, -999, -999, -999, -999, -999, -999, -999
20000822, 1200,  , HU, 44.0N,  44.0W,  70,  983, -999, -999, -999, -999, -999, -999, -999, -999, -999, -999, -999, -999, -999
20000822, 1800,  , HU, 46.1N,  42.1W,  65,  985, -999, -999, -999, -999, -999, -999, -999, -999, -999, -999, -999, -999, -999
20000823, 0000,  , HU, 48.3N,  39.5W,  65,  987, -999, -999, -999, -999, -999, -999, -999, -999, -999, -999, -999, -999, -999
20000823, 0600,  , TS, 50.7N,  36.8W,  55,  994, -999, -999, -999, -999, -999, -999, -999, -999, -999, -999, -999, -999, -999
20000823, 1200,  , EX, 53.2N,  35.4W,  45,  997, -999, -999, -999, -999, -999, -999, -999, -999, -999, -999, -999, -999, -999
20000823, 1800,  , EX, 57.0N,  34.0W,  45,  997, -999, -999, -999, -999, -999, -999, -999, -999, -999, -999, -999, -999, -999
20000824, 0000,  , EX, 59.5N,  30.3W,  40,  995, -999, -999, -999, -999, -999, -999, -999, -999, -999, -999, -999, -999, -999
20000824, 0600,  , EX, 62.0N,  25.5W,  35,  992, -999, -999, -999, -999, -999, -999, -999, -999, -999, -999, -999, -999, -999
20000824, 1200,  , EX, 65.5N,  23.0W,  35,  990, -999, -999, -999, -999, -999, -999, -999, -999, -999, -999, -999, -999, -999
20000824, 1800,  , EX, 68.0N,  20.0W,  30,  992, -999, -999, -999, -999, -999, -999, -999, -999, -999, -999, -999, -999, -999
20000825, 0000,  , EX, 69.0N,  12.5W,  30,  990, -999, -999, -999, -999, -999, -999, -999, -999, -999, -999, -999, -999, -999
20000825, 0600,  , EX, 70.7N,   4.9W,  30,  994, -999, -999, -999, -999, -999, -999, -999, -999, -999, -999, -999, -999, -999
AL042000,            UNNAMED,     13,
20000808, 1200,  , TD, 28.2N,  74.2W,  30, 1011, -999, -999, -999, -999, -999, -999, -999, -999, -999, -999, -999, -999, -999
20000808, 1800,  , TD, 28.1N,  75.1W,  30, 1010, -999, -999, -999, -999, -999, -999, -999, -999, -999, -999, -999, -999, -999
20000809, 0000,  , TD, 28.0N,  76.0W,  30, 1010, -999, -999, -999, -999, -999, -999, -999, -999, -999, -999, -999, -999, -999
20000809, 0600,  , TD, 27.9N,  76.8W,  30, 1010, -999, -999, -999, -999, -999, -999, -999, -999, -999, -999, -999, -999, -999
20000809, 1200,  , TD, 27.9N,  77.4W,  30, 1010, -999, -999, -999, -999, -999, -999, -999, -999, -999, -999, -999, -999, -999
20000809, 1800,  , TD, 27.9N,  77.9W,  30, 1010, -999, -999, -999, -999, -999, -999, -999, -999, -999, -999, -999, -999, -999
20000810, 0000,  , TD, 28.0N,  78.6W,  30, 1009, -999, -999, -999, -999, -999, -999, -999, -999, -999, -999, -999, -999, -999
20000810, 0600,  , TD, 28.3N,  79.3W,  30, 1010, -999, -999, -999, -999, -999, -999, -999, -999, -999, -999, -999, -999, -999
20000810, 1200,  , TD, 28.7N,  78.9W,  30, 1010, -999, -999, -999, -999, -999, -999, -999, -999, -999, -999, -999, -999, -999
20000810, 1800,  , TD, 28.9N,  78.3W,  25, 1011, -999, -999, -999, -999, -999, -999, -999, -999, -999, -999, -999, -999, -999
20000811, 0000,  , TD, 29.2N,  77.8W,  25, 1011, -999, -999, -999, -999, -999, -999, -999, -999, -999, -999, -999, -999, -999
20000811, 0600,  , TD, 29.4N,  77.2W,  25, 1012, -999, -999, -999, -999, -999, -999, -999, -999, -999, -999, -999, -999, -999
20000811, 1200,  , TD, 29.6N,  76.5W,  25, 1013, -999, -999, -999, -999, -999, -999, -999, -999, -999, -999, -999, -999, -999
AL052000,              BERYL,      9,
20000813, 1800,  , TD, 22.5N,  93.5W,  30, 1008, -999, -999, -999, -999, -999, -999, -999, -999, -999, -999, -999, -999, -999
20000814, 0000,  , TD, 22.7N,  93.8W,  30, 1008, -999, -999, -999, -999, -999, -999, -999, -999, -999, -999, -999, -999, -999
20000814, 0600,  , TS, 23.1N,  94.6W,  35, 1007, -999, -999, -999, -999, -999, -999, -999, -999, -999, -999, -999, -999, -999
20000814, 1200,  , TS, 23.5N,  95.4W,  40, 1009, -999, -999, -999, -999, -999, -999, -999, -999, -999, -999, -999, -999, -999
20000814, 1800,  , TS, 23.9N,  96.3W,  45, 1009, -999, -999, -999, -999, -999, -999, -999, -999, -999, -999, -999, -999, -999
20000815, 0000,  , TS, 24.1N,  97.0W,  45, 1007, -999, -999, -999, -999, -999, -999, -999, -999, -999, -999, -999, -999, -999
20000815, 0600,  , TS, 24.5N,  97.7W,  45, 1009, -999, -999, -999, -999, -999, -999, -999, -999, -999, -999, -999, -999, -999
20000815, 1200,  , TD, 24.9N,  98.6W,  30, 1010, -999, -999, -999, -999, -999, -999, -999, -999, -999, -999, -999, -999, -999
20000815, 1800,  , TD, 25.2N,  99.8W,  25, 1012, -999, -999, -999, -999, -999, -999, -999, -999, -999, -999, -999, -999, -999
AL062000,              CHRIS,      9,
20000817, 1200,  , TD, 14.2N,  51.9W,  25, 1009, -999, -999, -999, -999, -999, -999, -999, -999, -999, -999, -999, -999, -999
20000817, 1800,  , TD, 14.7N,  52.8W,  25, 1009, -999, -999, -999, -999, -999, -999, -999, -999, -999, -999, -999, -999, -999
20000818, 0000,  , TD, 15.2N,  53.4W,  25, 1009, -999, -999, -999, -999, -999, -999, -999, -999, -999, -999, -999, -999, -999
20000818, 0600,  , TD, 15.6N,  54.1W,  30, 1009, -999, -999, -999, -999, -999, -999, -999, -999, -999, -999, -999, -999, -999
20000818, 1200,  , TS, 16.2N,  55.4W,  35, 1008, -999, -999, -999, -999, -999, -999, -999, -999, -999, -999, -999, -999, -999
20000818, 1800,  , TD, 16.8N,  56.5W,  30, 1011, -999, -999, -999, -999, -999, -999, -999, -999, -999, -999, -999, -999, -999
20000819, 0000,  , TD, 17.3N,  57.7W,  25, 1012, -999, -999, -999, -999, -999, -999, -999, -999, -999, -999, -999, -999, -999
20000819, 0600,  , TD, 17.8N,  59.0W,  25, 1012, -999, -999, -999, -999, -999, -999, -999, -999, -999, -999, -999, -999, -999
20000819, 1200,  , TD, 18.3N,  60.4W,  20, 1013, -999, -999, -999, -999, -999, -999, -999, -999, -999, -999, -999, -999, -999
AL072000,              DEBBY,     23,
20000819, 1800,  , TD, 12.0N,  44.5W,  30, 1010, -999, -999, -999, -999, -999, -999, -999, -999, -999, -999, -999, -999, -999
20000820, 0000,  , TD, 12.6N,  45.3W,  30, 1010, -999, -999, -999, -999, -999, -999, -999, -999, -999, -999, -999, -999, -999
20000820, 0600,  , TS, 13.3N,  46.8W,  35, 1009, -999, -999, -999, -999, -999, -999, -999, -999, -999, -999, -999, -999, -999
20000820, 1200,  , TS, 14.0N,  48.8W,  40, 1008, -999, -999, -999, -999, -999, -999, -999, -999, -999, -999, -999, -999, -999
20000820, 1800,  , TS, 14.7N,  50.6W,  45, 1007, -999, -999, -999, -999, -999, -999, -999, -999, -999, -999, -999, -999, -999
20000821, 0000,  , TS, 15.1N,  52.1W,  55, 1006, -999, -999, -999, -999, -999, -999, -999, -999, -999, -999, -999, -999, -999
20000821, 0600,  , HU, 15.4N,  54.0W,  65, 1005, -999, -999, -999, -999, -999, -999, -999, -999, -999, -999, -999, -999, -999
20000821, 1200,  , HU, 15.7N,  56.3W,  75, 1004, -999, -999, -999, -999, -999, -999, -999, -999, -999, -999, -999, -999, -999
20000821, 1800,  , HU, 16.1N,  58.5W,  75, 1004, -999, -999, -999, -999, -999, -999, -999, -999, -999, -999, -999, -999, -999
20000822, 0000,  , HU, 16.8N,  60.1W,  70,  995, -999, -999, -999, -999, -999, -999, -999, -999, -999, -999, -999, -999, -999
20000822, 0300, P, HU, 17.1N,  60.9W,  70,  991, -999, -999, -999, -999, -999, -999, -999, -999, -999, -999, -999, -999, -999
20000822, 0600, L, HU, 17.5N,  61.7W,  65,  993, -999, -999, -999, -999, -999, -999, -999, -999, -999, -999, -999, -999, -999
20000822, 0915, L, HU, 17.9N,  62.8W,  65,  993, -999, -999, -999, -999, -999, -999, -999, -999, -999, -999, -999, -999, -999
20000822, 1200,  , HU, 18.1N,  63.5W,  65,  994, -999, -999, -999, -999, -999, -999, -999, -999, -999, -999, -999, -999, -999
20000822, 1500, L, HU, 18.5N,  64.4W,  65,  994, -999, -999, -999, -999, -999, -999, -999, -999, -999, -999, -999, -999, -999
20000822, 1800,  , HU, 18.8N,  65.4W,  65,  995, -999, -999, -999, -999, -999, -999, -999, -999, -999, -999, -999, -999, -999
20000823, 0000,  , HU, 19.2N,  66.7W,  65,  995, -999, -999, -999, -999, -999, -999, -999, -999, -999, -999, -999, -999, -999
20000823, 0600,  , HU, 19.5N,  68.1W,  65,  995, -999, -999, -999, -999, -999, -999, -999, -999, -999, -999, -999, -999, -999
20000823, 1200,  , TS, 19.8N,  69.7W,  60, 1005, -999, -999, -999, -999, -999, -999, -999, -999, -999, -999, -999, -999, -999
20000823, 1800,  , TS, 20.0N,  71.5W,  50, 1009, -999, -999, -999, -999, -999, -999, -999, -999, -999, -999, -999, -999, -999
20000824, 0000,  , TS, 19.9N,  73.3W,  40, 1010, -999, -999, -999, -999, -999, -999, -999, -999, -999, -999, -999, -999, -999
20000824, 0600,  , TS, 19.6N,  75.1W,  35, 1011, -999, -999, -999, -999, -999, -999, -999, -999, -999, -999, -999, -999, -999
20000824, 1200,  , TD, 19.5N,  77.0W,  30, 1011, -999, -999, -999, -999, -999, -999, -999, -999, -999, -999, -999, -999, -999
AL082000,            ERNESTO,     10,
20000901, 1200,  , TD, 14.8N,  45.2W,  25, 1009, -999, -999, -999, -999, -999, -999, -999, -999, -999, -999, -999, -999, -999
20000901, 1800,  , TD, 15.0N,  47.0W,  30, 1009, -999, -999, -999, -999, -999, -999, -999, -999, -999, -999, -999, -999, -999
20000902, 0000,  , TD, 15.6N,  48.3W,  30, 1009, -999, -999, -999, -999, -999, -999, -999, -999, -999, -999, -999, -999, -999
20000902, 0600,  , TS, 16.2N,  49.5W,  35, 1008, -999, -999, -999, -999, -999, -999, -999, -999, -999, -999, -999, -999, -999
20000902, 1200,  , TS, 16.9N,  50.8W,  35, 1008, -999, -999, -999, -999, -999, -999, -999, -999, -999, -999, -999, -999, -999
20000902, 1800,  , TS, 17.5N,  52.1W,  35, 1008, -999, -999, -999, -999, -999, -999, -999, -999, -999, -999, -999, -999, -999
20000903, 0000,  , TS, 18.2N,  53.6W,  35, 1008, -999, -999, -999, -999, -999, -999, -999, -999, -999, -999, -999, -999, -999
20000903, 0600,  , TS, 18.8N,  55.0W,  35, 1008, -999, -999, -999, -999, -999, -999, -999, -999, -999, -999, -999, -999, -999
20000903, 1200,  , TS, 19.4N,  56.6W,  35, 1008, -999, -999, -999, -999, -999, -999, -999, -999, -999, -999, -999, -999, -999
20000903, 1800,  , TD, 20.0N,  58.0W,  30, 1009, -999, -999, -999, -999, -999, -999, -999, -999, -999, -999, -999, -999, -999
AL092000,            UNNAMED,      6,
20000908, 1800,  , TD, 27.5N,  93.5W,  25, 1009, -999, -999, -999, -999, -999, -999, -999, -999, -999, -999, -999, -999, -999
20000908, 2100, I, TD, 28.0N,  93.5W,  30, 1008, -999, -999, -999, -999, -999, -999, -999, -999, -999, -999, -999, -999, -999
20000909, 0000,  , TD, 28.5N,  93.5W,  30, 1009, -999, -999, -999, -999, -999, -999, -999, -999, -999, -999, -999, -999, -999
20000909, 0600,  , TD, 29.3N,  93.8W,  25, 1009, -999, -999, -999, -999, -999, -999, -999, -999, -999, -999, -999, -999, -999
20000909, 1000, L, TD, 29.9N,  93.9W,  25, 1009, -999, -999, -999, -999, -999, -999, -999, -999, -999, -999, -999, -999, -999
20000909, 1200,  , TD, 30.0N,  94.0W,  25, 1010, -999, -999, -999, -999, -999, -999, -999, -999, -999, -999, -999, -999, -999
AL102000,           FLORENCE,     29,
20000910, 1800,  , SD, 30.9N,  70.9W,  30, 1007, -999, -999, -999, -999, -999, -999, -999, -999, -999, -999, -999, -999, -999
20000911, 0000,  , SD, 30.8N,  71.3W,  30, 1007, -999, -999, -999, -999, -999, -999, -999, -999, -999, -999, -999, -999, -999
20000911, 0600,  , TD, 30.7N,  71.8W,  30, 1006, -999, -999, -999, -999, -999, -999, -999, -999, -999, -999, -999, -999, -999
20000911, 1200,  , TS, 30.4N,  72.2W,  45, 1002, -999, -999, -999, -999, -999, -999, -999, -999, -999, -999, -999, -999, -999
20000911, 1800,  , HU, 30.1N,  72.6W,  65,  998, -999, -999, -999, -999, -999, -999, -999, -999, -999, -999, -999, -999, -999
20000912, 0000,  , HU, 30.1N,  72.7W,  65,  992, -999, -999, -999, -999, -999, -999, -999, -999, -999, -999, -999, -999, -999
20000912, 0600,  , TS, 30.2N,  72.8W,  60,  993, -999, -999, -999, -999, -999, -999, -999, -999, -999, -999, -999, -999, -999
20000912, 1200,  , TS, 30.3N,  73.1W,  60,  991, -999, -999, -999, -999, -999, -999, -999, -999, -999, -999, -999, -999, -999
20000912, 1800,  , HU, 30.6N,  73.3W,  65,  987, -999, -999, -999, -999, -999, -999, -999, -999, -999, -999, -999, -999, -999
20000913, 0000,  , HU, 30.8N,  73.7W,  65,  986, -999, -999, -999, -999, -999, -999, -999, -999, -999, -999, -999, -999, -999
20000913, 0600,  , HU, 30.7N,  74.0W,  65,  986, -999, -999, -999, -999, -999, -999, -999, -999, -999, -999, -999, -999, -999
20000913, 1200,  , TS, 30.7N,  73.8W,  60,  987, -999, -999, -999, -999, -999, -999, -999, -999, -999, -999, -999, -999, -999
20000913, 1800,  , TS, 30.5N,  73.7W,  55,  989, -999, -999, -999, -999, -999, -999, -999, -999, -999, -999, -999, -999, -999
20000914, 0000,  , TS, 30.2N,  73.6W,  50,  991, -999, -999, -999, -999, -999, -999, -999, -999, -999, -999, -999, -999, -999
20000914, 0600,  , TS, 29.6N,  73.6W,  45,  993, -999, -999, -999, -999, -999, -999, -999, -999, -999, -999, -999, -999, -999
20000914, 1200,  , TS, 29.5N,  73.4W,  45,  994, -999, -999, -999, -999, -999, -999, -999, -999, -999, -999, -999, -999, -999
20000914, 1800,  , TS, 29.3N,  73.1W,  45,  995, -999, -999, -999, -999, -999, -999, -999, -999, -999, -999, -999, -999, -999
20000915, 0000,  , TS, 29.2N,  72.8W,  45,  995, -999, -999, -999, -999, -999, -999, -999, -999, -999, -999, -999, -999, -999
20000915, 0600,  , TS, 29.1N,  72.4W,  45,  996, -999, -999, -999, -999, -999, -999, -999, -999, -999, -999, -999, -999, -999
20000915, 1200,  , TS, 29.8N,  71.2W,  50,  997, -999, -999, -999, -999, -999, -999, -999, -999, -999, -999, -999, -999, -999
20000915, 1800,  , TS, 30.1N,  69.7W,  60,  997, -999, -999, -999, -999, -999, -999, -999, -999, -999, -999, -999, -999, -999
20000916, 0000,  , HU, 30.8N,  67.5W,  65,  994, -999, -999, -999, -999, -999, -999, -999, -999, -999, -999, -999, -999, -999
20000916, 0600,  , HU, 32.6N,  66.1W,  65,  988, -999, -999, -999, -999, -999, -999, -999, -999, -999, -999, -999, -999, -999
20000916, 1200,  , HU, 34.3N,  64.2W,  65,  987, -999, -999, -999, -999, -999, -999, -999, -999, -999, -999, -999, -999, -999
20000916, 1800,  , HU, 36.1N,  61.8W,  70,  985, -999, -999, -999, -999, -999, -999, -999, -999, -999, -999, -999, -999, -999
20000917, 0000,  , TS, 37.9N,  59.5W,  60,  990, -999, -999, -999, -999, -999, -999, -999, -999, -999, -999, -999, -999, -999
20000917, 0600,  , TS, 40.1N,  57.4W,  55,  995, -999, -999, -999, -999, -999, -999, -999, -999, -999, -999, -999, -999, -999
20000917, 1200,  , TS, 42.5N,  55.0W,  50, 1000, -999, -999, -999, -999, -999, -999, -999, -999, -999, -999, -999, -999, -999
20000917, 1800,  , TS, 45.5N,  53.0W,  50, 1002, -999, -999, -999, -999, -999, -999, -999, -999, -999, -999, -999, -999, -999
AL112000,             GORDON,     29,
20000914, 1200,  , TD, 19.8N,  87.3W,  25, 1008, -999, -999, -999, -999, -999, -999, -999, -999, -999, -999, -999, -999, -999
20000914, 1800,  , TD, 20.4N,  87.4W,  25, 1007, -999, -999, -999, -999, -999, -999, -999, -999, -999, -999, -999, -999, -999
20000915, 0000,  , TD, 20.7N,  87.7W,  25, 1007, -999, -999, -999, -999, -999, -999, -999, -999, -999, -999, -999, -999, -999
20000915, 0600,  , TD, 21.0N,  88.0W,  25, 1006, -999, -999, -999, -999, -999, -999, -999, -999, -999, -999, -999, -999, -999
20000915, 1200,  , TD, 21.4N,  88.7W,  25, 1004, -999, -999, -999, -999, -999, -999, -999, -999, -999, -999, -999, -999, -999
20000915, 1800,  , TD, 21.6N,  87.8W,  30, 1004, -999, -999, -999, -999, -999, -999, -999, -999, -999, -999, -999, -999, -999
20000916, 0000,  , TS, 22.5N,  86.7W,  40, 1000, -999, -999, -999, -999, -999, -999, -999, -999, -999, -999, -999, -999, -999
20000916, 0600,  , TS, 22.9N,  86.6W,  50,  997, -999, -999, -999, -999, -999, -999, -999, -999, -999, -999, -999, -999, -999
20000916, 1200,  , TS, 23.5N,  86.3W,  55,  992, -999, -999, -999, -999, -999, -999, -999, -999, -999, -999, -999, -999, -999
20000916, 1800,  , TS, 24.3N,  85.9W,  60,  983, -999, -999, -999, -999, -999, -999, -999, -999, -999, -999, -999, -999, -999
20000917, 0000,  , HU, 25.2N,  85.4W,  65,  985, -999, -999, -999, -999, -999, -999, -999, -999, -999, -999, -999, -999, -999
20000917, 0600,  , HU, 26.1N,  84.9W,  70,  981, -999, -999, -999, -999, -999, -999, -999, -999, -999, -999, -999, -999, -999
20000917, 1200,  , HU, 27.1N,  84.3W,  65,  987, -999, -999, -999, -999, -999, -999, -999, -999, -999, -999, -999, -999, -999
20000917, 1800,  , HU, 28.0N,  83.8W,  65,  985, -999, -999, -999, -999, -999, -999, -999, -999, -999, -999, -999, -999, -999
20000918, 0000,  , TS, 28.9N,  83.4W,  60,  989, -999, -999, -999, -999, -999, -999, -999, -999, -999, -999, -999, -999, -999
20000918, 0300, L, TS, 29.3N,  83.2W,  55,  991, -999, -999, -999, -999, -999, -999, -999, -999, -999, -999, -999, -999, -999
20000918, 0600,  , TS, 29.8N,  83.0W,  40, 1000, -999, -999, -999, -999, -999, -999, -999, -999, -999, -999, -999, -999, -999
20000918, 1200,  , TD, 31.0N,  82.3W,  30, 1006, -999, -999, -999, -999, -999, -999, -999, -999, -999, -999, -999, -999, -999
20000918, 1800,  , EX, 32.3N,  81.5W,  25, 1011, -999, -999, -999, -999, -999, -999, -999, -999, -999, -999, -999, -999, -999
20000919, 0000,  , EX, 33.5N,  80.2W,  25, 1011, -999, -999, -999, -999, -999, -999, -999, -999, -999, -999, -999, -999, -999
20000919, 0600,  , EX, 35.0N,  79.0W,  20, 1011, -999, -999, -999, -999, -999, -999, -999, -999, -999, -999, -999, -999, -999
20000919, 1200,  , EX, 37.0N,  78.2W,  20, 1010, -999, -999, -999, -999, -999, -999, -999, -999, -999, -999, -999, -999, -999
20000919, 1800,  , EX, 38.5N,  76.0W,  25, 1008, -999, -999, -999, -999, -999, -999, -999, -999, -999, -999, -999, -999, -999
20000920, 0000,  , EX, 40.0N,  74.0W,  25, 1007, -999, -999, -999, -999, -999, -999, -999, -999, -999, -999, -999, -999, -999
20000920, 0600,  , EX, 41.5N,  72.0W,  25, 1005, -999, -999, -999, -999, -999, -999, -999, -999, -999, -999, -999, -999, -999
20000920, 1200,  , EX, 42.0N,  69.5W,  30, 1005, -999, -999, -999, -999, -999, -999, -999, -999, -999, -999, -999, -999, -999
20000920, 1800,  , EX, 42.5N,  67.2W,  30, 1005, -999, -999, -999, -999, -999, -999, -999, -999, -999, -999, -999, -999, -999
20000921, 0000,  , EX, 43.0N,  65.0W,  30, 1004, -999, -999, -999, -999, -999, -999, -999, -999, -999, -999, -999, -999, -999
20000921, 0600,  , EX, 43.5N,  63.0W,  30, 1003, -999, -999, -999, -999, -999, -999, -999, -999, -999, -999, -999, -999, -999
AL122000,             HELENE,     42,
20000915, 1200,  , TD, 14.9N,  52.2W,  25, 1010, -999, -999, -999, -999, -999, -999, -999, -999, -999, -999, -999, -999, -999
20000915, 1800,  , TD, 15.3N,  53.0W,  25, 1010, -999, -999, -999, -999, -999, -999, -999, -999, -999, -999, -999, -999, -999
20000916, 0000,  , TD, 15.6N,  53.6W,  25, 1010, -999, -999, -999, -999, -999, -999, -999, -999, -999, -999, -999, -999, -999
20000916, 0600,  , TD, 15.8N,  54.4W,  25, 1010, -999, -999, -999, -999, -999, -999, -999, -999, -999, -999, -999, -999, -999
20000916, 1200,  , TD, 16.1N,  55.9W,  30, 1010, -999, -999, -999, -999, -999, -999, -999, -999, -999, -999, -999, -999, -999
20000916, 1800,  , WV, 16.4N,  58.0W,  30, 1010, -999, -999, -999, -999, -999, -999, -999, -999, -999, -999, -999, -999, -999
20000917, 0000,  , WV, 16.6N,  59.9W,  30, 1010, -999, -999, -999, -999, -999, -999, -999, -999, -999, -999, -999, -999, -999
20000917, 0600,  , WV, 16.6N,  61.7W,  30, 1010, -999, -999, -999, -999, -999, -999, -999, -999, -999, -999, -999, -999, -999
20000917, 1200,  , WV, 16.4N,  63.6W,  30, 1010, -999, -999, -999, -999, -999, -999, -999, -999, -999, -999, -999, -999, -999
20000917, 1800,  , WV, 16.7N,  65.6W,  30, 1010, -999, -999, -999, -999, -999, -999, -999, -999, -999, -999, -999, -999, -999
20000918, 0000,  , WV, 17.0N,  67.1W,  30, 1010, -999, -999, -999, -999, -999, -999, -999, -999, -999, -999, -999, -999, -999
20000918, 0600,  , WV, 17.1N,  68.7W,  30, 1010, -999, -999, -999, -999, -999, -999, -999, -999, -999, -999, -999, -999, -999
20000918, 1200,  , WV, 17.2N,  70.6W,  30, 1010, -999, -999, -999, -999, -999, -999, -999, -999, -999, -999, -999, -999, -999
20000918, 1800,  , WV, 17.4N,  72.5W,  30, 1010, -999, -999, -999, -999, -999, -999, -999, -999, -999, -999, -999, -999, -999
20000919, 0000,  , WV, 17.6N,  74.4W,  30, 1010, -999, -999, -999, -999, -999, -999, -999, -999, -999, -999, -999, -999, -999
20000919, 0600,  , WV, 18.3N,  76.3W,  30, 1010, -999, -999, -999, -999, -999, -999, -999, -999, -999, -999, -999, -999, -999
20000919, 1200,  , WV, 18.9N,  78.3W,  30, 1010, -999, -999, -999, -999, -999, -999, -999, -999, -999, -999, -999, -999, -999
20000919, 1800,  , TD, 19.4N,  79.6W,  30, 1010, -999, -999, -999, -999, -999, -999, -999, -999, -999, -999, -999, -999, -999
20000920, 0000,  , TD, 19.9N,  81.0W,  30, 1010, -999, -999, -999, -999, -999, -999, -999, -999, -999, -999, -999, -999, -999
20000920, 0600,  , TD, 20.7N,  82.6W,  25, 1010, -999, -999, -999, -999, -999, -999, -999, -999, -999, -999, -999, -999, -999
20000920, 1200,  , TD, 21.8N,  84.3W,  25, 1010, -999, -999, -999, -999, -999, -999, -999, -999, -999, -999, -999, -999, -999
20000920, 1800,  , TD, 23.0N,  85.4W,  25, 1010, -999, -999, -999, -999, -999, -999, -999, -999, -999, -999, -999, -999, -999
20000921, 0000,  , TD, 23.9N,  86.1W,  25, 1008, -999, -999, -999, -999, -999, -999, -999, -999, -999, -999, -999, -999, -999
20000921, 0600,  , TS, 24.9N,  86.6W,  35, 1007, -999, -999, -999, -999, -999, -999, -999, -999, -999, -999, -999, -999, -999
20000921, 1200,  , TS, 26.1N,  87.0W,  45, 1006, -999, -999, -999, -999, -999, -999, -999, -999, -999, -999, -999, -999, -999
20000921, 1800,  , TS, 27.1N,  87.1W,  60,  999, -999, -999, -999, -999, -999, -999, -999, -999, -999, -999, -999, -999, -999
20000922, 0000,  , TS, 28.4N,  87.2W,  60,  996, -999, -999, -999, -999, -999, -999, -999, -999, -999, -999, -999, -999, -999
20000922, 0600,  , TS, 29.5N,  87.2W,  50, 1001, -999, -999, -999, -999, -999, -999, -999, -999, -999, -999, -999, -999, -999
20000922, 1200, L, TS, 30.5N,  86.6W,  35, 1006, -999, -999, -999, -999, -999, -999, -999, -999, -999, -999, -999, -999, -999
20000922, 1800,  , TD, 31.6N,  85.4W,  25, 1010, -999, -999, -999, -999, -999, -999, -999, -999, -999, -999, -999, -999, -999
20000923, 0000,  , TD, 32.9N,  83.5W,  25, 1011, -999, -999, -999, -999, -999, -999, -999, -999, -999, -999, -999, -999, -999
20000923, 0600,  , TD, 33.6N,  81.7W,  25, 1012, -999, -999, -999, -999, -999, -999, -999, -999, -999, -999, -999, -999, -999
20000923, 1200,  , TD, 34.4N,  80.0W,  25, 1011, -999, -999, -999, -999, -999, -999, -999, -999, -999, -999, -999, -999, -999
20000923, 1800,  , TS, 35.4N,  78.0W,  35, 1010, -999, -999, -999, -999, -999, -999, -999, -999, -999, -999, -999, -999, -999
20000924, 0000,  , TS, 36.4N,  76.1W,  40, 1008, -999, -999, -999, -999, -999, -999, -999, -999, -999, -999, -999, -999, -999
20000924, 0600,  , TS, 37.2N,  74.7W,  45, 1005, -999, -999, -999, -999, -999, -999, -999, -999, -999, -999, -999, -999, -999
20000924, 1200,  , TS, 38.0N,  72.5W,  45, 1001, -999, -999, -999, -999, -999, -999, -999, -999, -999, -999, -999, -999, -999
20000924, 1800,  , TS, 39.2N,  70.1W,  45,  997, -999, -999, -999, -999, -999, -999, -999, -999, -999, -999, -999, -999, -999
20000925, 0000,  , TS, 40.1N,  66.8W,  55,  993, -999, -999, -999, -999, -999, -999, -999, -999, -999, -999, -999, -999, -999
20000925, 0600,  , TS, 41.6N,  62.2W,  60,  986, -999, -999, -999, -999, -999, -999, -999, -999, -999, -999, -999, -999, -999
20000925, 1200,  , TS, 44.0N,  55.5W,  55,  988, -999, -999, -999, -999, -999, -999, -999, -999, -999, -999, -999, -999, -999
20000925, 1800,  , TS, 46.1N,  48.8W,  45,  990, -999, -999, -999, -999, -999, -999, -999, -999, -999, -999, -999, -999, -999
AL132000,              ISAAC,     52,
20000921, 1200,  , TD, 11.5N,  23.0W,  30, 1008, -999, -999, -999, -999, -999, -999, -999, -999, -999, -999, -999, -999, -999
20000921, 1800,  , TD, 11.9N,  24.5W,  30, 1008, -999, -999, -999, -999, -999, -999, -999, -999, -999, -999, -999, -999, -999
20000922, 0000,  , TS, 12.3N,  25.9W,  35, 1005, -999, -999, -999, -999, -999, -999, -999, -999, -999, -999, -999, -999, -999
20000922, 0600,  , TS, 12.7N,  27.2W,  40, 1001, -999, -999, -999, -999, -999, -999, -999, -999, -999, -999, -999, -999, -999
20000922, 1200,  , TS, 13.1N,  28.7W,  45, 1000, -999, -999, -999, -999, -999, -999, -999, -999, -999, -999, -999, -999, -999
20000922, 1800,  , TS, 13.5N,  30.1W,  45, 1000, -999, -999, -999, -999, -999, -999, -999, -999, -999, -999, -999, -999, -999
20000923, 0000,  , TS, 13.7N,  31.2W,  50,  997, -999, -999, -999, -999, -999, -999, -999, -999, -999, -999, -999, -999, -999
20000923, 0600,  , TS, 13.9N,  32.3W,  55,  994, -999, -999, -999, -999, -999, -999, -999, -999, -999, -999, -999, -999, -999
20000923, 1200,  , HU, 14.3N,  33.2W,  70,  984, -999, -999, -999, -999, -999, -999, -999, -999, -999, -999, -999, -999, -999
20000923, 1800,  , HU, 14.6N,  34.2W,  85,  973, -999, -999, -999, -999, -999, -999, -999, -999, -999, -999, -999, -999, -999
20000924, 0000,  , HU, 14.9N,  35.0W, 105,  960, -999, -999, -999, -999, -999, -999, -999, -999, -999, -999, -999, -999, -999
20000924, 0600,  , HU, 15.1N,  35.8W, 100,  960, -999, -999, -999, -999, -999, -999, -999, -999, -999, -999, -999, -999, -999
20000924, 1200,  , HU, 15.5N,  36.8W, 100,  960, -999, -999, -999, -999, -999, -999, -999, -999, -999, -999, -999, -999, -999
20000924, 1800,  , HU, 15.8N,  37.8W, 100,  960, -999, -999, -999, -999, -999, -999, -999, -999, -999, -999, -999, -999, -999
20000925, 0000,  , HU, 16.3N,  38.6W,  95,  965, -999, -999, -999, -999, -999, -999, -999, -999, -999, -999, -999, -999, -999
20000925, 0600,  , HU, 16.7N,  39.5W,  95,  965, -999, -999, -999, -999, -999, -999, -999, -999, -999, -999, -999, -999, -999
20000925, 1200,  , HU, 17.2N,  40.4W,  90,  970, -999, -999, -999, -999, -999, -999, -999, -999, -999, -999, -999, -999, -999
20000925, 1800,  , HU, 17.6N,  41.2W,  90,  970, -999, -999, -999, -999, -999, -999, -999, -999, -999, -999, -999, -999, -999
20000926, 0000,  , HU, 17.9N,  42.0W,  90,  970, -999, -999, -999, -999, -999, -999, -999, -999, -999, -999, -999, -999, -999
20000926, 0600,  , HU, 18.3N,  42.9W,  85,  973, -999, -999, -999, -999, -999, -999, -999, -999, -999, -999, -999, -999, -999
20000926, 1200,  , HU, 18.6N,  43.9W,  75,  980, -999, -999, -999, -999, -999, -999, -999, -999, -999, -999, -999, -999, -999
20000926, 1800,  , HU, 19.1N,  45.0W,  75,  980, -999, -999, -999, -999, -999, -999, -999, -999, -999, -999, -999, -999, -999
20000927, 0000,  , HU, 19.6N,  46.0W,  80,  977, -999, -999, -999, -999, -999, -999, -999, -999, -999, -999, -999, -999, -999
20000927, 0600,  , HU, 20.4N,  47.0W,  85,  973, -999, -999, -999, -999, -999, -999, -999, -999, -999, -999, -999, -999, -999
20000927, 1200,  , HU, 21.0N,  48.1W,  90,  970, -999, -999, -999, -999, -999, -999, -999, -999, -999, -999, -999, -999, -999
20000927, 1800,  , HU, 21.9N,  49.5W,  95,  965, -999, -999, -999, -999, -999, -999, -999, -999, -999, -999, -999, -999, -999
20000928, 0000,  , HU, 22.8N,  50.6W, 100,  960, -999, -999, -999, -999, -999, -999, -999, -999, -999, -999, -999, -999, -999
20000928, 0600,  , HU, 23.8N,  52.0W, 105,  955, -999, -999, -999, -999, -999, -999, -999, -999, -999, -999, -999, -999, -999
20000928, 1200,  , HU, 25.0N,  52.9W, 110,  950, -999, -999, -999, -999, -999, -999, -999, -999, -999, -999, -999, -999, -999
20000928, 1800,  , HU, 26.6N,  54.2W, 120,  943, -999, -999, -999, -999, -999, -999, -999, -999, -999, -999, -999, -999, -999
20000929, 0000,  , HU, 28.0N,  55.1W, 115,  948, -999, -999, -999, -999, -999, -999, -999, -999, -999, -999, -999, -999, -999
20000929, 0600,  , HU, 29.7N,  55.9W, 110,  950, -999, -999, -999, -999, -999, -999, -999, -999, -999, -999, -999, -999, -999
20000929, 1200,  , HU, 31.2N,  56.2W, 105,  955, -999, -999, -999, -999, -999, -999, -999, -999, -999, -999, -999, -999, -999
20000929, 1800,  , HU, 32.9N,  55.9W,  90,  965, -999, -999, -999, -999, -999, -999, -999, -999, -999, -999, -999, -999, -999
20000930, 0000,  , HU, 34.4N,  55.2W,  85,  970, -999, -999, -999, -999, -999, -999, -999, -999, -999, -999, -999, -999, -999
20000930, 0600,  , HU, 35.7N,  54.0W,  80,  975, -999, -999, -999, -999, -999, -999, -999, -999, -999, -999, -999, -999, -999
20000930, 1200,  , HU, 37.0N,  51.8W,  75,  979, -999, -999, -999, -999, -999, -999, -999, -999, -999, -999, -999, -999, -999
20000930, 1800,  , HU, 38.3N,  49.8W,  70,  985, -999, -999, -999, -999, -999, -999, -999, -999, -999, -999, -999, -999, -999
20001001, 0000,  , HU, 39.7N,  47.9W,  65,  987, -999, -999, -999, -999, -999, -999, -999, -999, -999, -999, -999, -999, -999
20001001, 0600,  , TS, 40.9N,  45.7W,  60,  990, -999, -999, -999, -999, -999, -999, -999, -999, -999, -999, -999, -999, -999
20001001, 1200,  , TS, 42.1N,  43.6W,  55,  990, -999, -999, -999, -999, -999, -999, -999, -999, -999, -999, -999, -999, -999
20001001, 1800,  , EX, 43.5N,  39.5W,  55,  990, -999, -999, -999, -999, -999, -999, -999, -999, -999, -999, -999, -999, -999
20001002, 0000,  , EX, 44.5N,  36.5W,  55,  982, -999, -999, -999, -999, -999, -999, -999, -999, -999, -999, -999, -999, -999
20001002, 0600,  , EX, 45.7N,  33.0W,  60,  972, -999, -999, -999, -999, -999, -999, -999, -999, -999, -999, -999, -999, -999
20001002, 1200,  , EX, 47.0N,  29.0W,  60,  975, -999, -999, -999, -999, -999, -999, -999, -999, -999, -999, -999, -999, -999
20001002, 1800,  , EX, 48.5N,  25.0W,  60,  976, -999, -999, -999, -999, -999, -999, -999, -999, -999, -999, -999, -999, -999
20001003, 0000,  , EX, 49.5N,  20.5W,  60,  976, -999, -999, -999, -999, -999, -999, -999, -999, -999, -999, -999, -999, -999
20001003, 0600,  , EX, 50.5N,  16.5W,  60,  978, -999, -999, -999, -999, -999, -999, -999, -999, -999, -999, -999, -999, -999
20001003, 1200,  , EX, 52.0N,  12.0W,  55,  982, -999, -999, -999, -999, -999, -999, -999, -999, -999, -999, -999, -999, -999
20001003, 1800,  , EX, 55.0N,   9.0W,  45,  988, -999, -999, -999, -999, -999, -999, -999, -999, -999, -999, -999, -999, -999
20001004, 0000,  , EX, 58.0N,   6.0W,  45,  989, -999, -999, -999, -999, -999, -999, -999, -999, -999, -999, -999, -999, -999
20001004, 0600,  , EX, 62.0N,   4.0W,  45,  994, -999, -999, -999, -999, -999, -999, -999, -999, -999, -999, -999, -999, -999
AL142000,              JOYCE,     28,
20000925, 1200,  , TD, 11.2N,  29.6W,  25, 1009, -999, -999, -999, -999, -999, -999, -999, -999, -999, -999, -999, -999, -999
20000925, 1800,  , TD, 11.4N,  30.7W,  30, 1009, -999, -999, -999, -999, -999, -999, -999, -999, -999, -999, -999, -999, -999
20000926, 0000,  , TS, 11.5N,  31.9W,  35, 1008, -999, -999, -999, -999, -999, -999, -999, -999, -999, -999, -999, -999, -999
20000926, 0600,  , TS, 11.6N,  33.0W,  35, 1007, -999, -999, -999, -999, -999, -999, -999, -999, -999, -999, -999, -999, -999
20000926, 1200,  , TS, 11.6N,  34.1W,  35, 1005, -999, -999, -999, -999, -999, -999, -999, -999, -999, -999, -999, -999, -999
20000926, 1800,  , TS, 11.7N,  35.3W,  40, 1002, -999, -999, -999, -999, -999, -999, -999, -999, -999, -999, -999, -999, -999
20000927, 0000,  , TS, 12.1N,  36.4W,  50,  998, -999, -999, -999, -999, -999, -999, -999, -999, -999, -999, -999, -999, -999
20000927, 0600,  , TS, 12.2N,  37.6W,  55,  993, -999, -999, -999, -999, -999, -999, -999, -999, -999, -999, -999, -999, -999
20000927, 1200,  , HU, 12.4N,  38.8W,  65,  985, -999, -999, -999, -999, -999, -999, -999, -999, -999, -999, -999, -999, -999
20000927, 1800,  , HU, 12.5N,  40.1W,  70,  978, -999, -999, -999, -999, -999, -999, -999, -999, -999, -999, -999, -999, -999
20000928, 0000,  , HU, 12.4N,  41.3W,  75,  976, -999, -999, -999, -999, -999, -999, -999, -999, -999, -999, -999, -999, -999
20000928, 0600,  , HU, 12.2N,  42.5W,  80,  975, -999, -999, -999, -999, -999, -999, -999, -999, -999, -999, -999, -999, -999
20000928, 1200,  , HU, 11.7N,  43.8W,  80,  975, -999, -999, -999, -999, -999, -999, -999, -999, -999, -999, -999, -999, -999
20000928, 1800,  , HU, 11.3N,  45.0W,  75,  976, -999, -999, -999, -999, -999, -999, -999, -999, -999, -999, -999, -999, -999
20000929, 0000,  , HU, 10.9N,  46.1W,  75,  977, -999, -999, -999, -999, -999, -999, -999, -999, -999, -999, -999, -999, -999
20000929, 0600,  , HU, 10.7N,  47.2W,  70,  980, -999, -999, -999, -999, -999, -999, -999, -999, -999, -999, -999, -999, -999
20000929, 1200,  , HU, 10.5N,  48.6W,  65,  984, -999, -999, -999, -999, -999, -999, -999, -999, -999, -999, -999, -999, -999
20000929, 1800,  , TS, 10.5N,  50.1W,  60,  988, -999, -999, -999, -999, -999, -999, -999, -999, -999, -999, -999, -999, -999
20000930, 0000,  , TS, 10.4N,  51.7W,  55,  992, -999, -999, -999, -999, -999, -999, -999, -999, -999, -999, -999, -999, -999
20000930, 0600,  , TS, 10.3N,  53.3W,  50,  996, -999, -999, -999, -999, -999, -999, -999, -999, -999, -999, -999, -999, -999
20000930, 1200,  , TS, 10.3N,  54.9W,  45, 1000, -999, -999, -999, -999, -999, -999, -999, -999, -999, -999, -999, -999, -999
20000930, 1800,  , TS, 10.5N,  56.6W,  40, 1003, -999, -999, -999, -999, -999, -999, -999, -999, -999, -999, -999, -999, -999
20001001, 0000,  , TS, 10.7N,  58.0W,  40, 1005, -999, -999, -999, -999, -999, -999, -999, -999, -999, -999, -999, -999, -999
20001001, 0600,  , TS, 11.0N,  59.5W,  35, 1006, -999, -999, -999, -999, -999, -999, -999, -999, -999, -999, -999, -999, -999
20001001, 1200,  , TS, 11.3N,  60.9W,  35, 1007, -999, -999, -999, -999, -999, -999, -999, -999, -999, -999, -999, -999, -999
20001001, 1800,  , TD, 11.7N,  62.3W,  30, 1008, -999, -999, -999, -999, -999, -999, -999, -999, -999, -999, -999, -999, -999
20001002, 0000,  , TD, 11.9N,  63.5W,  30, 1009, -999, -999, -999, -999, -999, -999, -999, -999, -999, -999, -999, -999, -999
20001002, 0600,  , TD, 11.9N,  64.9W,  25, 1009, -999, -999, -999, -999, -999, -999, -999, -999, -999, -999, -999, -999, -999
AL152000,              KEITH,     35,
20000928, 1800,  , TD, 16.1N,  82.9W,  25, 1005, -999, -999, -999, -999, -999, -999, -999, -999, -999, -999, -999, -999, -999
20000929, 0000,  , TD, 16.2N,  83.3W,  25, 1004, -999, -999, -999, -999, -999, -999, -999, -999, -999, -999, -999, -999, -999
20000929, 0600,  , TD, 16.6N,  83.6W,  30, 1003, -999, -999, -999, -999, -999, -999, -999, -999, -999, -999, -999, -999, -999
20000929, 1200,  , TD, 16.9N,  84.0W,  30, 1002, -999, -999, -999, -999, -999, -999, -999, -999, -999, -999, -999, -999, -999
20000929, 1800,  , TS, 17.4N,  84.8W,  40, 1000, -999, -999, -999, -999, -999, -999, -999, -999, -999, -999, -999, -999, -999
20000930, 0000,  , TS, 17.7N,  85.4W,  45,  993, -999, -999, -999, -999, -999, -999, -999, -999, -999, -999, -999, -999, -999
20000930, 0600,  , TS, 17.9N,  86.0W,  55,  987, -999, -999, -999, -999, -999, -999, -999, -999, -999, -999, -999, -999, -999
20000930, 1200,  , HU, 17.9N,  86.4W,  65,  982, -999, -999, -999, -999, -999, -999, -999, -999, -999, -999, -999, -999, -999
20000930, 1800,  , HU, 17.9N,  86.7W,  75,  977, -999, -999, -999, -999, -999, -999, -999, -999, -999, -999, -999, -999, -999
20001001, 0000,  , HU, 17.9N,  86.9W, 100,  955, -999, -999, -999, -999, -999, -999, -999, -999, -999, -999, -999, -999, -999
20001001, 0600,  , HU, 17.9N,  87.2W, 120,  941, -999, -999, -999, -999, -999, -999, -999, -999, -999, -999, -999, -999, -999
20001001, 0700, I, HU, 17.9N,  87.3W, 120,  939, -999, -999, -999, -999, -999, -999, -999, -999, -999, -999, -999, -999, -999
20001001, 1200,  , HU, 17.9N,  87.4W, 115,  944, -999, -999, -999, -999, -999, -999, -999, -999, -999, -999, -999, -999, -999
20001001, 1800,  , HU, 17.9N,  87.7W, 110,  950, -999, -999, -999, -999, -999, -999, -999, -999, -999, -999, -999, -999, -999
20001002, 0000,  , HU, 17.8N,  87.9W, 100,  959, -999, -999, -999, -999, -999, -999, -999, -999, -999, -999, -999, -999, -999
20001002, 0600,  , HU, 17.6N,  87.8W,  80,  974, -999, -999, -999, -999, -999, -999, -999, -999, -999, -999, -999, -999, -999
20001002, 1200,  , HU, 17.7N,  87.8W,  70,  980, -999, -999, -999, -999, -999, -999, -999, -999, -999, -999, -999, -999, -999
20001002, 1800,  , HU, 17.7N,  87.9W,  65,  987, -999, -999, -999, -999, -999, -999, -999, -999, -999, -999, -999, -999, -999
20001002, 2300, L, HU, 17.9N,  88.0W,  65,  988, -999, -999, -999, -999, -999, -999, -999, -999, -999, -999, -999, -999, -999
20001003, 0000,  , TS, 17.9N,  88.0W,  60,  989, -999, -999, -999, -999, -999, -999, -999, -999, -999, -999, -999, -999, -999
20001003, 0300, L, TS, 17.9N,  88.2W,  60,  990, -999, -999, -999, -999, -999, -999, -999, -999, -999, -999, -999, -999, -999
20001003, 0600,  , TS, 18.0N,  88.4W,  45,  990, -999, -999, -999, -999, -999, -999, -999, -999, -999, -999, -999, -999, -999
20001003, 1200,  , TD, 18.3N,  88.8W,  30,  995, -999, -999, -999, -999, -999, -999, -999, -999, -999, -999, -999, -999, -999
20001003, 1800,  , TD, 18.6N,  89.5W,  30,  998, -999, -999, -999, -999, -999, -999, -999, -999, -999, -999, -999, -999, -999
20001004, 0000,  , TD, 19.0N,  90.4W,  25, 1000, -999, -999, -999, -999, -999, -999, -999, -999, -999, -999, -999, -999, -999
20001004, 0600,  , TD, 19.5N,  91.4W,  30, 1000, -999, -999, -999, -999, -999, -999, -999, -999, -999, -999, -999, -999, -999
20001004, 1200,  , TS, 19.9N,  92.5W,  35,  999, -999, -999, -999, -999, -999, -999, -999, -999, -999, -999, -999, -999, -999
20001004, 1800,  , TS, 20.3N,  93.5W,  40,  996, -999, -999, -999, -999, -999, -999, -999, -999, -999, -999, -999, -999, -999
20001005, 0000,  , TS, 20.7N,  94.8W,  60,  988, -999, -999, -999, -999, -999, -999, -999, -999, -999, -999, -999, -999, -999
20001005, 0600,  , HU, 21.2N,  96.1W,  65,  987, -999, -999, -999, -999, -999, -999, -999, -999, -999, -999, -999, -999, -999
20001005, 1200,  , HU, 21.8N,  97.0W,  75,  983, -999, -999, -999, -999, -999, -999, -999, -999, -999, -999, -999, -999, -999
20001005, 1800, L, HU, 22.6N,  97.9W,  80,  980, -999, -999, -999, -999, -999, -999, -999, -999, -999, -999, -999, -999, -999
20001006, 0000,  , TS, 23.2N,  99.0W,  45,  988, -999, -999, -999, -999, -999, -999, -999, -999, -999, -999, -999, -999, -999
20001006, 0600,  , TD, 23.5N, 100.0W,  30, 1002, -999, -999, -999, -999, -999, -999, -999, -999, -999, -999, -999, -999, -999
20001006, 1200,  , TD, 23.8N, 101.0W,  20, 1007, -999, -999, -999, -999, -999, -999, -999, -999, -999, -999, -999, -999, -999
AL162000,             LESLIE,     26,
20001004, 1200,  , SD, 29.0N,  81.4W,  30, 1012, -999, -999, -999, -999, -999, -999, -999, -999, -999, -999, -999, -999, -999
20001004, 1800,  , SD, 29.5N,  80.8W,  30, 1012, -999, -999, -999, -999, -999, -999, -999, -999, -999, -999, -999, -999, -999
20001005, 0000,  , SD, 29.7N,  79.9W,  30, 1010, -999, -999, -999, -999, -999, -999, -999, -999, -999, -999, -999, -999, -999
20001005, 0600,  , SD, 29.8N,  78.6W,  30, 1010, -999, -999, -999, -999, -999, -999, -999, -999, -999, -999, -999, -999, -999
20001005, 1200,  , TS, 29.9N,  77.3W,  35, 1009, -999, -999, -999, -999, -999, -999, -999, -999, -999, -999, -999, -999, -999
20001005, 1800,  , TS, 30.2N,  75.9W,  35, 1009, -999, -999, -999, -999, -999, -999, -999, -999, -999, -999, -999, -999, -999
20001006, 0000,  , TS, 30.3N,  74.3W,  35, 1010, -999, -999, -999, -999, -999, -999, -999, -999, -999, -999, -999, -999, -999
20001006, 0600,  , TS, 30.6N,  73.1W,  40, 1006, -999, -999, -999, -999, -999, -999, -999, -999, -999, -999, -999, -999, -999
20001006, 1200,  , TS, 30.9N,  72.4W,  40, 1007, -999, -999, -999, -999, -999, -999, -999, -999, -999, -999, -999, -999, -999
20001006, 1800,  , TS, 31.3N,  71.8W,  40, 1007, -999, -999, -999, -999, -999, -999, -999, -999, -999, -999, -999, -999, -999
20001007, 0000,  , TS, 32.1N,  70.7W,  40, 1006, -999, -999, -999, -999, -999, -999, -999, -999, -999, -999, -999, -999, -999
20001007, 0600,  , TS, 33.1N,  69.6W,  40, 1006, -999, -999, -999, -999, -999, -999, -999, -999, -999, -999, -999, -999, -999
20001007, 1200,  , TS, 35.4N,  68.3W,  40, 1006, -999, -999, -999, -999, -999, -999, -999, -999, -999, -999, -999, -999, -999
20001007, 1800,  , EX, 37.4N,  66.7W,  40, 1005, -999, -999, -999, -999, -999, -999, -999, -999, -999, -999, -999, -999, -999
20001008, 0000,  , EX, 40.0N,  64.0W,  40, 1004, -999, -999, -999, -999, -999, -999, -999, -999, -999, -999, -999, -999, -999
20001008, 0600,  , EX, 43.0N,  60.0W,  40, 1003, -999, -999, -999, -999, -999, -999, -999, -999, -999, -999, -999, -999, -999
20001008, 1200,  , EX, 46.0N,  57.0W,  40, 1003, -999, -999, -999, -999, -999, -999, -999, -999, -999, -999, -999, -999, -999
20001008, 1800,  , EX, 49.0N,  54.0W,  35, 1005, -999, -999, -999, -999, -999, -999, -999, -999, -999, -999, -999, -999, -999
20001009, 0000,  , EX, 51.0N,  50.0W,  35, 1007, -999, -999, -999, -999, -999, -999, -999, -999, -999, -999, -999, -999, -999
20001009, 0600,  , EX, 53.0N,  46.0W,  35, 1006, -999, -999, -999, -999, -999, -999, -999, -999, -999, -999, -999, -999, -999
20001009, 1200,  , EX, 55.0N,  41.0W,  35, 1005, -999, -999, -999, -999, -999, -999, -999, -999, -999, -999, -999, -999, -999
20001009, 1800,  , EX, 56.0N,  36.0W,  35, 1003, -999, -999, -999, -999, -999, -999, -999, -999, -999, -999, -999, -999, -999
20001010, 0000,  , EX, 56.0N,  30.0W,  40,  999, -999, -999, -999, -999, -999, -999, -999, -999, -999, -999, -999, -999, -999
20001010, 0600,  , EX, 55.0N,  24.0W,  50,  987, -999, -999, -999, -999, -999, -999, -999, -999, -999, -999, -999, -999, -999
20001010, 1200,  , EX, 54.0N,  17.0W,  55,  980, -999, -999, -999, -999, -999, -999, -999, -999, -999, -999, -999, -999, -999
20001010, 1800,  , EX, 53.0N,  10.0W,  60,  973, -999, -999, -999, -999, -999, -999, -999, -999, -999, -999, -999, -999, -999
AL172000,            MICHAEL,     22,
20001015, 1200,  , SD, 30.0N,  71.2W,  30, 1007, -999, -999, -999, -999, -999, -999, -999, -999, -999, -999, -999, -999, -999
20001015, 1800,  , SD, 30.0N,  71.5W,  30, 1006, -999, -999, -999, -999, -999, -999, -999, -999, -999, -999, -999, -999, -999
20001016, 0000,  , SS, 29.9N,  71.8W,  35, 1005, -999, -999, -999, -999, -999, -999, -999, -999, -999, -999, -999, -999, -999
20001016, 0600,  , SS, 29.9N,  71.9W,  35, 1005, -999, -999, -999, -999, -999, -999, -999, -999, -999, -999, -999, -999, -999
20001016, 1200,  , SS, 29.7N,  71.7W,  35, 1005, -999, -999, -999, -999, -999, -999, -999, -999, -999, -999, -999, -999, -999
20001016, 1800,  , SS, 29.8N,  71.4W,  35, 1004, -999, -999, -999, -999, -999, -999, -999, -999, -999, -999, -999, -999, -999
20001017, 0000,  , TS, 29.9N,  71.1W,  35, 1003, -999, -999, -999, -999, -999, -999, -999, -999, -999, -999, -999, -999, -999
20001017, 0600,  , TS, 29.8N,  71.0W,  45, 1000, -999, -999, -999, -999, -999, -999, -999, -999, -999, -999, -999, -999, -999
20001017, 1200,  , TS, 29.8N,  70.9W,  55,  995, -999, -999, -999, -999, -999, -999, -999, -999, -999, -999, -999, -999, -999
20001017, 1800,  , HU, 30.1N,  70.9W,  65,  988, -999, -999, -999, -999, -999, -999, -999, -999, -999, -999, -999, -999, -999
20001018, 0000,  , HU, 30.4N,  70.9W,  65,  988, -999, -999, -999, -999, -999, -999, -999, -999, -999, -999, -999, -999, -999
20001018, 0600,  , HU, 30.8N,  70.8W,  65,  986, -999, -999, -999, -999, -999, -999, -999, -999, -999, -999, -999, -999, -999
20001018, 1200,  , HU, 31.5N,  70.4W,  65,  984, -999, -999, -999, -999, -999, -999, -999, -999, -999, -999, -999, -999, -999
20001018, 1800,  , HU, 32.6N,  69.5W,  70,  979, -999, -999, -999, -999, -999, -999, -999, -999, -999, -999, -999, -999, -999
20001019, 0000,  , HU, 34.2N,  67.8W,  75,  983, -999, -999, -999, -999, -999, -999, -999, -999, -999, -999, -999, -999, -999
20001019, 0600,  , HU, 36.3N,  65.5W,  65,  986, -999, -999, -999, -999, -999, -999, -999, -999, -999, -999, -999, -999, -999
20001019, 1200,  , HU, 39.8N,  61.6W,  75,  979, -999, -999, -999, -999, -999, -999, -999, -999, -999, -999, -999, -999, -999
20001019, 1800,  , HU, 44.0N,  58.5W,  85,  965, -999, -999, -999, -999, -999, -999, -999, -999, -999, -999, -999, -999, -999
20001020, 0000,  , EX, 48.0N,  56.5W,  75,  966, -999, -999, -999, -999, -999, -999, -999, -999, -999, -999, -999, -999, -999
20001020, 0600,  , EX, 50.0N,  56.0W,  70,  966, -999, -999, -999, -999, -999, -999, -999, -999, -999, -999, -999, -999, -999
20001020, 1200,  , EX, 51.0N,  53.5W,  65,  968, -999, -999, -999, -999, -999, -999, -999, -999, -999, -999, -999, -999, -999
20001020, 1800,  , EX, 52.0N,  50.5W,  60,  970, -999, -999, -999, -999, -999, -999, -999, -999, -999, -999, -999, -999, -999
AL182000,             NADINE,     13,
20001019, 1200,  , TD, 26.2N,  59.9W,  25, 1009, -999, -999, -999, -999, -999, -999, -999, -999, -999, -999, -999, -999, -999
20001019, 1800,  , TD, 27.5N,  59.4W,  30, 1008, -999, -999, -999, -999, -999, -999, -999, -999, -999, -999, -999, -999, -999
20001020, 0000,  , TD, 28.7N,  58.8W,  30, 1008, -999, -999, -999, -999, -999, -999, -999, -999, -999, -999, -999, -999, -999
20001020, 0600,  , TD, 29.7N,  58.0W,  30, 1005, -999, -999, -999, -999, -999, -999, -999, -999, -999, -999, -999, -999, -999
20001020, 1200,  , TS, 30.4N,  57.2W,  35, 1003, -999, -999, -999, -999, -999, -999, -999, -999, -999, -999, -999, -999, -999
20001020, 1800,  , TS, 31.4N,  56.3W,  40, 1000, -999, -999, -999, -999, -999, -999, -999, -999, -999, -999, -999, -999, -999
20001021, 0000,  , TS, 32.4N,  55.2W,  50,  999, -999, -999, -999, -999, -999, -999, -999, -999, -999, -999, -999, -999, -999
20001021, 0600,  , TS, 33.3N,  53.5W,  50, 1000, -999, -999, -999, -999, -999, -999, -999, -999, -999, -999, -999, -999, -999
20001021, 1200,  , TS, 34.1N,  52.3W,  50, 1000, -999, -999, -999, -999, -999, -999, -999, -999, -999, -999, -999, -999, -999
20001021, 1800,  , TS, 34.8N,  51.3W,  45, 1000, -999, -999, -999, -999, -999, -999, -999, -999, -999, -999, -999, -999, -999
20001022, 0000,  , EX, 35.7N,  50.5W,  40, 1004, -999, -999, -999, -999, -999, -999, -999, -999, -999, -999, -999, -999, -999
20001022, 0600,  , EX, 37.0N,  49.0W,  40, 1005, -999, -999, -999, -999, -999, -999, -999, -999, -999, -999, -999, -999, -999
20001022, 1200,  , EX, 39.0N,  47.0W,  35, 1005, -999, -999, -999, -999, -999, -999, -999, -999, -999, -999, -999, -999, -999
AL192000,            UNNAMED,     20,
20001025, 0000,  , EX, 21.5N,  69.5W,  30, 1009, -999, -999, -999, -999, -999, -999, -999, -999, -999, -999, -999, -999, -999
20001025, 0600,  , EX, 22.5N,  70.0W,  35, 1007, -999, -999, -999, -999, -999, -999, -999, -999, -999, -999, -999, -999, -999
20001025, 1200,  , EX, 23.5N,  70.9W,  35, 1006, -999, -999, -999, -999, -999, -999, -999, -999, -999, -999, -999, -999, -999
20001025, 1800,  , SS, 24.5N,  71.7W,  35, 1005, -999, -999, -999, -999, -999, -999, -999, -999, -999, -999, -999, -999, -999
20001026, 0000,  , SS, 25.7N,  71.7W,  35, 1004, -999, -999, -999, -999, -999, -999, -999, -999, -999, -999, -999, -999, -999
20001026, 0600,  , SS, 26.6N,  71.7W,  35, 1003, -999, -999, -999, -999, -999, -999, -999, -999, -999, -999, -999, -999, -999
20001026, 1200,  , SS, 27.4N,  71.8W,  40, 1002, -999, -999, -999, -999, -999, -999, -999, -999, -999, -999, -999, -999, -999
20001026, 1800,  , SS, 28.3N,  72.1W,  45, 1000, -999, -999, -999, -999, -999, -999, -999, -999, -999, -999, -999, -999, -999
20001027, 0000,  , SS, 29.2N,  72.5W,  50,  997, -999, -999, -999, -999, -999, -999, -999, -999, -999, -999, -999, -999, -999
20001027, 0600,  , SS, 30.0N,  72.6W,  50,  997, -999, -999, -999, -999, -999, -999, -999, -999, -999, -999, -999, -999, -999
20001027, 1200,  , SS, 30.9N,  72.5W,  50,  997, -999, -999, -999, -999, -999, -999, -999, -999, -999, -999, -999, -999, -999
20001027, 1800,  , SS, 32.6N,  71.6W,  50,  996, -999, -999, -999, -999, -999, -999, -999, -999, -999, -999, -999, -999, -999
20001028, 0000,  , SS, 34.2N,  70.7W,  50,  994, -999, -999, -999, -999, -999, -999, -999, -999, -999, -999, -999, -999, -999
20001028, 0600,  , SS, 35.7N,  69.9W,  50,  992, -999, -999, -999, -999, -999, -999, -999, -999, -999, -999, -999, -999, -999
20001028, 1200,  , SS, 36.5N,  68.1W,  50,  990, -999, -999, -999, -999, -999, -999, -999, -999, -999, -999, -999, -999, -999
20001028, 1800,  , SS, 38.0N,  65.5W,  55,  984, -999, -999, -999, -999, -999, -999, -999, -999, -999, -999, -999, -999, -999
20001029, 0000,  , SS, 40.5N,  62.6W,  55,  978, -999, -999, -999, -999, -999, -999, -999, -999, -999, -999, -999, -999, -999
20001029, 0200, I, SS, 41.7N,  61.6W,  55,  976, -999, -999, -999, -999, -999, -999, -999, -999, -999, -999, -999, -999, -999
20001029, 0600,  , EX, 44.0N,  60.0W,  50,  980, -999, -999, -999, -999, -999, -999, -999, -999, -999, -999, -999, -999, -999
20001029, 1200,  , EX, 46.0N,  59.5W,  45,  992, -999, -999, -999, -999, -999, -999, -999, -999, -999, -999, -999, -999, -999
