AL011967,            UNNAMED,      9,
19670610, 1200,  , TD, 17.0N,  85.0W,  25, 1006, -999, -999, -999, -999, -999, -999, -999, -999, -999, -999, -999, -999, -999
19670610, 1800,  , TD, 17.3N,  85.0W,  25, -999, -999, -999, -999, -999, -999, -999, -999, -999, -999, -999, -999, -999, -999
19670611, 0000,  , TD, 17.6N,  85.0W,  25, 1004, -999, -999, -999, -999, -999, -999, -999, -999, -999, -999, -999, -999, -999
19670611, 0600,  , TD, 17.9N,  85.1W,  25, -999, -999, -999, -999, -999, -999, -999, -999, -999, -999, -999, -999, -999, -999
19670611, 1200,  , TD, 18.1N,  85.3W,  25, 1004, -999, -999, -999, -999, -999, -999, -999, -999, -999, -999, -999, -999, -999
19670611, 1800,  , TD, 18.3N,  85.7W,  25, -999, -999, -999, -999, -999, -999, -999, -999, -999, -999, -999, -999, -999, -999
19670612, 0000,  , TD, 18.4N,  86.2W,  25, -999, -999, -999, -999, -999, -999, -999, -999, -999, -999, -999, -999, -999, -999
19670612, 0600,  , TD, 18.5N,  86.7W,  25, -999, -999, -999, -999, -999, -999, -999, -999, -999, -999, -999, -999, -999, -999
19670612, 1200,  , TD, 18.5N,  87.3W,  25, -999, -999, -999, -999, -999, -999, -999, -999, -999, -999, -999, -999, -999, -999
AL031967,            UNNAMED,     27,
19670615, 1800,  , SD, 29.0N,  74.0W,  30, -999, -999, -999, -999, -999, -999, -999, -999, -999, -999, -999, -999, -999, -999
19670616, 0000,  , SD, 29.2N,  74.8W,  30, -999, -999, -999, -999, -999, -999, -999, -999, -999, -999, -999, -999, -999, -999
19670616, 0600,  , SD, 29.4N,  75.6W,  30, -999, -999, -999, -999, -999, -999, -999, -999, -999, -999, -999, -999, -999, -999
19670616, 1200,  , SS, 29.6N,  76.3W,  35, -999, -999, -999, -999, -999, -999, -999, -999, -999, -999, -999, -999, -999, -999
19670616, 1800,  , SS, 29.9N,  76.9W,  35, -999, -999, -999, -999, -999, -999, -999, -999, -999, -999, -999, -999, -999, -999
19670617, 0000,  , TS, 30.4N,  77.5W,  35, 1006, -999, -999, -999, -999, -999, -999, -999, -999, -999, -999, -999, -999, -999
19670617, 0600,  , TS, 31.3N,  78.2W,  35, 1006, -999, -999, -999, -999, -999, -999, -999, -999, -999, -999, -999, -999, -999
19670617, 1200,  , TS, 32.3N,  78.6W,  35, 1006, -999, -999, -999, -999, -999, -999, -999, -999, -999, -999, -999, -999, -999
19670617, 1800,  , TS, 33.1N,  78.5W,  35, 1009, -999, -999, -999, -999, -999, -999, -999, -999, -999, -999, -999, -999, -999
19670618, 0000,  , TS, 33.7N,  78.4W,  35, -999, -999, -999, -999, -999, -999, -999, -999, -999, -999, -999, -999, -999, -999
19670618, 0200, L, TS, 33.9N,  78.3W,  35, -999, -999, -999, -999, -999, -999, -999, -999, -999, -999, -999, -999, -999, -999
19670618, 0600,  , TD, 34.3N,  78.2W,  30, -999, -999, -999, -999, -999, -999, -999, -999, -999, -999, -999, -999, -999, -999
19670618, 1200,  , TD, 34.9N,  78.0W,  30, -999, -999, -999, -999, -999, -999, -999, -999, -999, -999, -999, -999, -999, -999
19670618, 1800,  , TD, 35.5N,  77.8W,  30, -999, -999, -999, -999, -999, -999, -999, -999, -999, -999, -999, -999, -999, -999
19670619, 0000,  , TD, 36.0N,  77.3W,  25, -999, -999, -999, -999, -999, -999, -999, -999, -999, -999, -999, -999, -999, -999
19670619, 0600,  , TD, 36.5N,  76.4W,  25, -999, -999, -999, -999, -999, -999, -999, -999, -999, -999, -999, -999, -999, -999
19670619, 1200,  , EX, 36.9N,  75.4W,  25, -999, -999, -999, -999, -999, -999, -999, -999, -999, -999, -999, -999, -999, -999
19670619, 1800,  , EX, 37.3N,  74.3W,  30, -999, -999, -999, -999, -999, -999, -999, -999, -999, -999, -999, -999, -999, -999
19670620, 0000,  , EX, 37.9N,  73.0W,  35, -999, -999, -999, -999, -999, -999, -999, -999, -999, -999, -999, -999, -999, -999
19670620, 0600,  , EX, 38.7N,  71.7W,  40, -999, -999, -999, -999, -999, -999, -999, -999, -999, -999, -999, -999, -999, -999
19670620, 1200,  , EX, 39.8N,  70.6W,  45, -999, -999, -999, -999, -999, -999, -999, -999, -999, -999, -999, -999, -999, -999
19670620, 1800,  , EX, 40.5N,  70.1W,  45, -999, -999, -999, -999, -999, -999, -999, -999, -999, -999, -999, -999, -999, -999
19670621, 0000,  , EX, 40.7N,  70.3W,  40, -999, -999, -999, -999, -999, -999, -999, -999, -999, -999, -999, -999, -999, -999
19670621, 0600,  , EX, 40.5N,  70.5W,  35, -999, -999, -999, -999, -999, -999, -999, -999, -999, -999, -999, -999, -999, -999
19670621, 1200,  , EX, 40.7N,  70.1W,  30, -999, -999, -999, -999, -999, -999, -999, -999, -999, -999, -999, -999, -999, -999
19670621, 1800,  , EX, 41.2N,  69.6W,  30, -999, -999, -999, -999, -999, -999, -999, -999, -999, -999, -999, -999, -999, -999
19670622, 0000,  , EX, 42.0N,  69.0W,  25, -999, -999, -999, -999, -999, -999, -999, -999, -999, -999, -999, -999, -999, -999
AL111967,             ARLENE,     33,
19670828, 1800,  , TD, 15.8N,  35.8W,  30, -999, -999, -999, -999, -999, -999, -999, -999, -999, -999, -999, -999, -999, -999
19670829, 0000,  , TD, 16.4N,  36.8W,  30, -999, -999, -999, -999, -999, -999, -999, -999, -999, -999, -999, -999, -999, -999
19670829, 0600,  , TD, 17.1N,  37.9W,  30, -999, -999, -999, -999, -999, -999, -999, -999, -999, -999, -999, -999, -999, -999
19670829, 1200,  , TD, 17.8N,  39.0W,  30, -999, -999, -999, -999, -999, -999, -999, -999, -999, -999, -999, -999, -999, -999
19670829, 1800,  , TS, 18.5N,  40.2W,  35, -999, -999, -999, -999, -999, -999, -999, -999, -999, -999, -999, -999, -999, -999
19670830, 0000,  , TS, 19.3N,  41.6W,  40, -999, -999, -999, -999, -999, -999, -999, -999, -999, -999, -999, -999, -999, -999
19670830, 0600,  , TS, 20.0N,  43.0W,  40, -999, -999, -999, -999, -999, -999, -999, -999, -999, -999, -999, -999, -999, -999
19670830, 1200,  , TS, 20.6N,  44.3W,  45, 1001, -999, -999, -999, -999, -999, -999, -999, -999, -999, -999, -999, -999, -999
19670830, 1800,  , TS, 21.1N,  45.5W,  45, 1001, -999, -999, -999, -999, -999, -999, -999, -999, -999, -999, -999, -999, -999
19670831, 0000,  , TS, 21.8N,  46.9W,  45, -999, -999, -999, -999, -999, -999, -999, -999, -999, -999, -999, -999, -999, -999
19670831, 0600,  , TS, 22.8N,  48.3W,  40, -999, -999, -999, -999, -999, -999, -999, -999, -999, -999, -999, -999, -999, -999
19670831, 1200,  , TS, 24.3N,  49.7W,  40, -999, -999, -999, -999, -999, -999, -999, -999, -999, -999, -999, -999, -999, -999
19670831, 1800,  , TS, 25.8N,  51.0W,  40, 1008, -999, -999, -999, -999, -999, -999, -999, -999, -999, -999, -999, -999, -999
19670901, 0000,  , TS, 27.1N,  52.1W,  40, -999, -999, -999, -999, -999, -999, -999, -999, -999, -999, -999, -999, -999, -999
19670901, 0600,  , TS, 28.4N,  52.9W,  40, -999, -999, -999, -999, -999, -999, -999, -999, -999, -999, -999, -999, -999, -999
19670901, 1200,  , TS, 29.7N,  53.8W,  45, 1009, -999, -999, -999, -999, -999, -999, -999, -999, -999, -999, -999, -999, -999
19670901, 1800,  , TS, 30.8N,  55.1W,  50, -999, -999, -999, -999, -999, -999, -999, -999, -999, -999, -999, -999, -999, -999
19670902, 0000,  , TS, 31.9N,  56.3W,  50, 1007, -999, -999, -999, -999, -999, -999, -999, -999, -999, -999, -999, -999, -999
19670902, 0600,  , TS, 33.2N,  56.8W,  55, -999, -999, -999, -999, -999, -999, -999, -999, -999, -999, -999, -999, -999, -999
19670902, 1200,  , TS, 34.6N,  56.9W,  60,  999, -999, -999, -999, -999, -999, -999, -999, -999, -999, -999, -999, -999, -999
19670902, 1800,  , HU, 36.1N,  56.6W,  65, -999, -999, -999, -999, -999, -999, -999, -999, -999, -999, -999, -999, -999, -999
19670903, 0000,  , HU, 37.6N,  55.8W,  70,  990, -999, -999, -999, -999, -999, -999, -999, -999, -999, -999, -999, -999, -999
19670903, 0600,  , HU, 39.2N,  54.8W,  70, -999, -999, -999, -999, -999, -999, -999, -999, -999, -999, -999, -999, -999, -999
19670903, 1200,  , HU, 40.8N,  53.8W,  75, -999, -999, -999, -999, -999, -999, -999, -999, -999, -999, -999, -999, -999, -999
19670903, 1800,  , HU, 42.6N,  52.5W,  80, -999, -999, -999, -999, -999, -999, -999, -999, -999, -999, -999, -999, -999, -999
19670904, 0000,  , HU, 44.5N,  51.0W,  80,  982, -999, -999, -999, -999, -999, -999, -999, -999, -999, -999, -999, -999, -999
19670904, 0600,  , HU, 45.6N,  49.3W,  70, -999, -999, -999, -999, -999, -999, -999, -999, -999, -999, -999, -999, -999, -999
19670904, 1200,  , EX, 46.0N,  47.4W,  60, -999, -999, -999, -999, -999, -999, -999, -999, -999, -999, -999, -999, -999, -999
19670904, 1800,  , EX, 46.2N,  45.3W,  50, -999, -999, -999, -999, -999, -999, -999, -999, -999, -999, -999, -999, -999, -999
19670905, 0000,  , EX, 46.3N,  43.2W,  45, -999, -999, -999, -999, -999, -999, -999, -999, -999, -999, -999, -999, -999, -999
19670905, 0600,  , EX, 46.3N,  41.5W,  40, -999, -999, -999, -999, -999, -999, -999, -999, -999, -999, -999, -999, -999, -999
19670905, 1200,  , EX, 46.5N,  40.0W,  35, -999, -999, -999, -999, -999, -999, -999, -999, -999, -999, -999, -999, -999, -999
19670905, 1800,  , EX, 47.0N,  39.0W,  30, -999, -999, -999, -999, -999, -999, -999, -999, -999, -999, -999, -999, -999, -999
AL121967,              CHLOE,     69,
19670904, 1800,  , TD, 15.0N,  19.0W,  25, -999, -999, -999, -999, -999, -999, -999, -999, -999, -999, -999, -999, -999, -999
19670905, 0000,  , TD, 15.4N,  20.3W,  30, -999, -999, -999, -999, -999, -999, -999, -999, -999, -999, -999, -999, -999, -999
19670905, 0600,  , TD, 15.7N,  21.7W,  30, -999, -999, -999, -999, -999, -999, -999, -999, -999, -999, -999, -999, -999, -999
19670905, 1200,  , TD, 15.9N,  23.1W,  30, 1008, -999, -999, -999, -999, -999, -999, -999, -999, -999, -999, -999, -999, -999
19670905, 1800,  , TD, 16.1N,  24.5W,  30, 1007, -999, -999, -999, -999, -999, -999, -999, -999, -999, -999, -999, -999, -999
19670906, 0000,  , TD, 16.4N,  26.0W,  30, -999, -999, -999, -999, -999, -999, -999, -999, -999, -999, -999, -999, -999, -999
19670906, 0600,  , TS, 16.8N,  27.5W,  35, -999, -999, -999, -999, -999, -999, -999, -999, -999, -999, -999, -999, -999, -999
19670906, 1200,  , TS, 17.1N,  29.0W,  35, -999, -999, -999, -999, -999, -999, -999, -999, -999, -999, -999, -999, -999, -999
19670906, 1800,  , TS, 17.5N,  30.7W,  35, -999, -999, -999, -999, -999, -999, -999, -999, -999, -999, -999, -999, -999, -999
19670907, 0000,  , TS, 18.0N,  32.1W,  35, -999, -999, -999, -999, -999, -999, -999, -999, -999, -999, -999, -999, -999, -999
19670907, 0600,  , TS, 18.6N,  33.5W,  35, -999, -999, -999, -999, -999, -999, -999, -999, -999, -999, -999, -999, -999, -999
19670907, 1200,  , TS, 19.3N,  34.7W,  35, -999, -999, -999, -999, -999, -999, -999, -999, -999, -999, -999, -999, -999, -999
19670907, 1800,  , TS, 20.0N,  35.8W,  35, -999, -999, -999, -999, -999, -999, -999, -999, -999, -999, -999, -999, -999, -999
19670908, 0000,  , TS, 20.7N,  36.8W,  35, -999, -999, -999, -999, -999, -999, -999, -999, -999, -999, -999, -999, -999, -999
19670908, 0600,  , TS, 21.7N,  37.6W,  35, -999, -999, -999, -999, -999, -999, -999, -999, -999, -999, -999, -999, -999, -999
19670908, 1200,  , TS, 22.7N,  38.0W,  40, -999, -999, -999, -999, -999, -999, -999, -999, -999, -999, -999, -999, -999, -999
19670908, 1800,  , TS, 23.7N,  38.3W,  40, -999, -999, -999, -999, -999, -999, -999, -999, -999, -999, -999, -999, -999, -999
19670909, 0000,  , TS, 24.8N,  38.8W,  45, -999, -999, -999, -999, -999, -999, -999, -999, -999, -999, -999, -999, -999, -999
19670909, 0600,  , TS, 25.8N,  39.1W,  50, -999, -999, -999, -999, -999, -999, -999, -999, -999, -999, -999, -999, -999, -999
19670909, 1200,  , TS, 26.3N,  39.4W,  55, -999, -999, -999, -999, -999, -999, -999, -999, -999, -999, -999, -999, -999, -999
19670909, 1800,  , TS, 26.5N,  39.8W,  55,  997, -999, -999, -999, -999, -999, -999, -999, -999, -999, -999, -999, -999, -999
19670910, 0000,  , TS, 26.6N,  40.4W,  55, -999, -999, -999, -999, -999, -999, -999, -999, -999, -999, -999, -999, -999, -999
19670910, 0600,  , TS, 26.5N,  41.4W,  55, -999, -999, -999, -999, -999, -999, -999, -999, -999, -999, -999, -999, -999, -999
19670910, 1200,  , TS, 26.4N,  42.7W,  55, -999, -999, -999, -999, -999, -999, -999, -999, -999, -999, -999, -999, -999, -999
19670910, 1800,  , TS, 26.3N,  43.9W,  55,  998, -999, -999, -999, -999, -999, -999, -999, -999, -999, -999, -999, -999, -999
19670911, 0000,  , TS, 26.2N,  45.0W,  60, -999, -999, -999, -999, -999, -999, -999, -999, -999, -999, -999, -999, -999, -999
19670911, 0600,  , TS, 26.1N,  46.2W,  60, -999, -999, -999, -999, -999, -999, -999, -999, -999, -999, -999, -999, -999, -999
19670911, 1200,  , HU, 26.0N,  47.4W,  65, -999, -999, -999, -999, -999, -999, -999, -999, -999, -999, -999, -999, -999, -999
19670911, 1800,  , HU, 26.2N,  48.6W,  65,  987, -999, -999, -999, -999, -999, -999, -999, -999, -999, -999, -999, -999, -999
19670912, 0000,  , HU, 26.5N,  49.5W,  70, -999, -999, -999, -999, -999, -999, -999, -999, -999, -999, -999, -999, -999, -999
19670912, 0600,  , HU, 26.8N,  49.8W,  75, -999, -999, -999, -999, -999, -999, -999, -999, -999, -999, -999, -999, -999, -999
19670912, 1200,  , HU, 27.2N,  50.1W,  85, -999, -999, -999, -999, -999, -999, -999, -999, -999, -999, -999, -999, -999, -999
19670912, 1800,  , HU, 27.6N,  50.5W,  90,  964, -999, -999, -999, -999, -999, -999, -999, -999, -999, -999, -999, -999, -999
19670913, 0000,  , HU, 27.9N,  50.9W,  95, -999, -999, -999, -999, -999, -999, -999, -999, -999, -999, -999, -999, -999, -999
19670913, 0600,  , HU, 28.2N,  51.2W,  95, -999, -999, -999, -999, -999, -999, -999, -999, -999, -999, -999, -999, -999, -999
19670913, 1200,  , HU, 28.4N,  51.5W,  95, -999, -999, -999, -999, -999, -999, -999, -999, -999, -999, -999, -999, -999, -999
19670913, 1800,  , HU, 28.7N,  51.8W,  95,  958, -999, -999, -999, -999, -999, -999, -999, -999, -999, -999, -999, -999, -999
19670914, 0000,  , HU, 29.0N,  52.2W,  95, -999, -999, -999, -999, -999, -999, -999, -999, -999, -999, -999, -999, -999, -999
19670914, 0600,  , HU, 29.4N,  52.6W,  95, -999, -999, -999, -999, -999, -999, -999, -999, -999, -999, -999, -999, -999, -999
19670914, 1200,  , HU, 30.0N,  53.3W,  95, -999, -999, -999, -999, -999, -999, -999, -999, -999, -999, -999, -999, -999, -999
19670914, 1800,  , HU, 30.8N,  54.1W,  95,  958, -999, -999, -999, -999, -999, -999, -999, -999, -999, -999, -999, -999, -999
19670915, 0000,  , HU, 31.7N,  54.9W,  90, -999, -999, -999, -999, -999, -999, -999, -999, -999, -999, -999, -999, -999, -999
19670915, 0600,  , HU, 32.6N,  55.8W,  85, -999, -999, -999, -999, -999, -999, -999, -999, -999, -999, -999, -999, -999, -999
19670915, 1200,  , HU, 33.5N,  56.6W,  80, -999, -999, -999, -999, -999, -999, -999, -999, -999, -999, -999, -999, -999, -999
19670915, 1800,  , HU, 34.5N,  57.2W,  80,  973, -999, -999, -999, -999, -999, -999, -999, -999, -999, -999, -999, -999, -999
19670916, 0000,  , HU, 35.6N,  57.6W,  85, -999, -999, -999, -999, -999, -999, -999, -999, -999, -999, -999, -999, -999, -999
19670916, 0600,  , HU, 36.7N,  57.8W,  85, -999, -999, -999, -999, -999, -999, -999, -999, -999, -999, -999, -999, -999, -999
19670916, 1200,  , HU, 37.8N,  57.8W,  85, -999, -999, -999, -999, -999, -999, -999, -999, -999, -999, -999, -999, -999, -999
19670916, 1800,  , HU, 38.9N,  57.8W,  85,  970, -999, -999, -999, -999, -999, -999, -999, -999, -999, -999, -999, -999, -999
19670917, 0000,  , HU, 40.0N,  56.9W,  85, -999, -999, -999, -999, -999, -999, -999, -999, -999, -999, -999, -999, -999, -999
19670917, 0600,  , HU, 40.8N,  55.1W,  85, -999, -999, -999, -999, -999, -999, -999, -999, -999, -999, -999, -999, -999, -999
19670917, 1200,  , HU, 41.4N,  53.0W,  90, -999, -999, -999, -999, -999, -999, -999, -999, -999, -999, -999, -999, -999, -999
19670917, 1800,  , HU, 41.9N,  50.7W,  90,  967, -999, -999, -999, -999, -999, -999, -999, -999, -999, -999, -999, -999, -999
19670918, 0000,  , HU, 42.3N,  47.8W,  85, -999, -999, -999, -999, -999, -999, -999, -999, -999, -999, -999, -999, -999, -999
19670918, 0600,  , HU, 42.7N,  44.8W,  85, -999, -999, -999, -999, -999, -999, -999, -999, -999, -999, -999, -999, -999, -999
19670918, 1200,  , HU, 43.0N,  41.8W,  85, -999, -999, -999, -999, -999, -999, -999, -999, -999, -999, -999, -999, -999, -999
19670918, 1800,  , HU, 43.4N,  38.5W,  85,  969, -999, -999, -999, -999, -999, -999, -999, -999, -999, -999, -999, -999, -999
19670919, 0000,  , HU, 44.0N,  35.0W,  85, -999, -999, -999, -999, -999, -999, -999, -999, -999, -999, -999, -999, -999, -999
19670919, 0600,  , HU, 44.5N,  31.5W,  85, -999, -999, -999, -999, -999, -999, -999, -999, -999, -999, -999, -999, -999, -999
19670919, 1200,  , HU, 44.9N,  28.0W,  80, -999, -999, -999, -999, -999, -999, -999, -999, -999, -999, -999, -999, -999, -999
19670919, 1800,  , HU, 44.8N,  24.8W,  75, -999, -999, -999, -999, -999, -999, -999, -999, -999, -999, -999, -999, -999, -999
19670920, 0000,  , HU, 44.6N,  22.0W,  70, -999, -999, -999, -999, -999, -999, -999, -999, -999, -999, -999, -999, -999, -999
19670920, 0600,  , HU, 44.5N,  19.1W,  65, -999, -999, -999, -999, -999, -999, -999, -999, -999, -999, -999, -999, -999, -999
19670920, 1200,  , TS, 44.5N,  15.5W,  60, -999, -999, -999, -999, -999, -999, -999, -999, -999, -999, -999, -999, -999, -999
19670920, 1800,  , TS, 44.7N,  11.8W,  55, -999, -999, -999, -999, -999, -999, -999, -999, -999, -999, -999, -999, -999, -999
19670921, 0000,  , TS, 45.0N,   8.5W,  50, -999, -999, -999, -999, -999, -999, -999, -999, -999, -999, -999, -999, -999, -999
19670921, 0600,  , TS, 45.3N,   5.1W,  45, -999, -999, -999, -999, -999, -999, -999, -999, -999, -999, -999, -999, -999, -999
19670921, 1200,  , EX, 45.7N,   1.8W,  40, -999, -999, -999, -999, -999, -999, -999, -999, -999, -999, -999, -999, -999, -999
19670921, 1800,  , EX, 46.0N,   1.5E,  35, -999, -999, -999, -999, -999, -999, -999, -999, -999, -999, -999, -999, -999, -999
AL131967,             BEULAH,     79,
19670905, 1200,  , TD, 13.4N,  57.0W,  25, -999, -999, -999, -999, -999, -999, -999, -999, -999, -999, -999, -999, -999, -999
19670905, 1800,  , TD, 13.4N,  57.6W,  25, 1010, -999, -999, -999, -999, -999, -999, -999, -999, -999, -999, -999, -999, -999
19670906, 0000,  , TD, 13.4N,  58.2W,  25, -999, -999, -999, -999, -999, -999, -999, -999, -999, -999, -999, -999, -999, -999
19670906, 0600,  , TD, 13.4N,  58.8W,  25, -999, -999, -999, -999, -999, -999, -999, -999, -999, -999, -999, -999, -999, -999
19670906, 1200,  , TD, 13.4N,  59.4W,  25, -999, -999, -999, -999, -999, -999, -999, -999, -999, -999, -999, -999, -999, -999
19670906, 1800,  , TD, 13.4N,  59.9W,  30, -999, -999, -999, -999, -999, -999, -999, -999, -999, -999, -999, -999, -999, -999
19670907, 0000,  , TD, 13.5N,  60.2W,  30, 1006, -999, -999, -999, -999, -999, -999, -999, -999, -999, -999, -999, -999, -999
19670907, 0600,  , TD, 13.6N,  60.5W,  30, -999, -999, -999, -999, -999, -999, -999, -999, -999, -999, -999, -999, -999, -999
19670907, 1200,  , TS, 13.9N,  60.8W,  35, 1006, -999, -999, -999, -999, -999, -999, -999, -999, -999, -999, -999, -999, -999
19670907, 1400, L, TS, 14.0N,  60.9W,  35, -999, -999, -999, -999, -999, -999, -999, -999, -999, -999, -999, -999, -999, -999
19670907, 1800,  , TS, 14.3N,  61.1W,  40, -999, -999, -999, -999, -999, -999, -999, -999, -999, -999, -999, -999, -999, -999
19670908, 0000,  , TS, 14.5N,  61.5W,  45, -999, -999, -999, -999, -999, -999, -999, -999, -999, -999, -999, -999, -999, -999
19670908, 0600,  , TS, 14.6N,  61.9W,  50, -999, -999, -999, -999, -999, -999, -999, -999, -999, -999, -999, -999, -999, -999
19670908, 1200,  , TS, 14.6N,  62.2W,  60,  996, -999, -999, -999, -999, -999, -999, -999, -999, -999, -999, -999, -999, -999
19670908, 1800,  , HU, 14.8N,  62.9W,  75,  989, -999, -999, -999, -999, -999, -999, -999, -999, -999, -999, -999, -999, -999
19670909, 0000,  , HU, 15.2N,  63.6W,  80, -999, -999, -999, -999, -999, -999, -999, -999, -999, -999, -999, -999, -999, -999
19670909, 0600,  , HU, 15.5N,  64.3W,  90, -999, -999, -999, -999, -999, -999, -999, -999, -999, -999, -999, -999, -999, -999
19670909, 1200,  , HU, 15.8N,  65.2W, 100, -999, -999, -999, -999, -999, -999, -999, -999, -999, -999, -999, -999, -999, -999
19670909, 1800,  , HU, 16.3N,  66.1W, 110,  950, -999, -999, -999, -999, -999, -999, -999, -999, -999, -999, -999, -999, -999
19670910, 0000,  , HU, 16.7N,  66.8W, 125,  940, -999, -999, -999, -999, -999, -999, -999, -999, -999, -999, -999, -999, -999
19670910, 0600,  , HU, 17.2N,  67.6W, 120, -999, -999, -999, -999, -999, -999, -999, -999, -999, -999, -999, -999, -999, -999
19670910, 1200,  , HU, 17.5N,  68.3W, 110,  947, -999, -999, -999, -999, -999, -999, -999, -999, -999, -999, -999, -999, -999
19670910, 1800,  , HU, 17.7N,  69.0W, 105,  951, -999, -999, -999, -999, -999, -999, -999, -999, -999, -999, -999, -999, -999
19670911, 0000,  , HU, 17.8N,  69.9W,  95,  967, -999, -999, -999, -999, -999, -999, -999, -999, -999, -999, -999, -999, -999
19670911, 0600,  , HU, 17.7N,  70.7W,  85, -999, -999, -999, -999, -999, -999, -999, -999, -999, -999, -999, -999, -999, -999
19670911, 1200,  , HU, 17.5N,  71.6W,  80, -999, -999, -999, -999, -999, -999, -999, -999, -999, -999, -999, -999, -999, -999
19670911, 1800,  , HU, 17.5N,  72.5W,  75,  978, -999, -999, -999, -999, -999, -999, -999, -999, -999, -999, -999, -999, -999
19670912, 0000,  , HU, 17.5N,  73.3W,  65, -999, -999, -999, -999, -999, -999, -999, -999, -999, -999, -999, -999, -999, -999
19670912, 0600,  , TS, 17.5N,  74.2W,  55,  997, -999, -999, -999, -999, -999, -999, -999, -999, -999, -999, -999, -999, -999
19670912, 1200,  , TS, 17.4N,  75.1W,  45, 1000, -999, -999, -999, -999, -999, -999, -999, -999, -999, -999, -999, -999, -999
19670912, 1800,  , TS, 16.5N,  76.2W,  45,  998, -999, -999, -999, -999, -999, -999, -999, -999, -999, -999, -999, -999, -999
19670913, 0000,  , TS, 16.2N,  76.8W,  35, 1004, -999, -999, -999, -999, -999, -999, -999, -999, -999, -999, -999, -999, -999
19670913, 0600,  , TS, 15.9N,  77.3W,  40, 1002, -999, -999, -999, -999, -999, -999, -999, -999, -999, -999, -999, -999, -999
19670913, 1200,  , TS, 15.8N,  77.8W,  45,  997, -999, -999, -999, -999, -999, -999, -999, -999, -999, -999, -999, -999, -999
19670913, 1800,  , TS, 15.8N,  78.2W,  45,  997, -999, -999, -999, -999, -999, -999, -999, -999, -999, -999, -999, -999, -999
19670914, 0000,  , TS, 15.9N,  78.6W,  45,  996, -999, -999, -999, -999, -999, -999, -999, -999, -999, -999, -999, -999, -999
19670914, 0600,  , TS, 16.0N,  79.1W,  45,  998, -999, -999, -999, -999, -999, -999, -999, -999, -999, -999, -999, -999, -999
19670914, 1200,  , TS, 16.4N,  79.5W,  60,  991, -999, -999, -999, -999, -999, -999, -999, -999, -999, -999, -999, -999, -999
19670914, 1800,  , HU, 16.8N,  80.1W,  65,  989, -999, -999, -999, -999, -999, -999, -999, -999, -999, -999, -999, -999, -999
19670915, 0000,  , HU, 17.2N,  81.0W,  70,  985, -999, -999, -999, -999, -999, -999, -999, -999, -999, -999, -999, -999, -999
19670915, 0600,  , HU, 17.6N,  81.8W,  70, -999, -999, -999, -999, -999, -999, -999, -999, -999, -999, -999, -999, -999, -999
19670915, 1200,  , HU, 18.0N,  82.5W,  75,  980, -999, -999, -999, -999, -999, -999, -999, -999, -999, -999, -999, -999, -999
19670915, 1800,  , HU, 18.4N,  83.2W,  80,  978, -999, -999, -999, -999, -999, -999, -999, -999, -999, -999, -999, -999, -999
19670916, 0000,  , HU, 18.7N,  83.8W,  85,  975, -999, -999, -999, -999, -999, -999, -999, -999, -999, -999, -999, -999, -999
19670916, 0600,  , HU, 19.1N,  84.5W,  90,  970, -999, -999, -999, -999, -999, -999, -999, -999, -999, -999, -999, -999, -999
19670916, 1200,  , HU, 19.5N,  85.1W,  95,  964, -999, -999, -999, -999, -999, -999, -999, -999, -999, -999, -999, -999, -999
19670916, 1800,  , HU, 19.8N,  85.7W,  95,  967, -999, -999, -999, -999, -999, -999, -999, -999, -999, -999, -999, -999, -999
19670917, 0000,  , HU, 20.2N,  86.3W, 105, -999, -999, -999, -999, -999, -999, -999, -999, -999, -999, -999, -999, -999, -999
19670917, 0300, L, HU, 20.5N,  86.8W, 110,  954, -999, -999, -999, -999, -999, -999, -999, -999, -999, -999, -999, -999, -999
19670917, 0500, L, HU, 20.5N,  87.3W, 110, -999, -999, -999, -999, -999, -999, -999, -999, -999, -999, -999, -999, -999, -999
19670917, 0600,  , HU, 20.6N,  87.4W, 110, -999, -999, -999, -999, -999, -999, -999, -999, -999, -999, -999, -999, -999, -999
19670917, 1200,  , HU, 21.0N,  88.5W,  70, -999, -999, -999, -999, -999, -999, -999, -999, -999, -999, -999, -999, -999, -999
19670917, 1800,  , HU, 21.3N,  89.6W,  65, -999, -999, -999, -999, -999, -999, -999, -999, -999, -999, -999, -999, -999, -999
19670918, 0000,  , HU, 21.5N,  90.7W,  75,  978, -999, -999, -999, -999, -999, -999, -999, -999, -999, -999, -999, -999, -999
19670918, 0600,  , HU, 21.7N,  91.7W,  80,  978, -999, -999, -999, -999, -999, -999, -999, -999, -999, -999, -999, -999, -999
19670918, 1200,  , HU, 21.9N,  92.7W,  85,  970, -999, -999, -999, -999, -999, -999, -999, -999, -999, -999, -999, -999, -999
19670918, 1800,  , HU, 22.1N,  93.6W,  90,  967, -999, -999, -999, -999, -999, -999, -999, -999, -999, -999, -999, -999, -999
19670919, 0000,  , HU, 22.4N,  94.3W,  95,  963, -999, -999, -999, -999, -999, -999, -999, -999, -999, -999, -999, -999, -999
19670919, 0600,  , HU, 22.9N,  94.9W, 110,  949, -999, -999, -999, -999, -999, -999, -999, -999, -999, -999, -999, -999, -999
19670919, 1200,  , HU, 23.3N,  95.6W, 125, -999, -999, -999, -999, -999, -999, -999, -999, -999, -999, -999, -999, -999, -999
19670919, 1800,  , HU, 23.7N,  96.0W, 135,  923, -999, -999, -999, -999, -999, -999, -999, -999, -999, -999, -999, -999, -999
19670920, 0000,  , HU, 24.3N,  96.3W, 140,  923, -999, -999, -999, -999, -999, -999, -999, -999, -999, -999, -999, -999, -999
19670920, 0600,  , HU, 25.1N,  96.6W, 125,  931, -999, -999, -999, -999, -999, -999, -999, -999, -999, -999, -999, -999, -999
19670920, 1200, L, HU, 25.9N,  97.2W, 110,  940, -999, -999, -999, -999, -999, -999, -999, -999, -999, -999, -999, -999,   10
19670920, 1800,  , HU, 26.5N,  97.8W,  85,  952, -999, -999, -999, -999, -999, -999, -999, -999, -999, -999, -999, -999, -999
19670921, 0000,  , HU, 27.1N,  98.2W,  75, -999, -999, -999, -999, -999, -999, -999, -999, -999, -999, -999, -999, -999, -999
19670921, 0600,  , TS, 27.4N,  98.5W,  60, -999, -999, -999, -999, -999, -999, -999, -999, -999, -999, -999, -999, -999, -999
19670921, 1200,  , TS, 27.5N,  98.7W,  45, -999, -999, -999, -999, -999, -999, -999, -999, -999, -999, -999, -999, -999, -999
19670921, 1800,  , TS, 27.3N,  99.0W,  35, -999, -999, -999, -999, -999, -999, -999, -999, -999, -999, -999, -999, -999, -999
19670922, 0000,  , TD, 27.0N,  99.3W,  30, -999, -999, -999, -999, -999, -999, -999, -999, -999, -999, -999, -999, -999, -999
19670922, 0600,  , TD, 26.5N,  99.6W,  30, -999, -999, -999, -999, -999, -999, -999, -999, -999, -999, -999, -999, -999, -999
19670922, 1200,  , TD, 25.8N,  99.9W,  30, -999, -999, -999, -999, -999, -999, -999, -999, -999, -999, -999, -999, -999, -999
19670922, 1800,  , TD, 25.0N, 100.0W,  30, -999, -999, -999, -999, -999, -999, -999, -999, -999, -999, -999, -999, -999, -999
19670923, 0000,  , TD, 24.2N, 100.0W,  25, -999, -999, -999, -999, -999, -999, -999, -999, -999, -999, -999, -999, -999, -999
19670923, 0600,  , TD, 23.4N,  99.7W,  20, -999, -999, -999, -999, -999, -999, -999, -999, -999, -999, -999, -999, -999, -999
19670923, 1200,  , TD, 22.7N,  99.1W,  20, -999, -999, -999, -999, -999, -999, -999, -999, -999, -999, -999, -999, -999, -999
19670923, 1800,  , TD, 22.0N,  98.3W,  25, -999, -999, -999, -999, -999, -999, -999, -999, -999, -999, -999, -999, -999, -999
19670924, 0000,  , TD, 21.5N,  97.5W,  30, 1001, -999, -999, -999, -999, -999, -999, -999, -999, -999, -999, -999, -999, -999
19670924, 0600,  , TD, 21.0N,  96.7W,  25, -999, -999, -999, -999, -999, -999, -999, -999, -999, -999, -999, -999, -999, -999
AL141967,              DORIA,     68,
19670904, 1800,  , EX, 31.0N,  78.0W,  35, -999, -999, -999, -999, -999, -999, -999, -999, -999, -999, -999, -999, -999, -999
19670905, 0000,  , EX, 31.0N,  78.0W,  35, -999, -999, -999, -999, -999, -999, -999, -999, -999, -999, -999, -999, -999, -999
19670905, 0600,  , EX, 31.0N,  77.9W,  35, -999, -999, -999, -999, -999, -999, -999, -999, -999, -999, -999, -999, -999, -999
19670905, 1200,  , EX, 31.0N,  77.6W,  35, -999, -999, -999, -999, -999, -999, -999, -999, -999, -999, -999, -999, -999, -999
19670905, 1800,  , EX, 31.0N,  77.1W,  40, -999, -999, -999, -999, -999, -999, -999, -999, -999, -999, -999, -999, -999, -999
19670906, 0000,  , SS, 31.0N,  76.7W,  40, -999, -999, -999, -999, -999, -999, -999, -999, -999, -999, -999, -999, -999, -999
19670906, 0600,  , SS, 30.9N,  76.5W,  40, -999, -999, -999, -999, -999, -999, -999, -999, -999, -999, -999, -999, -999, -999
19670906, 1200,  , SS, 30.7N,  76.4W,  35, -999, -999, -999, -999, -999, -999, -999, -999, -999, -999, -999, -999, -999, -999
19670906, 1800,  , SS, 30.5N,  76.4W,  35, -999, -999, -999, -999, -999, -999, -999, -999, -999, -999, -999, -999, -999, -999
19670907, 0000,  , SS, 30.2N,  76.4W,  35, -999, -999, -999, -999, -999, -999, -999, -999, -999, -999, -999, -999, -999, -999
19670907, 0600,  , SS, 29.9N,  76.4W,  35, -999, -999, -999, -999, -999, -999, -999, -999, -999, -999, -999, -999, -999, -999
19670907, 1200,  , SD, 29.4N,  76.6W,  30, -999, -999, -999, -999, -999, -999, -999, -999, -999, -999, -999, -999, -999, -999
19670907, 1800,  , SD, 28.8N,  77.0W,  30, -999, -999, -999, -999, -999, -999, -999, -999, -999, -999, -999, -999, -999, -999
19670908, 0000,  , TD, 28.3N,  77.5W,  30, 1007, -999, -999, -999, -999, -999, -999, -999, -999, -999, -999, -999, -999, -999
19670908, 0600,  , TD, 27.9N,  78.0W,  30, -999, -999, -999, -999, -999, -999, -999, -999, -999, -999, -999, -999, -999, -999
19670908, 1200,  , TD, 27.8N,  78.5W,  30, 1007, -999, -999, -999, -999, -999, -999, -999, -999, -999, -999, -999, -999, -999
19670908, 1800,  , TD, 27.7N,  78.9W,  30, -999, -999, -999, -999, -999, -999, -999, -999, -999, -999, -999, -999, -999, -999
19670909, 0000,  , TD, 27.6N,  79.1W,  30, 1007, -999, -999, -999, -999, -999, -999, -999, -999, -999, -999, -999, -999, -999
19670909, 0600,  , TS, 27.7N,  79.2W,  35, -999, -999, -999, -999, -999, -999, -999, -999, -999, -999, -999, -999, -999, -999
19670909, 1200,  , TS, 27.9N,  79.1W,  35, 1004, -999, -999, -999, -999, -999, -999, -999, -999, -999, -999, -999, -999, -999
19670909, 1800,  , TS, 28.2N,  78.7W,  40, -999, -999, -999, -999, -999, -999, -999, -999, -999, -999, -999, -999, -999, -999
19670910, 0000,  , TS, 29.0N,  78.1W,  50,  997, -999, -999, -999, -999, -999, -999, -999, -999, -999, -999, -999, -999, -999
19670910, 0600,  , TS, 30.2N,  77.2W,  60, -999, -999, -999, -999, -999, -999, -999, -999, -999, -999, -999, -999, -999, -999
19670910, 1200,  , HU, 31.8N,  76.1W,  65, -999, -999, -999, -999, -999, -999, -999, -999, -999, -999, -999, -999, -999, -999
19670910, 1800,  , HU, 33.2N,  75.1W,  70,  984, -999, -999, -999, -999, -999, -999, -999, -999, -999, -999, -999, -999, -999
19670911, 0000,  , HU, 34.2N,  73.6W,  70,  987, -999, -999, -999, -999, -999, -999, -999, -999, -999, -999, -999, -999, -999
19670911, 0600,  , TS, 35.1N,  72.1W,  60, -999, -999, -999, -999, -999, -999, -999, -999, -999, -999, -999, -999, -999, -999
19670911, 1200,  , TS, 35.9N,  70.7W,  55,  999, -999, -999, -999, -999, -999, -999, -999, -999, -999, -999, -999, -999, -999
19670911, 1800,  , TS, 36.2N,  69.2W,  55,  998, -999, -999, -999, -999, -999, -999, -999, -999, -999, -999, -999, -999, -999
19670912, 0000,  , TS, 36.3N,  67.8W,  55, -999, -999, -999, -999, -999, -999, -999, -999, -999, -999, -999, -999, -999, -999
19670912, 0600,  , TS, 36.5N,  66.6W,  55, -999, -999, -999, -999, -999, -999, -999, -999, -999, -999, -999, -999, -999, -999
19670912, 1200,  , TS, 36.6N,  65.7W,  60, -999, -999, -999, -999, -999, -999, -999, -999, -999, -999, -999, -999, -999, -999
19670912, 1800,  , HU, 36.7N,  65.1W,  65, -999, -999, -999, -999, -999, -999, -999, -999, -999, -999, -999, -999, -999, -999
19670913, 0000,  , HU, 36.8N,  64.9W,  70,  989, -999, -999, -999, -999, -999, -999, -999, -999, -999, -999, -999, -999, -999
19670913, 0600,  , HU, 36.9N,  64.8W,  70, -999, -999, -999, -999, -999, -999, -999, -999, -999, -999, -999, -999, -999, -999
19670913, 1200,  , HU, 37.0N,  64.8W,  75, -999, -999, -999, -999, -999, -999, -999, -999, -999, -999, -999, -999, -999, -999
19670913, 1800,  , HU, 37.1N,  64.9W,  75,  983, -999, -999, -999, -999, -999, -999, -999, -999, -999, -999, -999, -999, -999
19670914, 0000,  , HU, 37.3N,  65.2W,  80, -999, -999, -999, -999, -999, -999, -999, -999, -999, -999, -999, -999, -999, -999
19670914, 0600,  , HU, 37.6N,  65.6W,  80, -999, -999, -999, -999, -999, -999, -999, -999, -999, -999, -999, -999, -999, -999
19670914, 1200,  , HU, 37.8N,  66.0W,  80, -999, -999, -999, -999, -999, -999, -999, -999, -999, -999, -999, -999, -999, -999
19670914, 1800,  , HU, 38.0N,  66.5W,  85,  973, -999, -999, -999, -999, -999, -999, -999, -999, -999, -999, -999, -999, -999
19670915, 0000,  , HU, 38.0N,  67.1W,  85, -999, -999, -999, -999, -999, -999, -999, -999, -999, -999, -999, -999, -999, -999
19670915, 0600,  , HU, 38.0N,  67.8W,  85, -999, -999, -999, -999, -999, -999, -999, -999, -999, -999, -999, -999, -999, -999
19670915, 1200,  , HU, 38.0N,  68.9W,  80, -999, -999, -999, -999, -999, -999, -999, -999, -999, -999, -999, -999, -999, -999
19670915, 1800,  , HU, 37.9N,  70.5W,  80,  975, -999, -999, -999, -999, -999, -999, -999, -999, -999, -999, -999, -999, -999
19670916, 0000,  , HU, 37.9N,  71.9W,  75,  981, -999, -999, -999, -999, -999, -999, -999, -999, -999, -999, -999, -999, -999
19670916, 0600,  , HU, 37.9N,  73.3W,  70,  986, -999, -999, -999, -999, -999, -999, -999, -999, -999, -999, -999, -999, -999
19670916, 1200,  , HU, 37.7N,  74.5W,  65, -999, -999, -999, -999, -999, -999, -999, -999, -999, -999, -999, -999, -999, -999
19670916, 1800,  , TS, 37.3N,  75.3W,  60,  990, -999, -999, -999, -999, -999, -999, -999, -999, -999, -999, -999, -999, -999
19670917, 0000, L, TS, 36.5N,  75.9W,  50, -999, -999, -999, -999, -999, -999, -999, -999, -999, -999, -999, -999, -999, -999
19670917, 0600,  , TS, 35.6N,  76.2W,  40, -999, -999, -999, -999, -999, -999, -999, -999, -999, -999, -999, -999, -999, -999
19670917, 1200,  , TD, 34.7N,  76.3W,  30, 1006, -999, -999, -999, -999, -999, -999, -999, -999, -999, -999, -999, -999, -999
19670917, 1800,  , TD, 33.8N,  76.2W,  30, -999, -999, -999, -999, -999, -999, -999, -999, -999, -999, -999, -999, -999, -999
19670918, 0000,  , TD, 33.1N,  76.0W,  30, 1006, -999, -999, -999, -999, -999, -999, -999, -999, -999, -999, -999, -999, -999
19670918, 0600,  , TD, 32.4N,  75.6W,  30, -999, -999, -999, -999, -999, -999, -999, -999, -999, -999, -999, -999, -999, -999
19670918, 1200,  , TD, 31.9N,  75.0W,  30, 1006, -999, -999, -999, -999, -999, -999, -999, -999, -999, -999, -999, -999, -999
19670918, 1800,  , TD, 31.5N,  74.5W,  30, 1006, -999, -999, -999, -999, -999, -999, -999, -999, -999, -999, -999, -999, -999
19670919, 0000,  , LO, 31.0N,  74.0W,  25, -999, -999, -999, -999, -999, -999, -999, -999, -999, -999, -999, -999, -999, -999
19670919, 0600,  , LO, 30.5N,  73.5W,  25, -999, -999, -999, -999, -999, -999, -999, -999, -999, -999, -999, -999, -999, -999
19670919, 1200,  , LO, 30.0N,  73.0W,  25, -999, -999, -999, -999, -999, -999, -999, -999, -999, -999, -999, -999, -999, -999
19670919, 1800,  , LO, 29.7N,  72.3W,  25, -999, -999, -999, -999, -999, -999, -999, -999, -999, -999, -999, -999, -999, -999
19670920, 0000,  , LO, 29.5N,  71.5W,  25, 1010, -999, -999, -999, -999, -999, -999, -999, -999, -999, -999, -999, -999, -999
19670920, 0600,  , LO, 29.5N,  70.8W,  25, -999, -999, -999, -999, -999, -999, -999, -999, -999, -999, -999, -999, -999, -999
19670920, 1200,  , LO, 29.5N,  70.0W,  25, -999, -999, -999, -999, -999, -999, -999, -999, -999, -999, -999, -999, -999, -999
19670920, 1800,  , LO, 29.5N,  69.5W,  25, -999, -999, -999, -999, -999, -999, -999, -999, -999, -999, -999, -999, -999, -999
19670921, 0000,  , LO, 29.5N,  69.0W,  25, -999, -999, -999, -999, -999, -999, -999, -999, -999, -999, -999, -999, -999, -999
19670921, 0600,  , LO, 29.5N,  68.5W,  25, -999, -999, -999, -999, -999, -999, -999, -999, -999, -999, -999, -999, -999, -999
19670921, 1200,  , LO, 29.5N,  68.0W,  25, -999, -999, -999, -999, -999, -999, -999, -999, -999, -999, -999, -999, -999, -999
AL151967,            UNNAMED,     32,
19670919, 1200,  , TD, 13.0N,  19.0W,  25, -999, -999, -999, -999, -999, -999, -999, -999, -999, -999, -999, -999, -999, -999
19670919, 1800,  , TD, 13.3N,  20.0W,  25, -999, -999, -999, -999, -999, -999, -999, -999, -999, -999, -999, -999, -999, -999
19670920, 0000,  , TD, 13.6N,  21.2W,  25, -999, -999, -999, -999, -999, -999, -999, -999, -999, -999, -999, -999, -999, -999
19670920, 0600,  , TD, 13.9N,  22.5W,  25, -999, -999, -999, -999, -999, -999, -999, -999, -999, -999, -999, -999, -999, -999
19670920, 1200,  , TD, 14.2N,  23.8W,  25, -999, -999, -999, -999, -999, -999, -999, -999, -999, -999, -999, -999, -999, -999
19670920, 1800,  , TD, 14.4N,  25.1W,  25, -999, -999, -999, -999, -999, -999, -999, -999, -999, -999, -999, -999, -999, -999
19670921, 0000,  , TD, 14.6N,  26.6W,  25, -999, -999, -999, -999, -999, -999, -999, -999, -999, -999, -999, -999, -999, -999
19670921, 0600,  , TD, 14.8N,  28.2W,  25, -999, -999, -999, -999, -999, -999, -999, -999, -999, -999, -999, -999, -999, -999
19670921, 1200,  , TD, 15.0N,  29.7W,  25, -999, -999, -999, -999, -999, -999, -999, -999, -999, -999, -999, -999, -999, -999
19670921, 1800,  , TD, 15.1N,  31.2W,  25, -999, -999, -999, -999, -999, -999, -999, -999, -999, -999, -999, -999, -999, -999
19670922, 0000,  , TD, 15.3N,  32.7W,  25, -999, -999, -999, -999, -999, -999, -999, -999, -999, -999, -999, -999, -999, -999
19670922, 0600,  , TD, 15.4N,  34.3W,  25, -999, -999, -999, -999, -999, -999, -999, -999, -999, -999, -999, -999, -999, -999
19670922, 1200,  , TD, 15.6N,  35.8W,  25, -999, -999, -999, -999, -999, -999, -999, -999, -999, -999, -999, -999, -999, -999
19670922, 1800,  , TD, 15.7N,  37.1W,  25, -999, -999, -999, -999, -999, -999, -999, -999, -999, -999, -999, -999, -999, -999
19670923, 0000,  , LO, 15.8N,  38.4W,  25, -999, -999, -999, -999, -999, -999, -999, -999, -999, -999, -999, -999, -999, -999
19670923, 0600,  , LO, 15.9N,  39.7W,  25, -999, -999, -999, -999, -999, -999, -999, -999, -999, -999, -999, -999, -999, -999
19670923, 1200,  , LO, 16.0N,  40.9W,  25, -999, -999, -999, -999, -999, -999, -999, -999, -999, -999, -999, -999, -999, -999
19670923, 1800,  , LO, 16.1N,  42.1W,  25, -999, -999, -999, -999, -999, -999, -999, -999, -999, -999, -999, -999, -999, -999
19670924, 0000,  , LO, 16.1N,  43.4W,  25, -999, -999, -999, -999, -999, -999, -999, -999, -999, -999, -999, -999, -999, -999
19670924, 0600,  , LO, 16.2N,  44.8W,  25, -999, -999, -999, -999, -999, -999, -999, -999, -999, -999, -999, -999, -999, -999
19670924, 1200,  , LO, 16.3N,  46.2W,  25, -999, -999, -999, -999, -999, -999, -999, -999, -999, -999, -999, -999, -999, -999
19670924, 1800,  , LO, 16.3N,  47.5W,  25, -999, -999, -999, -999, -999, -999, -999, -999, -999, -999, -999, -999, -999, -999
19670925, 0000,  , TD, 16.3N,  48.7W,  25, -999, -999, -999, -999, -999, -999, -999, -999, -999, -999, -999, -999, -999, -999
19670925, 0600,  , TD, 16.3N,  50.0W,  25, -999, -999, -999, -999, -999, -999, -999, -999, -999, -999, -999, -999, -999, -999
19670925, 1200,  , TD, 16.3N,  51.4W,  25, 1012, -999, -999, -999, -999, -999, -999, -999, -999, -999, -999, -999, -999, -999
19670925, 1800,  , TD, 16.2N,  52.7W,  30, -999, -999, -999, -999, -999, -999, -999, -999, -999, -999, -999, -999, -999, -999
19670926, 0000,  , TD, 16.0N,  54.1W,  30, -999, -999, -999, -999, -999, -999, -999, -999, -999, -999, -999, -999, -999, -999
19670926, 0600,  , TD, 15.7N,  55.5W,  30, -999, -999, -999, -999, -999, -999, -999, -999, -999, -999, -999, -999, -999, -999
19670926, 1200,  , TD, 15.3N,  56.9W,  30, -999, -999, -999, -999, -999, -999, -999, -999, -999, -999, -999, -999, -999, -999
19670926, 1800,  , TD, 14.9N,  58.3W,  30, -999, -999, -999, -999, -999, -999, -999, -999, -999, -999, -999, -999, -999, -999
19670927, 0000,  , TD, 14.5N,  59.6W,  25, -999, -999, -999, -999, -999, -999, -999, -999, -999, -999, -999, -999, -999, -999
19670927, 0600,  , TD, 14.0N,  61.0W,  25, -999, -999, -999, -999, -999, -999, -999, -999, -999, -999, -999, -999, -999, -999
AL161967,            UNNAMED,     27,
19670925, 0000,  , TD, 12.0N,  27.0W,  25, -999, -999, -999, -999, -999, -999, -999, -999, -999, -999, -999, -999, -999, -999
19670925, 0600,  , TD, 12.0N,  28.5W,  25, -999, -999, -999, -999, -999, -999, -999, -999, -999, -999, -999, -999, -999, -999
19670925, 1200,  , TD, 12.0N,  30.0W,  30, -999, -999, -999, -999, -999, -999, -999, -999, -999, -999, -999, -999, -999, -999
19670925, 1800,  , TD, 12.0N,  31.5W,  30, -999, -999, -999, -999, -999, -999, -999, -999, -999, -999, -999, -999, -999, -999
19670926, 0000,  , TD, 12.0N,  33.0W,  30, -999, -999, -999, -999, -999, -999, -999, -999, -999, -999, -999, -999, -999, -999
19670926, 0600,  , TD, 12.0N,  34.5W,  30, -999, -999, -999, -999, -999, -999, -999, -999, -999, -999, -999, -999, -999, -999
19670926, 1200,  , TD, 12.0N,  35.7W,  30, -999, -999, -999, -999, -999, -999, -999, -999, -999, -999, -999, -999, -999, -999
19670926, 1800,  , TD, 12.0N,  36.5W,  30, -999, -999, -999, -999, -999, -999, -999, -999, -999, -999, -999, -999, -999, -999
19670927, 0000,  , TS, 12.0N,  37.0W,  35, -999, -999, -999, -999, -999, -999, -999, -999, -999, -999, -999, -999, -999, -999
19670927, 0600,  , TS, 12.0N,  37.5W,  35, -999, -999, -999, -999, -999, -999, -999, -999, -999, -999, -999, -999, -999, -999
19670927, 1200,  , TS, 12.0N,  38.0W,  35, -999, -999, -999, -999, -999, -999, -999, -999, -999, -999, -999, -999, -999, -999
19670927, 1800,  , TS, 12.0N,  38.6W,  35, -999, -999, -999, -999, -999, -999, -999, -999, -999, -999, -999, -999, -999, -999
19670928, 0000,  , TS, 12.2N,  39.2W,  40, -999, -999, -999, -999, -999, -999, -999, -999, -999, -999, -999, -999, -999, -999
19670928, 0600,  , TS, 12.4N,  39.7W,  40, -999, -999, -999, -999, -999, -999, -999, -999, -999, -999, -999, -999, -999, -999
19670928, 1200,  , TS, 12.7N,  40.0W,  40, -999, -999, -999, -999, -999, -999, -999, -999, -999, -999, -999, -999, -999, -999
19670928, 1800,  , TS, 13.0N,  40.2W,  40, -999, -999, -999, -999, -999, -999, -999, -999, -999, -999, -999, -999, -999, -999
19670929, 0000,  , TS, 13.3N,  40.3W,  35, -999, -999, -999, -999, -999, -999, -999, -999, -999, -999, -999, -999, -999, -999
19670929, 0600,  , TS, 13.7N,  40.5W,  35, -999, -999, -999, -999, -999, -999, -999, -999, -999, -999, -999, -999, -999, -999
19670929, 1200,  , TS, 14.1N,  40.7W,  35, -999, -999, -999, -999, -999, -999, -999, -999, -999, -999, -999, -999, -999, -999
19670929, 1800,  , TS, 14.5N,  41.0W,  35, 1004, -999, -999, -999, -999, -999, -999, -999, -999, -999, -999, -999, -999, -999
19670930, 0000,  , TD, 14.9N,  41.4W,  30, -999, -999, -999, -999, -999, -999, -999, -999, -999, -999, -999, -999, -999, -999
19670930, 0600,  , TD, 15.4N,  41.8W,  30, -999, -999, -999, -999, -999, -999, -999, -999, -999, -999, -999, -999, -999, -999
19670930, 1200,  , TD, 15.8N,  42.1W,  25, -999, -999, -999, -999, -999, -999, -999, -999, -999, -999, -999, -999, -999, -999
19670930, 1800,  , TD, 16.1N,  42.5W,  25, -999, -999, -999, -999, -999, -999, -999, -999, -999, -999, -999, -999, -999, -999
19671001, 0000,  , TD, 16.3N,  43.0W,  25, -999, -999, -999, -999, -999, -999, -999, -999, -999, -999, -999, -999, -999, -999
19671001, 0600,  , TD, 16.4N,  43.5W,  25, -999, -999, -999, -999, -999, -999, -999, -999, -999, -999, -999, -999, -999, -999
19671001, 1200,  , TD, 16.5N,  44.0W,  25, -999, -999, -999, -999, -999, -999, -999, -999, -999, -999, -999, -999, -999, -999
AL171967,            UNNAMED,      9,
19670926, 1200,  , TD, 15.4N,  21.5W,  25, -999, -999, -999, -999, -999, -999, -999, -999, -999, -999, -999, -999, -999, -999
19670926, 1800,  , TD, 15.5N,  22.2W,  25, -999, -999, -999, -999, -999, -999, -999, -999, -999, -999, -999, -999, -999, -999
19670927, 0000,  , TD, 15.7N,  22.9W,  30, -999, -999, -999, -999, -999, -999, -999, -999, -999, -999, -999, -999, -999, -999
19670927, 0600,  , TD, 15.9N,  23.6W,  30, -999, -999, -999, -999, -999, -999, -999, -999, -999, -999, -999, -999, -999, -999
19670927, 1200,  , TD, 16.2N,  24.2W,  30, -999, -999, -999, -999, -999, -999, -999, -999, -999, -999, -999, -999, -999, -999
19670927, 1800,  , TD, 16.6N,  24.8W,  30, -999, -999, -999, -999, -999, -999, -999, -999, -999, -999, -999, -999, -999, -999
19670928, 0000,  , TD, 17.2N,  25.3W,  25, -999, -999, -999, -999, -999, -999, -999, -999, -999, -999, -999, -999, -999, -999
19670928, 0600,  , TD, 17.6N,  25.8W,  25, -999, -999, -999, -999, -999, -999, -999, -999, -999, -999, -999, -999, -999, -999
19670928, 1200,  , TD, 18.0N,  26.4W,  25, -999, -999, -999, -999, -999, -999, -999, -999, -999, -999, -999, -999, -999, -999
AL181967,              EDITH,     19,
19670926, 1200,  , TD, 12.5N,  47.0W,  30, -999, -999, -999, -999, -999, -999, -999, -999, -999, -999, -999, -999, -999, -999
19670926, 1800,  , TD, 12.6N,  48.4W,  30, 1005, -999, -999, -999, -999, -999, -999, -999, -999, -999, -999, -999, -999, -999
19670927, 0000,  , TD, 12.7N,  49.6W,  30, -999, -999, -999, -999, -999, -999, -999, -999, -999, -999, -999, -999, -999, -999
19670927, 0600,  , TD, 12.8N,  50.5W,  30, -999, -999, -999, -999, -999, -999, -999, -999, -999, -999, -999, -999, -999, -999
19670927, 1200,  , TD, 13.1N,  51.3W,  30, 1010, -999, -999, -999, -999, -999, -999, -999, -999, -999, -999, -999, -999, -999
19670927, 1800,  , TD, 13.5N,  52.1W,  30, 1008, -999, -999, -999, -999, -999, -999, -999, -999, -999, -999, -999, -999, -999
19670928, 0000,  , TS, 13.9N,  53.0W,  35, 1005, -999, -999, -999, -999, -999, -999, -999, -999, -999, -999, -999, -999, -999
19670928, 0600,  , TS, 14.2N,  54.0W,  40, 1001, -999, -999, -999, -999, -999, -999, -999, -999, -999, -999, -999, -999, -999
19670928, 1200,  , TS, 14.4N,  55.0W,  40, 1002, -999, -999, -999, -999, -999, -999, -999, -999, -999, -999, -999, -999, -999
19670928, 1800,  , TS, 14.5N,  56.0W,  45, 1000, -999, -999, -999, -999, -999, -999, -999, -999, -999, -999, -999, -999, -999
19670929, 0000,  , TS, 14.6N,  56.8W,  45, -999, -999, -999, -999, -999, -999, -999, -999, -999, -999, -999, -999, -999, -999
19670929, 0600,  , TS, 14.6N,  57.6W,  40, -999, -999, -999, -999, -999, -999, -999, -999, -999, -999, -999, -999, -999, -999
19670929, 1200,  , TS, 14.7N,  58.2W,  35, 1007, -999, -999, -999, -999, -999, -999, -999, -999, -999, -999, -999, -999, -999
19670929, 1800,  , TS, 14.8N,  58.9W,  35, 1005, -999, -999, -999, -999, -999, -999, -999, -999, -999, -999, -999, -999, -999
19670930, 0000,  , TS, 14.8N,  59.8W,  35, -999, -999, -999, -999, -999, -999, -999, -999, -999, -999, -999, -999, -999, -999
19670930, 0600,  , TD, 14.6N,  60.8W,  30, -999, -999, -999, -999, -999, -999, -999, -999, -999, -999, -999, -999, -999, -999
19670930, 1200,  , TD, 14.5N,  61.9W,  30, 1010, -999, -999, -999, -999, -999, -999, -999, -999, -999, -999, -999, -999, -999
19670930, 1800,  , TD, 14.5N,  63.0W,  30, -999, -999, -999, -999, -999, -999, -999, -999, -999, -999, -999, -999, -999, -999
19671001, 0000,  , TD, 14.5N,  64.1W,  30, -999, -999, -999, -999, -999, -999, -999, -999, -999, -999, -999, -999, -999, -999
AL191967,               FERN,     13,
19671001, 1800,  , TD, 20.3N,  93.0W,  30, -999, -999, -999, -999, -999, -999, -999, -999, -999, -999, -999, -999, -999, -999
19671002, 0000,  , TS, 20.9N,  93.0W,  40, -999, -999, -999, -999, -999, -999, -999, -999, -999, -999, -999, -999, -999, -999
19671002, 0600,  , TS, 21.5N,  93.0W,  55, -999, -999, -999, -999, -999, -999, -999, -999, -999, -999, -999, -999, -999, -999
19671002, 1200,  , HU, 22.1N,  93.1W,  65, -999, -999, -999, -999, -999, -999, -999, -999, -999, -999, -999, -999, -999, -999
19671002, 1800,  , HU, 22.4N,  93.4W,  65,  987, -999, -999, -999, -999, -999, -999, -999, -999, -999, -999, -999, -999, -999
19671003, 0000,  , TS, 22.6N,  93.9W,  60, -999, -999, -999, -999, -999, -999, -999, -999, -999, -999, -999, -999, -999, -999
19671003, 0600,  , TS, 22.7N,  94.6W,  60, -999, -999, -999, -999, -999, -999, -999, -999, -999, -999, -999, -999, -999, -999
19671003, 1200,  , TS, 22.8N,  95.4W,  55,  993, -999, -999, -999, -999, -999, -999, -999, -999, -999, -999, -999, -999, -999
19671003, 1800,  , TS, 22.8N,  96.2W,  50,  996, -999, -999, -999, -999, -999, -999, -999, -999, -999, -999, -999, -999, -999
19671004, 0000,  , TS, 22.8N,  97.0W,  50,  997, -999, -999, -999, -999, -999, -999, -999, -999, -999, -999, -999, -999, -999
19671004, 0600,  , TS, 22.6N,  97.7W,  50, -999, -999, -999, -999, -999, -999, -999, -999, -999, -999, -999, -999, -999, -999
19671004, 0800, L, TS, 22.6N,  97.9W,  50, -999, -999, -999, -999, -999, -999, -999, -999, -999, -999, -999, -999, -999, -999
19671004, 1200,  , TD, 22.4N,  98.3W,  30, -999, -999, -999, -999, -999, -999, -999, -999, -999, -999, -999, -999, -999, -999
AL211967,             GINGER,     14,
19671005, 1200,  , TD, 16.5N,  18.3W,  30, -999, -999, -999, -999, -999, -999, -999, -999, -999, -999, -999, -999, -999, -999
19671005, 1800,  , TS, 17.0N,  18.2W,  35, -999, -999, -999, -999, -999, -999, -999, -999, -999, -999, -999, -999, -999, -999
19671006, 0000,  , TS, 17.5N,  18.1W,  40, -999, -999, -999, -999, -999, -999, -999, -999, -999, -999, -999, -999, -999, -999
19671006, 0600,  , TS, 18.0N,  18.1W,  45, -999, -999, -999, -999, -999, -999, -999, -999, -999, -999, -999, -999, -999, -999
19671006, 1200,  , TS, 18.5N,  18.2W,  45, -999, -999, -999, -999, -999, -999, -999, -999, -999, -999, -999, -999, -999, -999
19671006, 1800,  , TS, 19.0N,  18.4W,  45, -999, -999, -999, -999, -999, -999, -999, -999, -999, -999, -999, -999, -999, -999
19671007, 0000,  , TS, 19.4N,  18.7W,  40, -999, -999, -999, -999, -999, -999, -999, -999, -999, -999, -999, -999, -999, -999
19671007, 0600,  , TS, 19.8N,  19.1W,  35, -999, -999, -999, -999, -999, -999, -999, -999, -999, -999, -999, -999, -999, -999
19671007, 1200,  , TD, 20.0N,  19.7W,  30, 1011, -999, -999, -999, -999, -999, -999, -999, -999, -999, -999, -999, -999, -999
19671007, 1800,  , TD, 20.2N,  20.4W,  30, -999, -999, -999, -999, -999, -999, -999, -999, -999, -999, -999, -999, -999, -999
19671008, 0000,  , LO, 20.2N,  21.2W,  30, -999, -999, -999, -999, -999, -999, -999, -999, -999, -999, -999, -999, -999, -999
19671008, 0600,  , LO, 20.1N,  22.0W,  30, -999, -999, -999, -999, -999, -999, -999, -999, -999, -999, -999, -999, -999, -999
19671008, 1200,  , LO, 20.0N,  22.8W,  30, -999, -999, -999, -999, -999, -999, -999, -999, -999, -999, -999, -999, -999, -999
19671008, 1800,  , LO, 19.7N,  23.7W,  25, -999, -999, -999, -999, -999, -999, -999, -999, -999, -999, -999, -999, -999, -999
AL231967,            UNNAMED,     21,
19671014, 0600,  , SS, 27.0N,  71.5W,  40, 1002, -999, -999, -999, -999, -999, -999, -999, -999, -999, -999, -999, -999, -999
19671014, 1200,  , SS, 28.5N,  71.2W,  40, -999, -999, -999, -999, -999, -999, -999, -999, -999, -999, -999, -999, -999, -999
19671014, 1800,  , SS, 29.5N,  70.5W,  40, -999, -999, -999, -999, -999, -999, -999, -999, -999, -999, -999, -999, -999, -999
19671015, 0000,  , SS, 30.3N,  69.7W,  40, -999, -999, -999, -999, -999, -999, -999, -999, -999, -999, -999, -999, -999, -999
19671015, 0600,  , SS, 29.3N,  70.5W,  40, -999, -999, -999, -999, -999, -999, -999, -999, -999, -999, -999, -999, -999, -999
19671015, 1200,  , SS, 28.6N,  71.3W,  40, -999, -999, -999, -999, -999, -999, -999, -999, -999, -999, -999, -999, -999, -999
19671015, 1800,  , SS, 28.7N,  71.7W,  45, -999, -999, -999, -999, -999, -999, -999, -999, -999, -999, -999, -999, -999, -999
19671016, 0000,  , SS, 28.8N,  71.8W,  45, -999, -999, -999, -999, -999, -999, -999, -999, -999, -999, -999, -999, -999, -999
19671016, 0600,  , SS, 29.1N,  71.9W,  45, -999, -999, -999, -999, -999, -999, -999, -999, -999, -999, -999, -999, -999, -999
19671016, 1200,  , SS, 29.4N,  72.1W,  45, -999, -999, -999, -999, -999, -999, -999, -999, -999, -999, -999, -999, -999, -999
19671016, 1800,  , SS, 29.8N,  72.5W,  40, -999, -999, -999, -999, -999, -999, -999, -999, -999, -999, -999, -999, -999, -999
19671017, 0000,  , SS, 30.6N,  73.0W,  35, -999, -999, -999, -999, -999, -999, -999, -999, -999, -999, -999, -999, -999, -999
19671017, 0600,  , SS, 32.0N,  73.5W,  35, -999, -999, -999, -999, -999, -999, -999, -999, -999, -999, -999, -999, -999, -999
19671017, 1200,  , SS, 33.5N,  73.6W,  35, -999, -999, -999, -999, -999, -999, -999, -999, -999, -999, -999, -999, -999, -999
19671017, 1800,  , TS, 35.0N,  73.0W,  40, -999, -999, -999, -999, -999, -999, -999, -999, -999, -999, -999, -999, -999, -999
19671018, 0000,  , TS, 36.5N,  72.0W,  50, -999, -999, -999, -999, -999, -999, -999, -999, -999, -999, -999, -999, -999, -999
19671018, 0600,  , TS, 38.5N,  70.5W,  50, -999, -999, -999, -999, -999, -999, -999, -999, -999, -999, -999, -999, -999, -999
19671018, 1200,  , EX, 41.8N,  68.0W,  45, -999, -999, -999, -999, -999, -999, -999, -999, -999, -999, -999, -999, -999, -999
19671018, 1800,  , EX, 45.5N,  65.5W,  40, -999, -999, -999, -999, -999, -999, -999, -999, -999, -999, -999, -999, -999, -999
19671019, 0000,  , EX, 47.0N,  64.5W,  40, -999, -999, -999, -999, -999, -999, -999, -999, -999, -999, -999, -999, -999, -999
19671019, 0600,  , EX, 48.0N,  64.0W,  35, -999, -999, -999, -999, -999, -999, -999, -999, -999, -999, -999, -999, -999, -999
AL241967,            UNNAMED,      9,
19671015, 1200,  , TD, 15.5N,  42.5W,  25, -999, -999, -999, -999, -999, -999, -999, -999, -999, -999, -999, -999, -999, -999
19671015, 1800,  , TD, 15.2N,  43.7W,  25, -999, -999, -999, -999, -999, -999, -999, -999, -999, -999, -999, -999, -999, -999
19671016, 0000,  , TD, 14.9N,  45.0W,  25, -999, -999, -999, -999, -999, -999, -999, -999, -999, -999, -999, -999, -999, -999
19671016, 0600,  , TD, 14.6N,  46.3W,  25, -999, -999, -999, -999, -999, -999, -999, -999, -999, -999, -999, -999, -999, -999
19671016, 1200,  , TD, 14.3N,  47.5W,  30, -999, -999, -999, -999, -999, -999, -999, -999, -999, -999, -999, -999, -999, -999
19671016, 1800,  , TD, 14.1N,  48.5W,  30, 1006, -999, -999, -999, -999, -999, -999, -999, -999, -999, -999, -999, -999, -999
19671017, 0000,  , TD, 14.0N,  49.5W,  30, -999, -999, -999, -999, -999, -999, -999, -999, -999, -999, -999, -999, -999, -999
19671017, 0600,  , TD, 14.0N,  50.5W,  25, -999, -999, -999, -999, -999, -999, -999, -999, -999, -999, -999, -999, -999, -999
19671017, 1200,  , TD, 14.1N,  51.4W,  25, -999, -999, -999, -999, -999, -999, -999, -999, -999, -999, -999, -999, -999, -999
AL251967,              HEIDI,     58,
19671019, 1200,  , TD, 20.5N,  54.0W,  25, -999, -999, -999, -999, -999, -999, -999, -999, -999, -999, -999, -999, -999, -999
19671019, 1800,  , TD, 20.7N,  55.5W,  30, -999, -999, -999, -999, -999, -999, -999, -999, -999, -999, -999, -999, -999, -999
19671020, 0000,  , TS, 20.9N,  57.0W,  35, -999, -999, -999, -999, -999, -999, -999, -999, -999, -999, -999, -999, -999, -999
19671020, 0600,  , TS, 21.0N,  58.5W,  40, -999, -999, -999, -999, -999, -999, -999, -999, -999, -999, -999, -999, -999, -999
19671020, 1200,  , TS, 21.1N,  60.0W,  45, -999, -999, -999, -999, -999, -999, -999, -999, -999, -999, -999, -999, -999, -999
19671020, 1800,  , TS, 21.4N,  61.5W,  50, -999, -999, -999, -999, -999, -999, -999, -999, -999, -999, -999, -999, -999, -999
19671021, 0000,  , TS, 21.9N,  62.9W,  50, -999, -999, -999, -999, -999, -999, -999, -999, -999, -999, -999, -999, -999, -999
19671021, 0600,  , TS, 22.4N,  64.1W,  50, -999, -999, -999, -999, -999, -999, -999, -999, -999, -999, -999, -999, -999, -999
19671021, 1200,  , TS, 23.2N,  65.2W,  50, -999, -999, -999, -999, -999, -999, -999, -999, -999, -999, -999, -999, -999, -999
19671021, 1800,  , TS, 24.5N,  66.1W,  50, 1005, -999, -999, -999, -999, -999, -999, -999, -999, -999, -999, -999, -999, -999
19671022, 0000,  , TS, 25.8N,  66.8W,  55, -999, -999, -999, -999, -999, -999, -999, -999, -999, -999, -999, -999, -999, -999
19671022, 0600,  , TS, 26.9N,  67.0W,  55, -999, -999, -999, -999, -999, -999, -999, -999, -999, -999, -999, -999, -999, -999
19671022, 1200,  , TS, 28.1N,  66.8W,  55, 1006, -999, -999, -999, -999, -999, -999, -999, -999, -999, -999, -999, -999, -999
19671022, 1800,  , TS, 29.4N,  65.6W,  55, 1006, -999, -999, -999, -999, -999, -999, -999, -999, -999, -999, -999, -999, -999
19671023, 0000,  , HU, 30.7N,  64.0W,  65,  995, -999, -999, -999, -999, -999, -999, -999, -999, -999, -999, -999, -999, -999
19671023, 0600,  , HU, 31.9N,  62.0W,  65, -999, -999, -999, -999, -999, -999, -999, -999, -999, -999, -999, -999, -999, -999
19671023, 1200,  , HU, 32.7N,  60.0W,  65,  994, -999, -999, -999, -999, -999, -999, -999, -999, -999, -999, -999, -999, -999
19671023, 1800,  , HU, 32.9N,  58.0W,  70,  992, -999, -999, -999, -999, -999, -999, -999, -999, -999, -999, -999, -999, -999
19671024, 0000,  , HU, 33.0N,  56.2W,  70, -999, -999, -999, -999, -999, -999, -999, -999, -999, -999, -999, -999, -999, -999
19671024, 0600,  , HU, 33.0N,  54.5W,  65, -999, -999, -999, -999, -999, -999, -999, -999, -999, -999, -999, -999, -999, -999
19671024, 1200,  , HU, 33.0N,  52.9W,  65,  999, -999, -999, -999, -999, -999, -999, -999, -999, -999, -999, -999, -999, -999
19671024, 1800,  , HU, 33.0N,  51.3W,  65,  995, -999, -999, -999, -999, -999, -999, -999, -999, -999, -999, -999, -999, -999
19671025, 0000,  , HU, 33.3N,  50.1W,  70, -999, -999, -999, -999, -999, -999, -999, -999, -999, -999, -999, -999, -999, -999
19671025, 0600,  , HU, 33.8N,  49.3W,  70, -999, -999, -999, -999, -999, -999, -999, -999, -999, -999, -999, -999, -999, -999
19671025, 1200,  , HU, 34.5N,  48.5W,  75,  988, -999, -999, -999, -999, -999, -999, -999, -999, -999, -999, -999, -999, -999
19671025, 1800,  , HU, 35.0N,  47.6W,  75,  986, -999, -999, -999, -999, -999, -999, -999, -999, -999, -999, -999, -999, -999
19671026, 0000,  , HU, 35.3N,  46.7W,  75, -999, -999, -999, -999, -999, -999, -999, -999, -999, -999, -999, -999, -999, -999
19671026, 0600,  , HU, 35.6N,  46.3W,  75, -999, -999, -999, -999, -999, -999, -999, -999, -999, -999, -999, -999, -999, -999
19671026, 1200,  , HU, 35.9N,  46.1W,  75,  985, -999, -999, -999, -999, -999, -999, -999, -999, -999, -999, -999, -999, -999
19671026, 1800,  , HU, 36.2N,  46.2W,  75,  981, -999, -999, -999, -999, -999, -999, -999, -999, -999, -999, -999, -999, -999
19671027, 0000,  , HU, 36.5N,  46.3W,  75, -999, -999, -999, -999, -999, -999, -999, -999, -999, -999, -999, -999, -999, -999
19671027, 0600,  , HU, 36.7N,  46.4W,  70, -999, -999, -999, -999, -999, -999, -999, -999, -999, -999, -999, -999, -999, -999
19671027, 1200,  , HU, 37.0N,  46.3W,  65,  991, -999, -999, -999, -999, -999, -999, -999, -999, -999, -999, -999, -999, -999
19671027, 1800,  , HU, 37.5N,  46.0W,  65, -999, -999, -999, -999, -999, -999, -999, -999, -999, -999, -999, -999, -999, -999
19671028, 0000,  , HU, 38.0N,  45.3W,  65, -999, -999, -999, -999, -999, -999, -999, -999, -999, -999, -999, -999, -999, -999
19671028, 0600,  , HU, 38.4N,  44.6W,  65, -999, -999, -999, -999, -999, -999, -999, -999, -999, -999, -999, -999, -999, -999
19671028, 1200,  , HU, 38.8N,  44.2W,  65,  994, -999, -999, -999, -999, -999, -999, -999, -999, -999, -999, -999, -999, -999
19671028, 1800,  , HU, 39.1N,  44.0W,  65, -999, -999, -999, -999, -999, -999, -999, -999, -999, -999, -999, -999, -999, -999
19671029, 0000,  , HU, 39.3N,  44.0W,  65, -999, -999, -999, -999, -999, -999, -999, -999, -999, -999, -999, -999, -999, -999
19671029, 0600,  , HU, 39.4N,  44.1W,  65, -999, -999, -999, -999, -999, -999, -999, -999, -999, -999, -999, -999, -999, -999
19671029, 1200,  , TS, 39.5N,  44.4W,  60,  999, -999, -999, -999, -999, -999, -999, -999, -999, -999, -999, -999, -999, -999
19671029, 1800,  , TS, 39.2N,  44.8W,  60,  998, -999, -999, -999, -999, -999, -999, -999, -999, -999, -999, -999, -999, -999
19671030, 0000,  , TS, 38.9N,  45.2W,  60, -999, -999, -999, -999, -999, -999, -999, -999, -999, -999, -999, -999, -999, -999
19671030, 0600,  , TS, 38.7N,  45.6W,  60, -999, -999, -999, -999, -999, -999, -999, -999, -999, -999, -999, -999, -999, -999
19671030, 1200,  , TS, 38.9N,  46.1W,  60, -999, -999, -999, -999, -999, -999, -999, -999, -999, -999, -999, -999, -999, -999
19671030, 1800,  , TS, 39.3N,  46.7W,  60,  996, -999, -999, -999, -999, -999, -999, -999, -999, -999, -999, -999, -999, -999
19671031, 0000,  , TS, 40.3N,  46.9W,  60, -999, -999, -999, -999, -999, -999, -999, -999, -999, -999, -999, -999, -999, -999
19671031, 0600,  , TS, 41.4N,  46.4W,  55, -999, -999, -999, -999, -999, -999, -999, -999, -999, -999, -999, -999, -999, -999
19671031, 1200,  , TS, 42.3N,  45.2W,  55, -999, -999, -999, -999, -999, -999, -999, -999, -999, -999, -999, -999, -999, -999
19671031, 1800,  , TS, 43.0N,  43.6W,  50, 1005, -999, -999, -999, -999, -999, -999, -999, -999, -999, -999, -999, -999, -999
19671101, 0000,  , TS, 43.5N,  42.0W,  50, -999, -999, -999, -999, -999, -999, -999, -999, -999, -999, -999, -999, -999, -999
19671101, 0600,  , TS, 43.8N,  40.3W,  50, -999, -999, -999, -999, -999, -999, -999, -999, -999, -999, -999, -999, -999, -999
19671101, 1200,  , EX, 43.5N,  39.0W,  45, -999, -999, -999, -999, -999, -999, -999, -999, -999, -999, -999, -999, -999, -999
19671101, 1800,  , EX, 43.1N,  38.0W,  40, -999, -999, -999, -999, -999, -999, -999, -999, -999, -999, -999, -999, -999, -999
19671102, 0000,  , EX, 42.5N,  37.0W,  40, -999, -999, -999, -999, -999, -999, -999, -999, -999, -999, -999, -999, -999, -999
19671102, 0600,  , EX, 41.5N,  36.0W,  40, -999, -999, -999, -999, -999, -999, -999, -999, -999, -999, -999, -999, -999, -999
19671102, 1200,  , EX, 39.5N,  35.3W,  40, -999, -999, -999, -999, -999, -999, -999, -999, -999, -999, -999, -999, -999, -999
19671102, 1800,  , EX, 37.0N,  35.0W,  40, -999, -999, -999, -999, -999, -999, -999, -999, -999, -999, -999, -999, -999, -999
AL271967,            UNNAMED,     15,
19670620, 0000,  , TD, 30.0N,  78.0W,  25, -999, -999, -999, -999, -999, -999, -999, -999, -999, -999, -999, -999, -999, -999
19670620, 0600,  , TD, 30.0N,  77.5W,  25, -999, -999, -999, -999, -999, -999, -999, -999, -999, -999, -999, -999, -999, -999
19670620, 1200,  , TD, 30.0N,  77.0W,  25, -999, -999, -999, -999, -999, -999, -999, -999, -999, -999, -999, -999, -999, -999
19670620, 1800,  , TD, 30.0N,  76.4W,  30, -999, -999, -999, -999, -999, -999, -999, -999, -999, -999, -999, -999, -999, -999
19670621, 0000,  , TD, 30.0N,  75.7W,  30, -999, -999, -999, -999, -999, -999, -999, -999, -999, -999, -999, -999, -999, -999
19670621, 0600,  , TS, 30.1N,  74.9W,  35, -999, -999, -999, -999, -999, -999, -999, -999, -999, -999, -999, -999, -999, -999
19670621, 1200,  , TS, 30.3N,  74.1W,  40, 1006, -999, -999, -999, -999, -999, -999, -999, -999, -999, -999, -999, -999, -999
19670621, 1800,  , TS, 30.6N,  73.2W,  45, -999, -999, -999, -999, -999, -999, -999, -999, -999, -999, -999, -999, -999, -999
19670622, 0000,  , TS, 30.9N,  72.4W,  45, -999, -999, -999, -999, -999, -999, -999, -999, -999, -999, -999, -999, -999, -999
19670622, 0600,  , TS, 31.3N,  71.9W,  40, -999, -999, -999, -999, -999, -999, -999, -999, -999, -999, -999, -999, -999, -999
19670622, 1200,  , TS, 31.8N,  71.5W,  35, -999, -999, -999, -999, -999, -999, -999, -999, -999, -999, -999, -999, -999, -999
19670622, 1800,  , TD, 32.4N,  71.2W,  30, 1013, -999, -999, -999, -999, -999, -999, -999, -999, -999, -999, -999, -999, -999
19670623, 0000,  , TD, 33.2N,  70.8W,  25, -999, -999, -999, -999, -999, -999, -999, -999, -999, -999, -999, -999, -999, -999
19670623, 0600,  , TD, 34.2N,  70.3W,  25, -999, -999, -999, -999, -999, -999, -999, -999, -999, -999, -999, -999, -999, -999
19670623, 1200,  , TD, 35.5N,  69.5W,  25, -999, -999, -999, -999, -999, -999, -999, -999, -999, -999, -999, -999, -999, -999
AL281967,            UNNAMED,     18,
19670901, 1200,  , TD, 14.5N,  25.0W,  25, -999, -999, -999, -999, -999, -999, -999, -999, -999, -999, -999, -999, -999, -999
19670901, 1800,  , TD, 14.6N,  25.5W,  25, -999, -999, -999, -999, -999, -999, -999, -999, -999, -999, -999, -999, -999, -999
19670902, 0000,  , TD, 14.7N,  26.0W,  25, -999, -999, -999, -999, -999, -999, -999, -999, -999, -999, -999, -999, -999, -999
19670902, 0600,  , TD, 14.9N,  26.5W,  25, -999, -999, -999, -999, -999, -999, -999, -999, -999, -999, -999, -999, -999, -999
19670902, 1200,  , TD, 15.2N,  27.0W,  30, -999, -999, -999, -999, -999, -999, -999, -999, -999, -999, -999, -999, -999, -999
19670902, 1800,  , TD, 15.6N,  27.6W,  30, -999, -999, -999, -999, -999, -999, -999, -999, -999, -999, -999, -999, -999, -999
19670903, 0000,  , TD, 15.9N,  28.2W,  30, -999, -999, -999, -999, -999, -999, -999, -999, -999, -999, -999, -999, -999, -999
19670903, 0600,  , TD, 16.2N,  28.7W,  30, -999, -999, -999, -999, -999, -999, -999, -999, -999, -999, -999, -999, -999, -999
19670903, 1200,  , TS, 16.6N,  29.3W,  35, -999, -999, -999, -999, -999, -999, -999, -999, -999, -999, -999, -999, -999, -999
19670903, 1800,  , TS, 17.0N,  29.8W,  35, 1004, -999, -999, -999, -999, -999, -999, -999, -999, -999, -999, -999, -999, -999
19670904, 0000,  , TS, 17.3N,  30.3W,  35, -999, -999, -999, -999, -999, -999, -999, -999, -999, -999, -999, -999, -999, -999
19670904, 0600,  , TS, 17.5N,  30.9W,  35, -999, -999, -999, -999, -999, -999, -999, -999, -999, -999, -999, -999, -999, -999
19670904, 1200,  , TD, 17.6N,  31.5W,  30, -999, -999, -999, -999, -999, -999, -999, -999, -999, -999, -999, -999, -999, -999
19670904, 1800,  , TD, 17.6N,  32.2W,  30, -999, -999, -999, -999, -999, -999, -999, -999, -999, -999, -999, -999, -999, -999
19670905, 0000,  , TD, 17.6N,  33.0W,  30, -999, -999, -999, -999, -999, -999, -999, -999, -999, -999, -999, -999, -999, -999
19670905, 0600,  , TD, 17.6N,  34.0W,  30, -999, -999, -999, -999, -999, -999, -999, -999, -999, -999, -999, -999, -999, -999
19670905, 1200,  , TD, 17.6N,  35.2W,  25, -999, -999, -999, -999, -999, -999, -999, -999, -999, -999, -999, -999, -999, -999
19670905, 1800,  , TD, 17.6N,  36.5W,  25, -999, -999, -999, -999, -999, -999, -999, -999, -999, -999, -999, -999, -999, -999
