AL011971,             ARLENE,     15,
19710704, 1200,  , TD, 33.5N,  75.5W,  25, -999, -999, -999, -999, -999, -999, -999, -999, -999, -999, -999, -999, -999, -999
19710704, 1800,  , TD, 34.0N,  75.2W,  25, -999, -999, -999, -999, -999, -999, -999, -999, -999, -999, -999, -999, -999, -999
19710705, 0000,  , TD, 34.5N,  74.8W,  25, -999, -999, -999, -999, -999, -999, -999, -999, -999, -999, -999, -999, -999, -999
19710705, 0600,  , TD, 35.2N,  74.3W,  30, -999, -999, -999, -999, -999, -999, -999, -999, -999, -999, -999, -999, -999, -999
19710705, 1200,  , TD, 35.9N,  73.7W,  30, -999, -999, -999, -999, -999, -999, -999, -999, -999, -999, -999, -999, -999, -999
19710705, 1800,  , TS, 36.7N,  72.9W,  45, 1001, -999, -999, -999, -999, -999, -999, -999, -999, -999, -999, -999, -999, -999
19710706, 0000,  , TS, 37.6N,  71.8W,  45, -999, -999, -999, -999, -999, -999, -999, -999, -999, -999, -999, -999, -999, -999
19710706, 0600,  , TS, 38.5N,  70.1W,  45, -999, -999, -999, -999, -999, -999, -999, -999, -999, -999, -999, -999, -999, -999
19710706, 1200,  , TS, 39.6N,  68.3W,  50, 1003, -999, -999, -999, -999, -999, -999, -999, -999, -999, -999, -999, -999, -999
19710706, 1800,  , TS, 40.7N,  65.9W,  55, 1000, -999, -999, -999, -999, -999, -999, -999, -999, -999, -999, -999, -999, -999
19710707, 0000,  , TS, 41.8N,  63.0W,  50, 1000, -999, -999, -999, -999, -999, -999, -999, -999, -999, -999, -999, -999, -999
19710707, 0600,  , TS, 43.1N,  59.5W,  45, 1002, -999, -999, -999, -999, -999, -999, -999, -999, -999, -999, -999, -999, -999
19710707, 1200,  , TS, 44.7N,  56.3W,  45, -999, -999, -999, -999, -999, -999, -999, -999, -999, -999, -999, -999, -999, -999
19710707, 1800,  , EX, 46.5N,  53.0W,  45, -999, -999, -999, -999, -999, -999, -999, -999, -999, -999, -999, -999, -999, -999
19710708, 0000,  , EX, 47.6N,  49.6W,  35, -999, -999, -999, -999, -999, -999, -999, -999, -999, -999, -999, -999, -999, -999
AL021971,            UNNAMED,      5,
19710707, 1200,  , TD, 29.0N,  92.0W,  20, -999, -999, -999, -999, -999, -999, -999, -999, -999, -999, -999, -999, -999, -999
19710707, 1800,  , TD, 29.4N,  93.0W,  25, -999, -999, -999, -999, -999, -999, -999, -999, -999, -999, -999, -999, -999, -999
19710708, 0000,  , TD, 29.8N,  94.0W,  25, -999, -999, -999, -999, -999, -999, -999, -999, -999, -999, -999, -999, -999, -999
19710708, 0600,  , TD, 30.2N,  95.0W,  25, -999, -999, -999, -999, -999, -999, -999, -999, -999, -999, -999, -999, -999, -999
19710708, 1200,  , TD, 30.5N,  96.0W, -99, -999, -999, -999, -999, -999, -999, -999, -999, -999, -999, -999, -999, -999, -999
AL031971,            UNNAMED,      5,
19710710, 1200,  , TD, 27.0N,  97.0W,  20, -999, -999, -999, -999, -999, -999, -999, -999, -999, -999, -999, -999, -999, -999
19710710, 1800,  , TD, 27.0N,  97.5W,  25, -999, -999, -999, -999, -999, -999, -999, -999, -999, -999, -999, -999, -999, -999
19710711, 0000,  , TD, 27.0N,  98.0W,  25, -999, -999, -999, -999, -999, -999, -999, -999, -999, -999, -999, -999, -999, -999
19710711, 0600,  , TD, 27.0N,  98.5W,  25, -999, -999, -999, -999, -999, -999, -999, -999, -999, -999, -999, -999, -999, -999
19710711, 1200,  , TD, 27.0N,  99.0W, -99, -999, -999, -999, -999, -999, -999, -999, -999, -999, -999, -999, -999, -999, -999
AL041971,            UNNAMED,     17,
19710803, 1200,  , TD, 31.0N,  63.5W,  15, -999, -999, -999, -999, -999, -999, -999, -999, -999, -999, -999, -999, -999, -999
19710803, 1800,  , TD, 31.5N,  64.0W,  15, -999, -999, -999, -999, -999, -999, -999, -999, -999, -999, -999, -999, -999, -999
19710804, 0000,  , TD, 32.0N,  64.5W,  15, -999, -999, -999, -999, -999, -999, -999, -999, -999, -999, -999, -999, -999, -999
19710804, 0600,  , TD, 32.6N,  64.9W,  15, -999, -999, -999, -999, -999, -999, -999, -999, -999, -999, -999, -999, -999, -999
19710804, 1200,  , TD, 33.5N,  65.0W,  15, 1015, -999, -999, -999, -999, -999, -999, -999, -999, -999, -999, -999, -999, -999
19710804, 1800,  , TD, 34.6N,  64.6W,  15, -999, -999, -999, -999, -999, -999, -999, -999, -999, -999, -999, -999, -999, -999
19710805, 0000,  , TD, 36.0N,  63.5W,  20, 1013, -999, -999, -999, -999, -999, -999, -999, -999, -999, -999, -999, -999, -999
19710805, 0600,  , TD, 37.7N,  61.8W,  25, -999, -999, -999, -999, -999, -999, -999, -999, -999, -999, -999, -999, -999, -999
19710805, 1200,  , TD, 39.5N,  60.0W,  30, -999, -999, -999, -999, -999, -999, -999, -999, -999, -999, -999, -999, -999, -999
19710805, 1800,  , TS, 40.5N,  58.5W,  40, 1000, -999, -999, -999, -999, -999, -999, -999, -999, -999, -999, -999, -999, -999
19710806, 0000,  , TS, 41.5N,  56.0W,  50, -999, -999, -999, -999, -999, -999, -999, -999, -999, -999, -999, -999, -999, -999
19710806, 0600,  , TS, 43.4N,  52.6W,  60, -999, -999, -999, -999, -999, -999, -999, -999, -999, -999, -999, -999, -999, -999
19710806, 1200,  , HU, 46.0N,  49.0W,  75,  974, -999, -999, -999, -999, -999, -999, -999, -999, -999, -999, -999, -999, -999
19710806, 1800,  , HU, 50.0N,  46.0W,  70, -999, -999, -999, -999, -999, -999, -999, -999, -999, -999, -999, -999, -999, -999
19710807, 0000,  , HU, 53.0N,  45.0W,  70, -999, -999, -999, -999, -999, -999, -999, -999, -999, -999, -999, -999, -999, -999
19710807, 0600,  , HU, 55.7N,  43.8W,  70, -999, -999, -999, -999, -999, -999, -999, -999, -999, -999, -999, -999, -999, -999
19710807, 1200,  , HU, 58.0N,  43.0W,  70,  976, -999, -999, -999, -999, -999, -999, -999, -999, -999, -999, -999, -999, -999
AL051971,            UNNAMED,     13,
19710806, 1200,  , TD, 25.5N,  84.5W,  20, -999, -999, -999, -999, -999, -999, -999, -999, -999, -999, -999, -999, -999, -999
19710806, 1800,  , TD, 25.8N,  84.8W,  25, -999, -999, -999, -999, -999, -999, -999, -999, -999, -999, -999, -999, -999, -999
19710807, 0000,  , TD, 26.2N,  85.2W,  25, -999, -999, -999, -999, -999, -999, -999, -999, -999, -999, -999, -999, -999, -999
19710807, 0600,  , TD, 26.6N,  85.6W,  25, -999, -999, -999, -999, -999, -999, -999, -999, -999, -999, -999, -999, -999, -999
19710807, 1200,  , TD, 27.0N,  86.0W,  25, -999, -999, -999, -999, -999, -999, -999, -999, -999, -999, -999, -999, -999, -999
19710807, 1800,  , TD, 27.2N,  86.5W,  25, -999, -999, -999, -999, -999, -999, -999, -999, -999, -999, -999, -999, -999, -999
19710808, 0000,  , TD, 27.5N,  87.0W,  25, -999, -999, -999, -999, -999, -999, -999, -999, -999, -999, -999, -999, -999, -999
19710808, 0600,  , TD, 27.8N,  87.5W,  25, -999, -999, -999, -999, -999, -999, -999, -999, -999, -999, -999, -999, -999, -999
19710808, 1200,  , TD, 28.0N,  88.0W,  25, -999, -999, -999, -999, -999, -999, -999, -999, -999, -999, -999, -999, -999, -999
19710808, 1800,  , TD, 28.6N,  88.6W,  25, -999, -999, -999, -999, -999, -999, -999, -999, -999, -999, -999, -999, -999, -999
19710809, 0000,  , TD, 29.2N,  89.2W,  25, -999, -999, -999, -999, -999, -999, -999, -999, -999, -999, -999, -999, -999, -999
19710809, 0600,  , TD, 29.8N,  89.8W,  25, -999, -999, -999, -999, -999, -999, -999, -999, -999, -999, -999, -999, -999, -999
19710809, 1200,  , TD, 30.5N,  90.5W, -99, -999, -999, -999, -999, -999, -999, -999, -999, -999, -999, -999, -999, -999, -999
AL061971,               BETH,     29,
19710810, 1200,  , TD, 26.7N,  79.9W,  20, -999, -999, -999, -999, -999, -999, -999, -999, -999, -999, -999, -999, -999, -999
19710810, 1800,  , TD, 26.8N,  79.3W,  20, 1013, -999, -999, -999, -999, -999, -999, -999, -999, -999, -999, -999, -999, -999
19710811, 0000,  , TD, 27.4N,  78.5W,  20, -999, -999, -999, -999, -999, -999, -999, -999, -999, -999, -999, -999, -999, -999
19710811, 0600,  , TD, 28.0N,  78.3W,  25, -999, -999, -999, -999, -999, -999, -999, -999, -999, -999, -999, -999, -999, -999
19710811, 1200,  , TD, 28.8N,  78.1W,  25, -999, -999, -999, -999, -999, -999, -999, -999, -999, -999, -999, -999, -999, -999
19710811, 1800,  , TD, 29.7N,  77.7W,  30, 1010, -999, -999, -999, -999, -999, -999, -999, -999, -999, -999, -999, -999, -999
19710812, 0000,  , TD, 30.7N,  77.2W,  30, -999, -999, -999, -999, -999, -999, -999, -999, -999, -999, -999, -999, -999, -999
19710812, 0600,  , TD, 31.5N,  76.7W,  30, -999, -999, -999, -999, -999, -999, -999, -999, -999, -999, -999, -999, -999, -999
19710812, 1200,  , TD, 32.3N,  76.3W,  30, -999, -999, -999, -999, -999, -999, -999, -999, -999, -999, -999, -999, -999, -999
19710812, 1800,  , TD, 32.7N,  76.0W,  30, -999, -999, -999, -999, -999, -999, -999, -999, -999, -999, -999, -999, -999, -999
19710813, 0000,  , TD, 33.2N,  75.3W,  30, -999, -999, -999, -999, -999, -999, -999, -999, -999, -999, -999, -999, -999, -999
19710813, 0600,  , TD, 33.3N,  74.7W,  30, 1007, -999, -999, -999, -999, -999, -999, -999, -999, -999, -999, -999, -999, -999
19710813, 1200,  , TD, 33.5N,  74.1W,  30, -999, -999, -999, -999, -999, -999, -999, -999, -999, -999, -999, -999, -999, -999
19710813, 1800,  , TD, 33.7N,  73.5W,  30, -999, -999, -999, -999, -999, -999, -999, -999, -999, -999, -999, -999, -999, -999
19710814, 0000,  , TD, 33.9N,  73.1W,  30, 1004, -999, -999, -999, -999, -999, -999, -999, -999, -999, -999, -999, -999, -999
19710814, 0600,  , TD, 34.2N,  72.7W,  30, -999, -999, -999, -999, -999, -999, -999, -999, -999, -999, -999, -999, -999, -999
19710814, 1200,  , TS, 34.4N,  72.3W,  45,  995, -999, -999, -999, -999, -999, -999, -999, -999, -999, -999, -999, -999, -999
19710814, 1800,  , TS, 35.8N,  71.0W,  55, -999, -999, -999, -999, -999, -999, -999, -999, -999, -999, -999, -999, -999, -999
19710815, 0000,  , HU, 37.2N,  69.9W,  70,  990, -999, -999, -999, -999, -999, -999, -999, -999, -999, -999, -999, -999, -999
19710815, 0600,  , HU, 38.4N,  68.5W,  70,  982, -999, -999, -999, -999, -999, -999, -999, -999, -999, -999, -999, -999, -999
19710815, 1200,  , HU, 39.7N,  67.2W,  75,  977, -999, -999, -999, -999, -999, -999, -999, -999, -999, -999, -999, -999, -999
19710815, 1800,  , HU, 40.8N,  65.8W,  75, -999, -999, -999, -999, -999, -999, -999, -999, -999, -999, -999, -999, -999, -999
19710816, 0000,  , HU, 42.0N,  64.5W,  65,  978, -999, -999, -999, -999, -999, -999, -999, -999, -999, -999, -999, -999, -999
19710816, 0600,  , HU, 43.2N,  63.3W,  65,  979, -999, -999, -999, -999, -999, -999, -999, -999, -999, -999, -999, -999, -999
19710816, 1200,  , HU, 44.0N,  62.5W,  65,  984, -999, -999, -999, -999, -999, -999, -999, -999, -999, -999, -999, -999, -999
19710816, 1800,  , HU, 45.3N,  61.5W,  65, -999, -999, -999, -999, -999, -999, -999, -999, -999, -999, -999, -999, -999, -999
19710817, 0000,  , EX, 46.7N,  60.2W,  60,  998, -999, -999, -999, -999, -999, -999, -999, -999, -999, -999, -999, -999, -999
19710817, 0600,  , EX, 48.3N,  59.0W,  50,  998, -999, -999, -999, -999, -999, -999, -999, -999, -999, -999, -999, -999, -999
19710817, 1200,  , EX, 49.5N,  57.7W,  45,  998, -999, -999, -999, -999, -999, -999, -999, -999, -999, -999, -999, -999, -999
AL071971,            UNNAMED,     17,
19710812, 1200,  , TD, 26.0N,  83.5W,  20, -999, -999, -999, -999, -999, -999, -999, -999, -999, -999, -999, -999, -999, -999
19710812, 1800,  , TD, 26.2N,  83.1W,  25, -999, -999, -999, -999, -999, -999, -999, -999, -999, -999, -999, -999, -999, -999
19710813, 0000,  , TD, 26.5N,  82.7W,  25, -999, -999, -999, -999, -999, -999, -999, -999, -999, -999, -999, -999, -999, -999
19710813, 0600,  , TD, 26.8N,  82.3W,  25, -999, -999, -999, -999, -999, -999, -999, -999, -999, -999, -999, -999, -999, -999
19710813, 1200,  , TD, 27.0N,  82.0W,  20, -999, -999, -999, -999, -999, -999, -999, -999, -999, -999, -999, -999, -999, -999
19710813, 1800,  , TD, 27.3N,  81.2W,  20, -999, -999, -999, -999, -999, -999, -999, -999, -999, -999, -999, -999, -999, -999
19710814, 0000,  , TD, 27.5N,  81.7W,  20, -999, -999, -999, -999, -999, -999, -999, -999, -999, -999, -999, -999, -999, -999
19710814, 0600,  , TD, 27.8N,  81.6W,  20, -999, -999, -999, -999, -999, -999, -999, -999, -999, -999, -999, -999, -999, -999
19710814, 1200,  , TD, 28.0N,  81.5W,  20, -999, -999, -999, -999, -999, -999, -999, -999, -999, -999, -999, -999, -999, -999
19710814, 1800,  , TD, 28.1N,  81.8W,  20, -999, -999, -999, -999, -999, -999, -999, -999, -999, -999, -999, -999, -999, -999
19710815, 0000,  , TD, 28.2N,  82.2W,  20, -999, -999, -999, -999, -999, -999, -999, -999, -999, -999, -999, -999, -999, -999
19710815, 0600,  , TD, 28.3N,  82.6W,  25, -999, -999, -999, -999, -999, -999, -999, -999, -999, -999, -999, -999, -999, -999
19710815, 1200,  , TD, 28.5N,  83.0W,  25, -999, -999, -999, -999, -999, -999, -999, -999, -999, -999, -999, -999, -999, -999
19710815, 1800,  , TD, 28.9N,  83.2W,  25, -999, -999, -999, -999, -999, -999, -999, -999, -999, -999, -999, -999, -999, -999
19710816, 0000,  , TD, 29.2N,  83.5W,  25, -999, -999, -999, -999, -999, -999, -999, -999, -999, -999, -999, -999, -999, -999
19710816, 0600,  , TD, 29.6N,  83.8W,  25, -999, -999, -999, -999, -999, -999, -999, -999, -999, -999, -999, -999, -999, -999
19710816, 1200,  , TD, 30.0N,  84.0W, -99, -999, -999, -999, -999, -999, -999, -999, -999, -999, -999, -999, -999, -999, -999
AL081971,              CHLOE,     29,
19710818, 1200,  , TD, 13.0N,  52.5W,  30, 1007, -999, -999, -999, -999, -999, -999, -999, -999, -999, -999, -999, -999, -999
19710818, 1800,  , TD, 13.2N,  55.0W,  30, -999, -999, -999, -999, -999, -999, -999, -999, -999, -999, -999, -999, -999, -999
19710819, 0000,  , TD, 13.5N,  57.0W,  30, -999, -999, -999, -999, -999, -999, -999, -999, -999, -999, -999, -999, -999, -999
19710819, 0600,  , TD, 13.8N,  59.0W,  30, -999, -999, -999, -999, -999, -999, -999, -999, -999, -999, -999, -999, -999, -999
19710819, 1200,  , TD, 14.0N,  60.7W,  30, -999, -999, -999, -999, -999, -999, -999, -999, -999, -999, -999, -999, -999, -999
19710819, 1800,  , TD, 14.2N,  62.0W,  30, -999, -999, -999, -999, -999, -999, -999, -999, -999, -999, -999, -999, -999, -999
19710820, 0000,  , TS, 14.3N,  63.5W,  35, 1004, -999, -999, -999, -999, -999, -999, -999, -999, -999, -999, -999, -999, -999
19710820, 0600,  , TS, 14.8N,  65.0W,  45, -999, -999, -999, -999, -999, -999, -999, -999, -999, -999, -999, -999, -999, -999
19710820, 1200,  , TS, 15.0N,  66.5W,  50, -999, -999, -999, -999, -999, -999, -999, -999, -999, -999, -999, -999, -999, -999
19710820, 1800,  , TS, 15.4N,  67.7W,  55, -999, -999, -999, -999, -999, -999, -999, -999, -999, -999, -999, -999, -999, -999
19710821, 0000,  , TS, 16.0N,  69.5W,  50, -999, -999, -999, -999, -999, -999, -999, -999, -999, -999, -999, -999, -999, -999
19710821, 0600,  , TS, 16.0N,  71.5W,  40, -999, -999, -999, -999, -999, -999, -999, -999, -999, -999, -999, -999, -999, -999
19710821, 1200,  , TD, 15.5N,  73.5W,  30, 1007, -999, -999, -999, -999, -999, -999, -999, -999, -999, -999, -999, -999, -999
19710821, 1800,  , TD, 15.0N,  75.0W,  30, -999, -999, -999, -999, -999, -999, -999, -999, -999, -999, -999, -999, -999, -999
19710822, 0000,  , TD, 14.8N,  76.0W,  25, -999, -999, -999, -999, -999, -999, -999, -999, -999, -999, -999, -999, -999, -999
19710822, 0600,  , TD, 14.8N,  77.0W,  25, -999, -999, -999, -999, -999, -999, -999, -999, -999, -999, -999, -999, -999, -999
19710822, 1200,  , TD, 15.0N,  78.0W,  25, -999, -999, -999, -999, -999, -999, -999, -999, -999, -999, -999, -999, -999, -999
19710822, 1800,  , TD, 15.2N,  79.0W,  25, -999, -999, -999, -999, -999, -999, -999, -999, -999, -999, -999, -999, -999, -999
19710823, 0000,  , TD, 15.6N,  80.0W,  25, -999, -999, -999, -999, -999, -999, -999, -999, -999, -999, -999, -999, -999, -999
19710823, 0600,  , TD, 16.0N,  81.0W,  25, -999, -999, -999, -999, -999, -999, -999, -999, -999, -999, -999, -999, -999, -999
19710823, 1200,  , TD, 16.5N,  82.0W,  25, -999, -999, -999, -999, -999, -999, -999, -999, -999, -999, -999, -999, -999, -999
19710823, 1800,  , TD, 17.0N,  83.0W,  25, -999, -999, -999, -999, -999, -999, -999, -999, -999, -999, -999, -999, -999, -999
19710824, 0000,  , TD, 17.4N,  84.0W,  25, 1007, -999, -999, -999, -999, -999, -999, -999, -999, -999, -999, -999, -999, -999
19710824, 0600,  , TD, 17.8N,  85.0W,  25, -999, -999, -999, -999, -999, -999, -999, -999, -999, -999, -999, -999, -999, -999
19710824, 1200,  , TD, 17.9N,  86.0W,  25, -999, -999, -999, -999, -999, -999, -999, -999, -999, -999, -999, -999, -999, -999
19710824, 1800,  , TD, 18.0N,  86.8W,  25, -999, -999, -999, -999, -999, -999, -999, -999, -999, -999, -999, -999, -999, -999
19710825, 0000,  , TD, 18.0N,  87.5W,  25, -999, -999, -999, -999, -999, -999, -999, -999, -999, -999, -999, -999, -999, -999
19710825, 0600,  , TD, 18.0N,  88.0W,  25, -999, -999, -999, -999, -999, -999, -999, -999, -999, -999, -999, -999, -999, -999
19710825, 1200,  , TD, 18.0N,  88.5W,  25, -999, -999, -999, -999, -999, -999, -999, -999, -999, -999, -999, -999, -999, -999
AL091971,              DORIA,     36,
19710820, 1200,  , TD, 11.5N,  47.0W,  25, -999, -999, -999, -999, -999, -999, -999, -999, -999, -999, -999, -999, -999, -999
19710820, 1800,  , TD, 11.6N,  48.0W,  30, -999, -999, -999, -999, -999, -999, -999, -999, -999, -999, -999, -999, -999, -999
19710821, 0000,  , TD, 11.7N,  49.0W,  30, -999, -999, -999, -999, -999, -999, -999, -999, -999, -999, -999, -999, -999, -999
19710821, 0600,  , TD, 11.8N,  50.0W,  30, -999, -999, -999, -999, -999, -999, -999, -999, -999, -999, -999, -999, -999, -999
19710821, 1200,  , TD, 12.0N,  51.0W,  30, -999, -999, -999, -999, -999, -999, -999, -999, -999, -999, -999, -999, -999, -999
19710821, 1800,  , TD, 12.2N,  52.2W,  30, -999, -999, -999, -999, -999, -999, -999, -999, -999, -999, -999, -999, -999, -999
19710822, 0000,  , TD, 12.8N,  53.4W,  30, -999, -999, -999, -999, -999, -999, -999, -999, -999, -999, -999, -999, -999, -999
19710822, 0600,  , TD, 13.2N,  54.8W,  30, -999, -999, -999, -999, -999, -999, -999, -999, -999, -999, -999, -999, -999, -999
19710822, 1200,  , TD, 14.0N,  56.0W,  25, -999, -999, -999, -999, -999, -999, -999, -999, -999, -999, -999, -999, -999, -999
19710822, 1800,  , TD, 14.8N,  57.5W,  25, -999, -999, -999, -999, -999, -999, -999, -999, -999, -999, -999, -999, -999, -999
19710823, 0000,  , TD, 15.7N,  59.0W,  25, -999, -999, -999, -999, -999, -999, -999, -999, -999, -999, -999, -999, -999, -999
19710823, 0600,  , TD, 16.5N,  60.8W,  25, -999, -999, -999, -999, -999, -999, -999, -999, -999, -999, -999, -999, -999, -999
19710823, 1200,  , TD, 17.3N,  62.4W,  25, -999, -999, -999, -999, -999, -999, -999, -999, -999, -999, -999, -999, -999, -999
19710823, 1800,  , TD, 18.0N,  64.0W,  25, -999, -999, -999, -999, -999, -999, -999, -999, -999, -999, -999, -999, -999, -999
19710824, 0000,  , TD, 18.6N,  65.4W,  25, -999, -999, -999, -999, -999, -999, -999, -999, -999, -999, -999, -999, -999, -999
19710824, 0600,  , TD, 19.2N,  66.9W,  25, -999, -999, -999, -999, -999, -999, -999, -999, -999, -999, -999, -999, -999, -999
19710824, 1200,  , TD, 19.8N,  68.3W,  30, -999, -999, -999, -999, -999, -999, -999, -999, -999, -999, -999, -999, -999, -999
19710824, 1800,  , TD, 20.4N,  69.8W,  30, -999, -999, -999, -999, -999, -999, -999, -999, -999, -999, -999, -999, -999, -999
19710825, 0000,  , TD, 21.0N,  71.0W,  30, -999, -999, -999, -999, -999, -999, -999, -999, -999, -999, -999, -999, -999, -999
19710825, 0600,  , TD, 21.8N,  72.2W,  30, -999, -999, -999, -999, -999, -999, -999, -999, -999, -999, -999, -999, -999, -999
19710825, 1200,  , TD, 22.5N,  73.2W,  30, -999, -999, -999, -999, -999, -999, -999, -999, -999, -999, -999, -999, -999, -999
19710825, 1800,  , TD, 23.2N,  74.2W,  30, -999, -999, -999, -999, -999, -999, -999, -999, -999, -999, -999, -999, -999, -999
19710826, 0000,  , TD, 24.2N,  75.1W,  25, -999, -999, -999, -999, -999, -999, -999, -999, -999, -999, -999, -999, -999, -999
19710826, 0600,  , TD, 25.4N,  75.6W,  25, -999, -999, -999, -999, -999, -999, -999, -999, -999, -999, -999, -999, -999, -999
19710826, 1200,  , TD, 26.8N,  76.4W,  30, -999, -999, -999, -999, -999, -999, -999, -999, -999, -999, -999, -999, -999, -999
19710826, 1800,  , TD, 28.2N,  77.0W,  30, 1008, -999, -999, -999, -999, -999, -999, -999, -999, -999, -999, -999, -999, -999
19710827, 0000,  , TS, 29.2N,  77.2W,  40, 1006, -999, -999, -999, -999, -999, -999, -999, -999, -999, -999, -999, -999, -999
19710827, 0600,  , TS, 31.0N,  77.2W,  45,  999, -999, -999, -999, -999, -999, -999, -999, -999, -999, -999, -999, -999, -999
19710827, 1200,  , TS, 32.8N,  77.2W,  50,  998, -999, -999, -999, -999, -999, -999, -999, -999, -999, -999, -999, -999, -999
19710827, 1800,  , TS, 34.8N,  76.8W,  55,  989, -999, -999, -999, -999, -999, -999, -999, -999, -999, -999, -999, -999, -999
19710828, 0000,  , TS, 36.5N,  76.5W,  55, -999, -999, -999, -999, -999, -999, -999, -999, -999, -999, -999, -999, -999, -999
19710828, 0600,  , TS, 38.5N,  75.3W,  50,  993, -999, -999, -999, -999, -999, -999, -999, -999, -999, -999, -999, -999, -999
19710828, 1200,  , TS, 41.2N,  73.7W,  45,  997, -999, -999, -999, -999, -999, -999, -999, -999, -999, -999, -999, -999, -999
19710828, 1800,  , TS, 43.8N,  71.8W,  45, -999, -999, -999, -999, -999, -999, -999, -999, -999, -999, -999, -999, -999, -999
19710829, 0000,  , EX, 46.0N,  70.0W,  35, -999, -999, -999, -999, -999, -999, -999, -999, -999, -999, -999, -999, -999, -999
19710829, 0600,  , EX, 48.0N,  68.0W,  35, -999, -999, -999, -999, -999, -999, -999, -999, -999, -999, -999, -999, -999, -999
AL101971,            UNNAMED,     17,
19710828, 1200,  , TD, 24.0N,  73.0W,  20, -999, -999, -999, -999, -999, -999, -999, -999, -999, -999, -999, -999, -999, -999
19710828, 1800,  , TD, 24.2N,  74.1W,  25, -999, -999, -999, -999, -999, -999, -999, -999, -999, -999, -999, -999, -999, -999
19710829, 0000,  , TD, 24.5N,  75.2W,  25, -999, -999, -999, -999, -999, -999, -999, -999, -999, -999, -999, -999, -999, -999
19710829, 0600,  , TD, 24.8N,  76.4W,  25, -999, -999, -999, -999, -999, -999, -999, -999, -999, -999, -999, -999, -999, -999
19710829, 1200,  , TD, 25.0N,  77.5W,  25, -999, -999, -999, -999, -999, -999, -999, -999, -999, -999, -999, -999, -999, -999
19710829, 1800,  , TD, 25.2N,  78.6W,  25, -999, -999, -999, -999, -999, -999, -999, -999, -999, -999, -999, -999, -999, -999
19710830, 0000,  , TD, 25.5N,  79.7W,  25, -999, -999, -999, -999, -999, -999, -999, -999, -999, -999, -999, -999, -999, -999
19710830, 0600,  , TD, 25.8N,  80.9W,  25, -999, -999, -999, -999, -999, -999, -999, -999, -999, -999, -999, -999, -999, -999
19710830, 1200,  , TD, 26.0N,  82.0W,  20, -999, -999, -999, -999, -999, -999, -999, -999, -999, -999, -999, -999, -999, -999
19710830, 1800,  , TD, 26.2N,  83.5W,  20, -999, -999, -999, -999, -999, -999, -999, -999, -999, -999, -999, -999, -999, -999
19710831, 0000,  , TD, 26.5N,  85.0W,  25, -999, -999, -999, -999, -999, -999, -999, -999, -999, -999, -999, -999, -999, -999
19710831, 0600,  , TD, 26.8N,  86.5W,  25, -999, -999, -999, -999, -999, -999, -999, -999, -999, -999, -999, -999, -999, -999
19710831, 1200,  , TD, 27.0N,  88.0W,  25, -999, -999, -999, -999, -999, -999, -999, -999, -999, -999, -999, -999, -999, -999
19710831, 1800,  , TD, 27.7N,  88.7W,  25, -999, -999, -999, -999, -999, -999, -999, -999, -999, -999, -999, -999, -999, -999
19710901, 0000,  , TD, 28.5N,  89.5W,  25, -999, -999, -999, -999, -999, -999, -999, -999, -999, -999, -999, -999, -999, -999
19710901, 0600,  , TD, 29.2N,  90.2W,  25, -999, -999, -999, -999, -999, -999, -999, -999, -999, -999, -999, -999, -999, -999
19710901, 1200,  , TD, 30.0N,  91.0W, -99, -999, -999, -999, -999, -999, -999, -999, -999, -999, -999, -999, -999, -999, -999
AL111971,               FERN,     39,
19710903, 1200,  , TD, 27.5N,  87.5W,  25, -999, -999, -999, -999, -999, -999, -999, -999, -999, -999, -999, -999, -999, -999
19710903, 1800,  , TD, 27.7N,  87.7W,  25, -999, -999, -999, -999, -999, -999, -999, -999, -999, -999, -999, -999, -999, -999
19710904, 0000,  , TD, 28.0N,  88.0W,  25, -999, -999, -999, -999, -999, -999, -999, -999, -999, -999, -999, -999, -999, -999
19710904, 0600,  , TD, 28.2N,  88.6W,  25, -999, -999, -999, -999, -999, -999, -999, -999, -999, -999, -999, -999, -999, -999
19710904, 1200,  , TD, 28.6N,  89.0W,  25, -999, -999, -999, -999, -999, -999, -999, -999, -999, -999, -999, -999, -999, -999
19710904, 1800,  , TD, 29.0N,  89.3W,  25, -999, -999, -999, -999, -999, -999, -999, -999, -999, -999, -999, -999, -999, -999
19710905, 0000,  , TD, 29.5N,  89.5W,  25, -999, -999, -999, -999, -999, -999, -999, -999, -999, -999, -999, -999, -999, -999
19710905, 0600,  , TD, 30.1N,  89.6W,  25, -999, -999, -999, -999, -999, -999, -999, -999, -999, -999, -999, -999, -999, -999
19710905, 1200,  , TD, 30.7N,  89.8W,  25, -999, -999, -999, -999, -999, -999, -999, -999, -999, -999, -999, -999, -999, -999
19710905, 1800,  , TD, 30.6N,  89.9W,  25, -999, -999, -999, -999, -999, -999, -999, -999, -999, -999, -999, -999, -999, -999
19710906, 0000,  , TD, 30.3N,  90.0W,  25, -999, -999, -999, -999, -999, -999, -999, -999, -999, -999, -999, -999, -999, -999
19710906, 0600,  , TD, 29.9N,  90.3W,  25, -999, -999, -999, -999, -999, -999, -999, -999, -999, -999, -999, -999, -999, -999
19710906, 1200,  , TD, 29.5N,  90.5W,  25, -999, -999, -999, -999, -999, -999, -999, -999, -999, -999, -999, -999, -999, -999
19710906, 1800,  , TD, 29.0N,  91.0W,  25, -999, -999, -999, -999, -999, -999, -999, -999, -999, -999, -999, -999, -999, -999
19710907, 0000,  , TD, 28.6N,  91.3W,  25, -999, -999, -999, -999, -999, -999, -999, -999, -999, -999, -999, -999, -999, -999
19710907, 0600,  , TD, 28.1N,  91.6W,  25, -999, -999, -999, -999, -999, -999, -999, -999, -999, -999, -999, -999, -999, -999
19710907, 1200,  , TD, 27.7N,  92.0W,  30, -999, -999, -999, -999, -999, -999, -999, -999, -999, -999, -999, -999, -999, -999
19710907, 1800,  , TD, 27.3N,  92.3W,  30, -999, -999, -999, -999, -999, -999, -999, -999, -999, -999, -999, -999, -999, -999
19710908, 0000,  , TS, 26.9N,  92.6W,  40, 1000, -999, -999, -999, -999, -999, -999, -999, -999, -999, -999, -999, -999, -999
19710908, 0600,  , TS, 26.6N,  92.8W,  45, 1000, -999, -999, -999, -999, -999, -999, -999, -999, -999, -999, -999, -999, -999
19710908, 1200,  , TS, 26.4N,  93.1W,  50, 1000, -999, -999, -999, -999, -999, -999, -999, -999, -999, -999, -999, -999, -999
19710908, 1800,  , TS, 26.3N,  93.4W,  55,  995, -999, -999, -999, -999, -999, -999, -999, -999, -999, -999, -999, -999, -999
19710909, 0000,  , HU, 26.4N,  93.7W,  65,  987, -999, -999, -999, -999, -999, -999, -999, -999, -999, -999, -999, -999, -999
19710909, 0600,  , HU, 26.7N,  94.0W,  80,  993, -999, -999, -999, -999, -999, -999, -999, -999, -999, -999, -999, -999, -999
19710909, 1200,  , HU, 27.1N,  94.3W,  80,  992, -999, -999, -999, -999, -999, -999, -999, -999, -999, -999, -999, -999, -999
19710909, 1800,  , HU, 27.5N,  94.5W,  75,  992, -999, -999, -999, -999, -999, -999, -999, -999, -999, -999, -999, -999, -999
19710910, 0000,  , HU, 28.0N,  94.8W,  70,  988, -999, -999, -999, -999, -999, -999, -999, -999, -999, -999, -999, -999, -999
19710910, 0600,  , HU, 28.5N,  95.3W,  65,  988, -999, -999, -999, -999, -999, -999, -999, -999, -999, -999, -999, -999, -999
19710910, 1200,  , TS, 28.5N,  96.0W,  60,  979, -999, -999, -999, -999, -999, -999, -999, -999, -999, -999, -999, -999, -999
19710910, 1800,  , TS, 28.3N,  96.5W,  60,  979, -999, -999, -999, -999, -999, -999, -999, -999, -999, -999, -999, -999, -999
19710911, 0000,  , TS, 28.0N,  96.9W,  55,  988, -999, -999, -999, -999, -999, -999, -999, -999, -999, -999, -999, -999, -999
19710911, 0600,  , TS, 27.7N,  97.3W,  55,  983, -999, -999, -999, -999, -999, -999, -999, -999, -999, -999, -999, -999, -999
19710911, 1200,  , TS, 27.5N,  97.6W,  45,  978, -999, -999, -999, -999, -999, -999, -999, -999, -999, -999, -999, -999, -999
19710911, 1800,  , TS, 27.3N,  98.0W,  40, -999, -999, -999, -999, -999, -999, -999, -999, -999, -999, -999, -999, -999, -999
19710912, 0000,  , TS, 27.1N,  98.4W,  35, -999, -999, -999, -999, -999, -999, -999, -999, -999, -999, -999, -999, -999, -999
19710912, 0600,  , TS, 27.1N,  98.8W,  35, -999, -999, -999, -999, -999, -999, -999, -999, -999, -999, -999, -999, -999, -999
19710912, 1200,  , TS, 27.0N,  99.2W,  35, -999, -999, -999, -999, -999, -999, -999, -999, -999, -999, -999, -999, -999, -999
19710912, 1800,  , TD, 26.9N,  99.7W,  30, -999, -999, -999, -999, -999, -999, -999, -999, -999, -999, -999, -999, -999, -999
19710913, 0000,  , TD, 26.9N, 100.3W,  25, -999, -999, -999, -999, -999, -999, -999, -999, -999, -999, -999, -999, -999, -999
AL121971,            UNNAMED,     22,
19710903, 1200,  , TD, 13.5N,  17.5W,  20, -999, -999, -999, -999, -999, -999, -999, -999, -999, -999, -999, -999, -999, -999
19710903, 1800,  , TD, 13.5N,  18.5W,  20, -999, -999, -999, -999, -999, -999, -999, -999, -999, -999, -999, -999, -999, -999
19710904, 0000,  , TD, 13.5N,  19.5W,  25, -999, -999, -999, -999, -999, -999, -999, -999, -999, -999, -999, -999, -999, -999
19710904, 0600,  , TD, 13.5N,  20.0W,  25, -999, -999, -999, -999, -999, -999, -999, -999, -999, -999, -999, -999, -999, -999
19710904, 1200,  , TD, 13.5N,  21.0W,  30, -999, -999, -999, -999, -999, -999, -999, -999, -999, -999, -999, -999, -999, -999
19710904, 1800,  , TD, 13.6N,  21.6W,  30, -999, -999, -999, -999, -999, -999, -999, -999, -999, -999, -999, -999, -999, -999
19710905, 0000,  , TD, 13.7N,  22.3W,  30, -999, -999, -999, -999, -999, -999, -999, -999, -999, -999, -999, -999, -999, -999
19710905, 0600,  , TD, 13.8N,  24.1W,  30, -999, -999, -999, -999, -999, -999, -999, -999, -999, -999, -999, -999, -999, -999
19710905, 1200,  , TD, 14.0N,  25.5W,  30, -999, -999, -999, -999, -999, -999, -999, -999, -999, -999, -999, -999, -999, -999
19710905, 1800,  , TD, 14.4N,  26.9W,  30, -999, -999, -999, -999, -999, -999, -999, -999, -999, -999, -999, -999, -999, -999
19710906, 0000,  , TD, 14.8N,  28.3W,  30, -999, -999, -999, -999, -999, -999, -999, -999, -999, -999, -999, -999, -999, -999
19710906, 0600,  , TD, 15.1N,  29.6W,  30, -999, -999, -999, -999, -999, -999, -999, -999, -999, -999, -999, -999, -999, -999
19710906, 1200,  , TD, 15.5N,  31.0W,  25, -999, -999, -999, -999, -999, -999, -999, -999, -999, -999, -999, -999, -999, -999
19710906, 1800,  , TD, 15.8N,  32.2W,  25, -999, -999, -999, -999, -999, -999, -999, -999, -999, -999, -999, -999, -999, -999
19710907, 0000,  , TD, 16.2N,  33.5W,  25, -999, -999, -999, -999, -999, -999, -999, -999, -999, -999, -999, -999, -999, -999
19710907, 0600,  , TD, 16.6N,  33.5W,  25, -999, -999, -999, -999, -999, -999, -999, -999, -999, -999, -999, -999, -999, -999
19710907, 1200,  , TD, 17.0N,  36.0W,  25, -999, -999, -999, -999, -999, -999, -999, -999, -999, -999, -999, -999, -999, -999
19710907, 1800,  , TD, 17.0N,  37.2W,  25, -999, -999, -999, -999, -999, -999, -999, -999, -999, -999, -999, -999, -999, -999
19710908, 0000,  , TD, 17.0N,  38.5W,  20, -999, -999, -999, -999, -999, -999, -999, -999, -999, -999, -999, -999, -999, -999
19710908, 0600,  , TD, 17.0N,  39.7W,  20, -999, -999, -999, -999, -999, -999, -999, -999, -999, -999, -999, -999, -999, -999
19710908, 1200,  , TD, 17.0N,  41.0W,  20, -999, -999, -999, -999, -999, -999, -999, -999, -999, -999, -999, -999, -999, -999
19710908, 1800,  , TD, 17.0N,  42.5W,  20, -999, -999, -999, -999, -999, -999, -999, -999, -999, -999, -999, -999, -999, -999
AL131971,              EDITH,     51,
19710905, 1800,  , TD, 11.4N,  58.0W,  25, 1010, -999, -999, -999, -999, -999, -999, -999, -999, -999, -999, -999, -999, -999
19710906, 0000,  , TD, 11.6N,  59.4W,  30, -999, -999, -999, -999, -999, -999, -999, -999, -999, -999, -999, -999, -999, -999
19710906, 0600,  , TD, 11.8N,  61.1W,  30, -999, -999, -999, -999, -999, -999, -999, -999, -999, -999, -999, -999, -999, -999
19710906, 1200,  , TD, 12.0N,  62.8W,  30, -999, -999, -999, -999, -999, -999, -999, -999, -999, -999, -999, -999, -999, -999
19710906, 1800,  , TD, 12.2N,  64.4W,  25, -999, -999, -999, -999, -999, -999, -999, -999, -999, -999, -999, -999, -999, -999
19710907, 0000,  , TD, 12.3N,  66.0W,  25, -999, -999, -999, -999, -999, -999, -999, -999, -999, -999, -999, -999, -999, -999
19710907, 0600,  , TD, 12.5N,  67.7W,  25, -999, -999, -999, -999, -999, -999, -999, -999, -999, -999, -999, -999, -999, -999
19710907, 1200,  , TS, 12.7N,  69.1W,  35, 1006, -999, -999, -999, -999, -999, -999, -999, -999, -999, -999, -999, -999, -999
19710907, 1800,  , TS, 12.9N,  70.9W,  45,  995, -999, -999, -999, -999, -999, -999, -999, -999, -999, -999, -999, -999, -999
19710908, 0000,  , TS, 13.0N,  72.3W,  60, -999, -999, -999, -999, -999, -999, -999, -999, -999, -999, -999, -999, -999, -999
19710908, 0600,  , HU, 13.2N,  73.8W,  65,  993, -999, -999, -999, -999, -999, -999, -999, -999, -999, -999, -999, -999, -999
19710908, 1200,  , HU, 13.6N,  75.3W,  65, -999, -999, -999, -999, -999, -999, -999, -999, -999, -999, -999, -999, -999, -999
19710908, 1800,  , HU, 13.8N,  77.2W,  75,  982, -999, -999, -999, -999, -999, -999, -999, -999, -999, -999, -999, -999, -999
19710909, 0000,  , HU, 14.0N,  78.8W,  90, -999, -999, -999, -999, -999, -999, -999, -999, -999, -999, -999, -999, -999, -999
19710909, 0600,  , HU, 14.2N,  80.5W, 105, -999, -999, -999, -999, -999, -999, -999, -999, -999, -999, -999, -999, -999, -999
19710909, 1200,  , HU, 14.4N,  81.9W, 120,  960, -999, -999, -999, -999, -999, -999, -999, -999, -999, -999, -999, -999, -999
19710909, 1800,  , HU, 14.8N,  83.2W, 140,  943, -999, -999, -999, -999, -999, -999, -999, -999, -999, -999, -999, -999, -999
19710910, 0000,  , HU, 15.2N,  84.1W, 100, -999, -999, -999, -999, -999, -999, -999, -999, -999, -999, -999, -999, -999, -999
19710910, 0600,  , HU, 15.5N,  84.9W,  80, -999, -999, -999, -999, -999, -999, -999, -999, -999, -999, -999, -999, -999, -999
19710910, 1200,  , HU, 15.9N,  85.8W,  70, -999, -999, -999, -999, -999, -999, -999, -999, -999, -999, -999, -999, -999, -999
19710910, 1800,  , HU, 16.5N,  86.9W,  65, -999, -999, -999, -999, -999, -999, -999, -999, -999, -999, -999, -999, -999, -999
19710911, 0000,  , TS, 17.3N,  87.8W,  60, -999, -999, -999, -999, -999, -999, -999, -999, -999, -999, -999, -999, -999, -999
19710911, 0600,  , TS, 18.1N,  88.4W,  60, -999, -999, -999, -999, -999, -999, -999, -999, -999, -999, -999, -999, -999, -999
19710911, 1200,  , TS, 18.6N,  89.2W,  45, -999, -999, -999, -999, -999, -999, -999, -999, -999, -999, -999, -999, -999, -999
19710911, 1800,  , TS, 19.3N,  89.9W,  35, -999, -999, -999, -999, -999, -999, -999, -999, -999, -999, -999, -999, -999, -999
19710912, 0000,  , TS, 19.8N,  90.5W,  35, 1000, -999, -999, -999, -999, -999, -999, -999, -999, -999, -999, -999, -999, -999
19710912, 0600,  , TS, 20.7N,  91.4W,  35, 1001, -999, -999, -999, -999, -999, -999, -999, -999, -999, -999, -999, -999, -999
19710912, 1200,  , TS, 21.5N,  92.2W,  35, 1000, -999, -999, -999, -999, -999, -999, -999, -999, -999, -999, -999, -999, -999
19710912, 1800,  , TS, 21.9N,  92.9W,  35, 1000, -999, -999, -999, -999, -999, -999, -999, -999, -999, -999, -999, -999, -999
19710913, 0000,  , TS, 22.1N,  93.3W,  35, -999, -999, -999, -999, -999, -999, -999, -999, -999, -999, -999, -999, -999, -999
19710913, 0600,  , TS, 22.3N,  94.2W,  45,  998, -999, -999, -999, -999, -999, -999, -999, -999, -999, -999, -999, -999, -999
19710913, 1200,  , TS, 22.9N,  95.1W,  40, -999, -999, -999, -999, -999, -999, -999, -999, -999, -999, -999, -999, -999, -999
19710913, 1800,  , TS, 23.1N,  96.1W,  40, -999, -999, -999, -999, -999, -999, -999, -999, -999, -999, -999, -999, -999, -999
19710914, 0000,  , TS, 23.3N,  96.9W,  45, -999, -999, -999, -999, -999, -999, -999, -999, -999, -999, -999, -999, -999, -999
19710914, 0600,  , TS, 23.4N,  97.6W,  45, -999, -999, -999, -999, -999, -999, -999, -999, -999, -999, -999, -999, -999, -999
19710914, 1200,  , TS, 23.7N,  97.8W,  45, -999, -999, -999, -999, -999, -999, -999, -999, -999, -999, -999, -999, -999, -999
19710914, 1800,  , TS, 23.9N,  97.8W,  45,  992, -999, -999, -999, -999, -999, -999, -999, -999, -999, -999, -999, -999, -999
19710915, 0000,  , TS, 24.2N,  97.6W,  45,  989, -999, -999, -999, -999, -999, -999, -999, -999, -999, -999, -999, -999, -999
19710915, 0600,  , TS, 24.7N,  97.2W,  45, -999, -999, -999, -999, -999, -999, -999, -999, -999, -999, -999, -999, -999, -999
19710915, 1200,  , TS, 25.3N,  96.8W,  50,  984, -999, -999, -999, -999, -999, -999, -999, -999, -999, -999, -999, -999, -999
19710915, 1800,  , HU, 26.2N,  96.2W,  65,  982, -999, -999, -999, -999, -999, -999, -999, -999, -999, -999, -999, -999, -999
19710916, 0000,  , HU, 27.3N,  95.4W,  70,  979, -999, -999, -999, -999, -999, -999, -999, -999, -999, -999, -999, -999, -999
19710916, 0600,  , HU, 28.4N,  94.6W,  80,  977, -999, -999, -999, -999, -999, -999, -999, -999, -999, -999, -999, -999, -999
19710916, 1200,  , HU, 29.5N,  93.1W,  85,  978, -999, -999, -999, -999, -999, -999, -999, -999, -999, -999, -999, -999, -999
19710916, 1800,  , TS, 30.5N,  91.6W,  60, -999, -999, -999, -999, -999, -999, -999, -999, -999, -999, -999, -999, -999, -999
19710917, 0000,  , TS, 31.8N,  89.9W,  40, -999, -999, -999, -999, -999, -999, -999, -999, -999, -999, -999, -999, -999, -999
19710917, 0600,  , TD, 32.3N,  89.0W,  30, -999, -999, -999, -999, -999, -999, -999, -999, -999, -999, -999, -999, -999, -999
19710917, 1200,  , TD, 32.9N,  87.8W,  25, -999, -999, -999, -999, -999, -999, -999, -999, -999, -999, -999, -999, -999, -999
19710917, 1800,  , TD, 33.3N,  87.0W,  25, -999, -999, -999, -999, -999, -999, -999, -999, -999, -999, -999, -999, -999, -999
19710918, 0000,  , TD, 33.7N,  85.8W,  25, -999, -999, -999, -999, -999, -999, -999, -999, -999, -999, -999, -999, -999, -999
19710918, 0600,  , TD, 34.0N,  84.7W,  25, -999, -999, -999, -999, -999, -999, -999, -999, -999, -999, -999, -999, -999, -999
AL141971,             GINGER,    118,
19710906, 0000,  , TD, 25.5N,  71.5W,  25, -999, -999, -999, -999, -999, -999, -999, -999, -999, -999, -999, -999, -999, -999
19710906, 0600,  , TD, 25.2N,  71.2W,  25, -999, -999, -999, -999, -999, -999, -999, -999, -999, -999, -999, -999, -999, -999
19710906, 1200,  , TD, 25.0N,  71.0W,  25, -999, -999, -999, -999, -999, -999, -999, -999, -999, -999, -999, -999, -999, -999
19710906, 1800,  , TD, 24.8N,  70.8W,  25, -999, -999, -999, -999, -999, -999, -999, -999, -999, -999, -999, -999, -999, -999
19710907, 0000,  , TD, 24.6N,  70.5W,  25, -999, -999, -999, -999, -999, -999, -999, -999, -999, -999, -999, -999, -999, -999
19710907, 0600,  , TD, 24.4N,  70.3W,  25, -999, -999, -999, -999, -999, -999, -999, -999, -999, -999, -999, -999, -999, -999
19710907, 1200,  , TD, 24.3N,  69.9W,  25, -999, -999, -999, -999, -999, -999, -999, -999, -999, -999, -999, -999, -999, -999
19710907, 1800,  , TD, 24.7N,  69.3W,  25, -999, -999, -999, -999, -999, -999, -999, -999, -999, -999, -999, -999, -999, -999
19710908, 0000,  , TD, 25.2N,  68.8W,  25, -999, -999, -999, -999, -999, -999, -999, -999, -999, -999, -999, -999, -999, -999
19710908, 0600,  , TD, 25.5N,  68.5W,  25, -999, -999, -999, -999, -999, -999, -999, -999, -999, -999, -999, -999, -999, -999
19710908, 1200,  , TD, 25.9N,  68.2W,  25, -999, -999, -999, -999, -999, -999, -999, -999, -999, -999, -999, -999, -999, -999
19710908, 1800,  , TD, 26.3N,  68.0W,  25, -999, -999, -999, -999, -999, -999, -999, -999, -999, -999, -999, -999, -999, -999
19710909, 0000,  , TD, 26.6N,  67.9W,  25, -999, -999, -999, -999, -999, -999, -999, -999, -999, -999, -999, -999, -999, -999
19710909, 0600,  , TD, 26.8N,  67.7W,  25, -999, -999, -999, -999, -999, -999, -999, -999, -999, -999, -999, -999, -999, -999
19710909, 1200,  , TD, 27.0N,  67.6W,  25, 1008, -999, -999, -999, -999, -999, -999, -999, -999, -999, -999, -999, -999, -999
19710909, 1800,  , TD, 27.3N,  67.4W,  30, -999, -999, -999, -999, -999, -999, -999, -999, -999, -999, -999, -999, -999, -999
19710910, 0000,  , TD, 27.6N,  67.0W,  30, -999, -999, -999, -999, -999, -999, -999, -999, -999, -999, -999, -999, -999, -999
19710910, 0600,  , TD, 27.7N,  66.6W,  30, -999, -999, -999, -999, -999, -999, -999, -999, -999, -999, -999, -999, -999, -999
19710910, 1200,  , TS, 27.7N,  66.1W,  40, 1003, -999, -999, -999, -999, -999, -999, -999, -999, -999, -999, -999, -999, -999
19710910, 1800,  , TS, 27.7N,  65.5W,  45, -999, -999, -999, -999, -999, -999, -999, -999, -999, -999, -999, -999, -999, -999
19710911, 0000,  , TS, 27.7N,  65.0W,  50, -999, -999, -999, -999, -999, -999, -999, -999, -999, -999, -999, -999, -999, -999
19710911, 0600,  , TS, 27.8N,  64.2W,  55, -999, -999, -999, -999, -999, -999, -999, -999, -999, -999, -999, -999, -999, -999
19710911, 1200,  , HU, 27.9N,  63.3W,  65,  991, -999, -999, -999, -999, -999, -999, -999, -999, -999, -999, -999, -999, -999
19710911, 1800,  , HU, 28.3N,  62.4W,  65, -999, -999, -999, -999, -999, -999, -999, -999, -999, -999, -999, -999, -999, -999
19710912, 0000,  , HU, 28.9N,  61.6W,  70, -999, -999, -999, -999, -999, -999, -999, -999, -999, -999, -999, -999, -999, -999
19710912, 0600,  , HU, 29.6N,  60.7W,  75, -999, -999, -999, -999, -999, -999, -999, -999, -999, -999, -999, -999, -999, -999
19710912, 1200,  , HU, 30.3N,  59.9W,  75,  985, -999, -999, -999, -999, -999, -999, -999, -999, -999, -999, -999, -999, -999
19710912, 1800,  , HU, 31.1N,  59.0W,  80, -999, -999, -999, -999, -999, -999, -999, -999, -999, -999, -999, -999, -999, -999
19710913, 0000,  , HU, 31.7N,  58.2W,  80, -999, -999, -999, -999, -999, -999, -999, -999, -999, -999, -999, -999, -999, -999
19710913, 0600,  , HU, 32.3N,  57.2W,  85, -999, -999, -999, -999, -999, -999, -999, -999, -999, -999, -999, -999, -999, -999
19710913, 1200,  , HU, 32.7N,  56.1W,  85, -999, -999, -999, -999, -999, -999, -999, -999, -999, -999, -999, -999, -999, -999
19710913, 1800,  , HU, 33.0N,  54.9W,  90,  959, -999, -999, -999, -999, -999, -999, -999, -999, -999, -999, -999, -999, -999
19710914, 0000,  , HU, 33.3N,  53.3W,  95, -999, -999, -999, -999, -999, -999, -999, -999, -999, -999, -999, -999, -999, -999
19710914, 0600,  , HU, 33.6N,  52.7W,  90, -999, -999, -999, -999, -999, -999, -999, -999, -999, -999, -999, -999, -999, -999
19710914, 1200,  , HU, 33.7N,  50.1W,  85, -999, -999, -999, -999, -999, -999, -999, -999, -999, -999, -999, -999, -999, -999
19710914, 1800,  , HU, 33.3N,  48.3W,  80,  964, -999, -999, -999, -999, -999, -999, -999, -999, -999, -999, -999, -999, -999
19710915, 0000,  , HU, 33.0N,  48.4W,  75, -999, -999, -999, -999, -999, -999, -999, -999, -999, -999, -999, -999, -999, -999
19710915, 0600,  , HU, 32.9N,  48.7W,  75, -999, -999, -999, -999, -999, -999, -999, -999, -999, -999, -999, -999, -999, -999
19710915, 1200,  , HU, 32.8N,  49.1W,  70,  981, -999, -999, -999, -999, -999, -999, -999, -999, -999, -999, -999, -999, -999
19710915, 1800,  , HU, 32.7N,  49.4W,  70, -999, -999, -999, -999, -999, -999, -999, -999, -999, -999, -999, -999, -999, -999
19710916, 0000,  , HU, 32.7N,  49.6W,  70, -999, -999, -999, -999, -999, -999, -999, -999, -999, -999, -999, -999, -999, -999
19710916, 0600,  , HU, 32.7N,  49.8W,  70, -999, -999, -999, -999, -999, -999, -999, -999, -999, -999, -999, -999, -999, -999
19710916, 1200,  , HU, 32.7N,  50.1W,  65,  987, -999, -999, -999, -999, -999, -999, -999, -999, -999, -999, -999, -999, -999
19710916, 1800,  , HU, 32.7N,  50.5W,  65, -999, -999, -999, -999, -999, -999, -999, -999, -999, -999, -999, -999, -999, -999
19710917, 0000,  , HU, 32.7N,  51.0W,  65,  987, -999, -999, -999, -999, -999, -999, -999, -999, -999, -999, -999, -999, -999
19710917, 0600,  , HU, 32.7N,  51.5W,  65, -999, -999, -999, -999, -999, -999, -999, -999, -999, -999, -999, -999, -999, -999
19710917, 1200,  , HU, 32.7N,  51.9W,  65,  992, -999, -999, -999, -999, -999, -999, -999, -999, -999, -999, -999, -999, -999
19710917, 1800,  , HU, 32.6N,  52.2W,  65, -999, -999, -999, -999, -999, -999, -999, -999, -999, -999, -999, -999, -999, -999
19710918, 0000,  , HU, 32.5N,  52.4W,  65, -999, -999, -999, -999, -999, -999, -999, -999, -999, -999, -999, -999, -999, -999
19710918, 0600,  , HU, 32.3N,  52.6W,  65, -999, -999, -999, -999, -999, -999, -999, -999, -999, -999, -999, -999, -999, -999
19710918, 1200,  , HU, 32.1N,  52.8W,  65, -999, -999, -999, -999, -999, -999, -999, -999, -999, -999, -999, -999, -999, -999
19710918, 1800,  , HU, 31.8N,  52.8W,  65, -999, -999, -999, -999, -999, -999, -999, -999, -999, -999, -999, -999, -999, -999
19710919, 0000,  , HU, 31.4N,  52.6W,  65, -999, -999, -999, -999, -999, -999, -999, -999, -999, -999, -999, -999, -999, -999
19710919, 0600,  , HU, 31.0N,  52.2W,  65, -999, -999, -999, -999, -999, -999, -999, -999, -999, -999, -999, -999, -999, -999
19710919, 1200,  , HU, 31.0N,  51.7W,  65,  987, -999, -999, -999, -999, -999, -999, -999, -999, -999, -999, -999, -999, -999
19710919, 1800,  , HU, 31.2N,  51.6W,  65, -999, -999, -999, -999, -999, -999, -999, -999, -999, -999, -999, -999, -999, -999
19710920, 0000,  , HU, 31.4N,  51.7W,  65, -999, -999, -999, -999, -999, -999, -999, -999, -999, -999, -999, -999, -999, -999
19710920, 0600,  , HU, 31.6N,  51.8W,  65, -999, -999, -999, -999, -999, -999, -999, -999, -999, -999, -999, -999, -999, -999
19710920, 1200,  , HU, 31.7N,  52.0W,  65, -999, -999, -999, -999, -999, -999, -999, -999, -999, -999, -999, -999, -999, -999
19710920, 1800,  , HU, 31.8N,  52.4W,  65, -999, -999, -999, -999, -999, -999, -999, -999, -999, -999, -999, -999, -999, -999
19710921, 0000,  , HU, 31.7N,  53.0W,  65, -999, -999, -999, -999, -999, -999, -999, -999, -999, -999, -999, -999, -999, -999
19710921, 0600,  , HU, 31.6N,  53.5W,  65, -999, -999, -999, -999, -999, -999, -999, -999, -999, -999, -999, -999, -999, -999
19710921, 1200,  , HU, 31.5N,  54.2W,  65,  993, -999, -999, -999, -999, -999, -999, -999, -999, -999, -999, -999, -999, -999
19710921, 1800,  , HU, 31.4N,  55.2W,  65, -999, -999, -999, -999, -999, -999, -999, -999, -999, -999, -999, -999, -999, -999
19710922, 0000,  , HU, 31.3N,  56.5W,  65,  994, -999, -999, -999, -999, -999, -999, -999, -999, -999, -999, -999, -999, -999
19710922, 0600,  , HU, 31.3N,  57.8W,  65,  995, -999, -999, -999, -999, -999, -999, -999, -999, -999, -999, -999, -999, -999
19710922, 1200,  , HU, 31.2N,  59.2W,  65,  995, -999, -999, -999, -999, -999, -999, -999, -999, -999, -999, -999, -999, -999
19710922, 1800,  , HU, 31.1N,  60.3W,  80,  994, -999, -999, -999, -999, -999, -999, -999, -999, -999, -999, -999, -999, -999
19710923, 0000,  , HU, 31.0N,  61.5W,  80,  993, -999, -999, -999, -999, -999, -999, -999, -999, -999, -999, -999, -999, -999
19710923, 0600,  , HU, 30.9N,  62.8W,  80,  993, -999, -999, -999, -999, -999, -999, -999, -999, -999, -999, -999, -999, -999
19710923, 1200,  , HU, 30.8N,  64.0W,  75,  994, -999, -999, -999, -999, -999, -999, -999, -999, -999, -999, -999, -999, -999
19710923, 1800,  , HU, 30.5N,  65.1W,  75,  992, -999, -999, -999, -999, -999, -999, -999, -999, -999, -999, -999, -999, -999
19710924, 0000,  , HU, 30.1N,  66.2W,  75,  988, -999, -999, -999, -999, -999, -999, -999, -999, -999, -999, -999, -999, -999
19710924, 0600,  , HU, 30.0N,  67.1W,  75,  986, -999, -999, -999, -999, -999, -999, -999, -999, -999, -999, -999, -999, -999
19710924, 1200,  , HU, 30.0N,  67.5W,  70,  993, -999, -999, -999, -999, -999, -999, -999, -999, -999, -999, -999, -999, -999
19710924, 1800,  , HU, 29.9N,  67.8W,  70,  988, -999, -999, -999, -999, -999, -999, -999, -999, -999, -999, -999, -999, -999
19710925, 0000,  , HU, 29.8N,  68.2W,  70,  980, -999, -999, -999, -999, -999, -999, -999, -999, -999, -999, -999, -999, -999
19710925, 0600,  , HU, 29.6N,  68.4W,  70,  981, -999, -999, -999, -999, -999, -999, -999, -999, -999, -999, -999, -999, -999
19710925, 1200,  , HU, 29.4N,  68.5W,  75,  984, -999, -999, -999, -999, -999, -999, -999, -999, -999, -999, -999, -999, -999
19710925, 1800,  , HU, 29.2N,  68.6W,  75,  980, -999, -999, -999, -999, -999, -999, -999, -999, -999, -999, -999, -999, -999
19710926, 0000,  , HU, 28.8N,  68.8W,  75,  976, -999, -999, -999, -999, -999, -999, -999, -999, -999, -999, -999, -999, -999
19710926, 0600,  , HU, 28.4N,  69.0W,  70,  976, -999, -999, -999, -999, -999, -999, -999, -999, -999, -999, -999, -999, -999
19710926, 1200,  , HU, 28.2N,  69.3W,  65,  982, -999, -999, -999, -999, -999, -999, -999, -999, -999, -999, -999, -999, -999
19710926, 1800,  , HU, 28.0N,  69.7W,  70,  983, -999, -999, -999, -999, -999, -999, -999, -999, -999, -999, -999, -999, -999
19710927, 0000,  , HU, 27.9N,  70.2W,  70,  980, -999, -999, -999, -999, -999, -999, -999, -999, -999, -999, -999, -999, -999
19710927, 0600,  , HU, 28.0N,  70.4W,  75,  978, -999, -999, -999, -999, -999, -999, -999, -999, -999, -999, -999, -999, -999
19710927, 1200,  , HU, 28.2N,  70.6W,  80,  975, -999, -999, -999, -999, -999, -999, -999, -999, -999, -999, -999, -999, -999
19710927, 1800,  , HU, 28.4N,  70.9W,  80,  969, -999, -999, -999, -999, -999, -999, -999, -999, -999, -999, -999, -999, -999
19710928, 0000,  , HU, 28.7N,  71.0W,  80,  969, -999, -999, -999, -999, -999, -999, -999, -999, -999, -999, -999, -999, -999
19710928, 0600,  , HU, 29.1N,  71.1W,  80,  976, -999, -999, -999, -999, -999, -999, -999, -999, -999, -999, -999, -999, -999
19710928, 1200,  , HU, 29.5N,  71.3W,  80,  981, -999, -999, -999, -999, -999, -999, -999, -999, -999, -999, -999, -999, -999
19710928, 1800,  , HU, 30.0N,  71.7W,  85,  980, -999, -999, -999, -999, -999, -999, -999, -999, -999, -999, -999, -999, -999
19710929, 0000,  , HU, 30.5N,  72.2W,  85,  985, -999, -999, -999, -999, -999, -999, -999, -999, -999, -999, -999, -999, -999
19710929, 0600,  , HU, 31.0N,  72.8W,  90,  982, -999, -999, -999, -999, -999, -999, -999, -999, -999, -999, -999, -999, -999
19710929, 1200,  , HU, 31.6N,  73.5W,  90,  983, -999, -999, -999, -999, -999, -999, -999, -999, -999, -999, -999, -999, -999
19710929, 1800,  , HU, 32.3N,  74.4W,  90,  985, -999, -999, -999, -999, -999, -999, -999, -999, -999, -999, -999, -999, -999
19710930, 0000,  , HU, 32.9N,  75.0W,  85,  988, -999, -999, -999, -999, -999, -999, -999, -999, -999, -999, -999, -999, -999
19710930, 0600,  , HU, 33.5N,  75.5W,  80,  985, -999, -999, -999, -999, -999, -999, -999, -999, -999, -999, -999, -999, -999
19710930, 1200,  , HU, 34.0N,  76.0W,  75,  985, -999, -999, -999, -999, -999, -999, -999, -999, -999, -999, -999, -999, -999
19710930, 1800,  , HU, 34.5N,  76.5W,  65,  984, -999, -999, -999, -999, -999, -999, -999, -999, -999, -999, -999, -999, -999
19711001, 0000,  , TS, 34.7N,  77.0W,  60,  991, -999, -999, -999, -999, -999, -999, -999, -999, -999, -999, -999, -999, -999
19711001, 0600,  , TS, 34.8N,  77.5W,  55,  997, -999, -999, -999, -999, -999, -999, -999, -999, -999, -999, -999, -999, -999
19711001, 1200,  , TS, 34.9N,  78.0W,  45, 1000, -999, -999, -999, -999, -999, -999, -999, -999, -999, -999, -999, -999, -999
19711001, 1800,  , TD, 35.2N,  78.2W,  30, 1004, -999, -999, -999, -999, -999, -999, -999, -999, -999, -999, -999, -999, -999
19711002, 0000,  , TD, 35.6N,  78.3W,  30, -999, -999, -999, -999, -999, -999, -999, -999, -999, -999, -999, -999, -999, -999
19711002, 0600,  , TD, 36.2N,  78.2W,  30, -999, -999, -999, -999, -999, -999, -999, -999, -999, -999, -999, -999, -999, -999
19711002, 1200,  , TD, 36.8N,  78.1W,  30, -999, -999, -999, -999, -999, -999, -999, -999, -999, -999, -999, -999, -999, -999
19711002, 1800,  , TD, 37.2N,  77.7W,  30, -999, -999, -999, -999, -999, -999, -999, -999, -999, -999, -999, -999, -999, -999
19711003, 0000,  , TD, 37.3N,  76.8W,  30, -999, -999, -999, -999, -999, -999, -999, -999, -999, -999, -999, -999, -999, -999
19711003, 0600,  , EX, 37.2N,  75.9W,  30, 1008, -999, -999, -999, -999, -999, -999, -999, -999, -999, -999, -999, -999, -999
19711003, 1200,  , EX, 37.0N,  75.0W,  30, -999, -999, -999, -999, -999, -999, -999, -999, -999, -999, -999, -999, -999, -999
19711003, 1800,  , EX, 36.7N,  74.1W,  30, -999, -999, -999, -999, -999, -999, -999, -999, -999, -999, -999, -999, -999, -999
19711004, 0000,  , EX, 36.4N,  73.3W,  30, -999, -999, -999, -999, -999, -999, -999, -999, -999, -999, -999, -999, -999, -999
19711004, 0600,  , EX, 36.1N,  72.7W,  30, -999, -999, -999, -999, -999, -999, -999, -999, -999, -999, -999, -999, -999, -999
19711004, 1200,  , EX, 35.9N,  72.0W,  25, -999, -999, -999, -999, -999, -999, -999, -999, -999, -999, -999, -999, -999, -999
19711004, 1800,  , EX, 35.8N,  71.3W,  25, -999, -999, -999, -999, -999, -999, -999, -999, -999, -999, -999, -999, -999, -999
19711005, 0000,  , EX, 35.7N,  70.6W,  25, -999, -999, -999, -999, -999, -999, -999, -999, -999, -999, -999, -999, -999, -999
19711005, 0600,  , EX, 35.7N,  69.9W,  25, -999, -999, -999, -999, -999, -999, -999, -999, -999, -999, -999, -999, -999, -999
AL151971,            UNNAMED,     13,
19710908, 1200,  , TD, 28.5N,  73.5W,  20, -999, -999, -999, -999, -999, -999, -999, -999, -999, -999, -999, -999, -999, -999
19710908, 1800,  , TD, 29.2N,  73.2W,  20, -999, -999, -999, -999, -999, -999, -999, -999, -999, -999, -999, -999, -999, -999
19710909, 0000,  , TD, 30.0N,  73.0W,  25, -999, -999, -999, -999, -999, -999, -999, -999, -999, -999, -999, -999, -999, -999
19710909, 0600,  , TD, 30.7N,  73.2W,  25, -999, -999, -999, -999, -999, -999, -999, -999, -999, -999, -999, -999, -999, -999
19710909, 1200,  , TD, 31.5N,  73.5W,  25, -999, -999, -999, -999, -999, -999, -999, -999, -999, -999, -999, -999, -999, -999
19710909, 1800,  , TD, 31.8N,  75.6W,  25, -999, -999, -999, -999, -999, -999, -999, -999, -999, -999, -999, -999, -999, -999
19710910, 0000,  , TD, 32.1N,  75.7W,  25, -999, -999, -999, -999, -999, -999, -999, -999, -999, -999, -999, -999, -999, -999
19710910, 0600,  , TD, 32.5N,  76.8W,  25, -999, -999, -999, -999, -999, -999, -999, -999, -999, -999, -999, -999, -999, -999
19710910, 1200,  , TD, 33.0N,  78.0W,  25, -999, -999, -999, -999, -999, -999, -999, -999, -999, -999, -999, -999, -999, -999
19710910, 1800,  , TD, 32.9N,  78.7W,  20, -999, -999, -999, -999, -999, -999, -999, -999, -999, -999, -999, -999, -999, -999
19710911, 0000,  , TD, 32.8N,  79.5W,  20, -999, -999, -999, -999, -999, -999, -999, -999, -999, -999, -999, -999, -999, -999
19710911, 0600,  , TD, 32.7N,  80.2W,  20, -999, -999, -999, -999, -999, -999, -999, -999, -999, -999, -999, -999, -999, -999
19710911, 1200,  , TD, 32.5N,  81.0W, -99, -999, -999, -999, -999, -999, -999, -999, -999, -999, -999, -999, -999, -999, -999
AL161971,            UNNAMED,     17,
19710910, 1200,  , TD, 16.0N,  16.0W,  20, -999, -999, -999, -999, -999, -999, -999, -999, -999, -999, -999, -999, -999, -999
19710910, 1800,  , TD, 16.0N,  18.0W,  20, -999, -999, -999, -999, -999, -999, -999, -999, -999, -999, -999, -999, -999, -999
19710911, 0000,  , TD, 16.0N,  20.0W,  25, -999, -999, -999, -999, -999, -999, -999, -999, -999, -999, -999, -999, -999, -999
19710911, 0600,  , TD, 16.0N,  22.0W,  25, -999, -999, -999, -999, -999, -999, -999, -999, -999, -999, -999, -999, -999, -999
19710911, 1200,  , TD, 16.0N,  24.0W,  25, -999, -999, -999, -999, -999, -999, -999, -999, -999, -999, -999, -999, -999, -999
19710911, 1800,  , TD, 16.0N,  25.4W,  25, -999, -999, -999, -999, -999, -999, -999, -999, -999, -999, -999, -999, -999, -999
19710912, 0000,  , TD, 16.0N,  26.8W,  30, -999, -999, -999, -999, -999, -999, -999, -999, -999, -999, -999, -999, -999, -999
19710912, 0600,  , TD, 16.0N,  28.1W,  30, -999, -999, -999, -999, -999, -999, -999, -999, -999, -999, -999, -999, -999, -999
19710912, 1200,  , TD, 16.0N,  29.5W,  30, -999, -999, -999, -999, -999, -999, -999, -999, -999, -999, -999, -999, -999, -999
19710912, 1800,  , TD, 16.2N,  31.0W,  30, -999, -999, -999, -999, -999, -999, -999, -999, -999, -999, -999, -999, -999, -999
19710913, 0000,  , TD, 16.5N,  32.5W,  30, -999, -999, -999, -999, -999, -999, -999, -999, -999, -999, -999, -999, -999, -999
19710913, 0600,  , TD, 16.7N,  33.0W,  25, -999, -999, -999, -999, -999, -999, -999, -999, -999, -999, -999, -999, -999, -999
19710913, 1200,  , TD, 17.0N,  35.5W,  25, -999, -999, -999, -999, -999, -999, -999, -999, -999, -999, -999, -999, -999, -999
19710913, 1800,  , TD, 17.3N,  37.4W,  25, -999, -999, -999, -999, -999, -999, -999, -999, -999, -999, -999, -999, -999, -999
19710914, 0000,  , TD, 17.7N,  39.2W,  25, -999, -999, -999, -999, -999, -999, -999, -999, -999, -999, -999, -999, -999, -999
19710914, 0600,  , TD, 18.1N,  41.1W,  20, -999, -999, -999, -999, -999, -999, -999, -999, -999, -999, -999, -999, -999, -999
19710914, 1200,  , TD, 18.5N,  43.0W,  20, -999, -999, -999, -999, -999, -999, -999, -999, -999, -999, -999, -999, -999, -999
AL171971,              HEIDI,     17,
19710911, 0000,  , TD, 27.1N,  72.0W,  30, -999, -999, -999, -999, -999, -999, -999, -999, -999, -999, -999, -999, -999, -999
19710911, 0600,  , TD, 27.2N,  72.3W,  30, -999, -999, -999, -999, -999, -999, -999, -999, -999, -999, -999, -999, -999, -999
19710911, 1200,  , TD, 27.5N,  72.8W,  30, -999, -999, -999, -999, -999, -999, -999, -999, -999, -999, -999, -999, -999, -999
19710911, 1800,  , TD, 27.9N,  73.3W,  30, -999, -999, -999, -999, -999, -999, -999, -999, -999, -999, -999, -999, -999, -999
19710912, 0000,  , TD, 28.6N,  73.8W,  30, 1006, -999, -999, -999, -999, -999, -999, -999, -999, -999, -999, -999, -999, -999
19710912, 0600,  , TS, 29.2N,  74.0W,  40, -999, -999, -999, -999, -999, -999, -999, -999, -999, -999, -999, -999, -999, -999
19710912, 1200,  , TS, 30.0N,  73.9W,  45, 1001, -999, -999, -999, -999, -999, -999, -999, -999, -999, -999, -999, -999, -999
19710912, 1800,  , TS, 30.8N,  73.5W,  45,  998, -999, -999, -999, -999, -999, -999, -999, -999, -999, -999, -999, -999, -999
19710913, 0000,  , TS, 31.7N,  72.8W,  45, -999, -999, -999, -999, -999, -999, -999, -999, -999, -999, -999, -999, -999, -999
19710913, 0600,  , TS, 32.7N,  72.0W,  45, -999, -999, -999, -999, -999, -999, -999, -999, -999, -999, -999, -999, -999, -999
19710913, 1200,  , TS, 33.8N,  71.3W,  45,  998, -999, -999, -999, -999, -999, -999, -999, -999, -999, -999, -999, -999, -999
19710913, 1800,  , TS, 35.3N,  70.3W,  50,  996, -999, -999, -999, -999, -999, -999, -999, -999, -999, -999, -999, -999, -999
19710914, 0000,  , TS, 37.1N,  69.9W,  55, -999, -999, -999, -999, -999, -999, -999, -999, -999, -999, -999, -999, -999, -999
19710914, 0600,  , TS, 39.4N,  69.3W,  50, -999, -999, -999, -999, -999, -999, -999, -999, -999, -999, -999, -999, -999, -999
19710914, 1200,  , TS, 41.6N,  68.8W,  50, -999, -999, -999, -999, -999, -999, -999, -999, -999, -999, -999, -999, -999, -999
19710914, 1800,  , TS, 43.7N,  68.7W,  40,  998, -999, -999, -999, -999, -999, -999, -999, -999, -999, -999, -999, -999, -999
19710915, 0000,  , TD, 45.5N,  69.0W,  25, 1002, -999, -999, -999, -999, -999, -999, -999, -999, -999, -999, -999, -999, -999
AL181971,              IRENE,     37,
19710911, 1800,  , TD, 11.0N,  48.5W,  25, 1009, -999, -999, -999, -999, -999, -999, -999, -999, -999, -999, -999, -999, -999
19710912, 0000,  , TD, 11.3N,  50.3W,  25, -999, -999, -999, -999, -999, -999, -999, -999, -999, -999, -999, -999, -999, -999
19710912, 0600,  , TD, 11.8N,  52.2W,  25, -999, -999, -999, -999, -999, -999, -999, -999, -999, -999, -999, -999, -999, -999
19710912, 1200,  , TD, 12.1N,  53.8W,  25, 1009, -999, -999, -999, -999, -999, -999, -999, -999, -999, -999, -999, -999, -999
19710912, 1800,  , TD, 12.5N,  55.0W,  25, -999, -999, -999, -999, -999, -999, -999, -999, -999, -999, -999, -999, -999, -999
19710913, 0000,  , TD, 12.5N,  56.5W,  25, -999, -999, -999, -999, -999, -999, -999, -999, -999, -999, -999, -999, -999, -999
19710913, 0600,  , TD, 12.5N,  57.8W,  25, -999, -999, -999, -999, -999, -999, -999, -999, -999, -999, -999, -999, -999, -999
19710913, 1200,  , TD, 12.5N,  59.0W,  25, -999, -999, -999, -999, -999, -999, -999, -999, -999, -999, -999, -999, -999, -999
19710913, 1800,  , TD, 12.3N,  59.8W,  25, -999, -999, -999, -999, -999, -999, -999, -999, -999, -999, -999, -999, -999, -999
19710914, 0000,  , TD, 12.2N,  60.3W,  25, -999, -999, -999, -999, -999, -999, -999, -999, -999, -999, -999, -999, -999, -999
19710914, 0600,  , TD, 12.1N,  60.8W,  25, -999, -999, -999, -999, -999, -999, -999, -999, -999, -999, -999, -999, -999, -999
19710914, 1200,  , TD, 12.0N,  61.4W,  25, 1007, -999, -999, -999, -999, -999, -999, -999, -999, -999, -999, -999, -999, -999
19710914, 1800,  , TD, 11.9N,  62.1W,  25, -999, -999, -999, -999, -999, -999, -999, -999, -999, -999, -999, -999, -999, -999
19710915, 0000,  , TD, 11.7N,  63.0W,  30, -999, -999, -999, -999, -999, -999, -999, -999, -999, -999, -999, -999, -999, -999
19710915, 0600,  , TD, 11.5N,  64.0W,  30, -999, -999, -999, -999, -999, -999, -999, -999, -999, -999, -999, -999, -999, -999
19710915, 1200,  , TD, 11.4N,  65.0W,  30, -999, -999, -999, -999, -999, -999, -999, -999, -999, -999, -999, -999, -999, -999
19710915, 1800,  , TD, 11.5N,  66.2W,  30, -999, -999, -999, -999, -999, -999, -999, -999, -999, -999, -999, -999, -999, -999
19710916, 0000,  , TD, 11.9N,  67.5W,  30, -999, -999, -999, -999, -999, -999, -999, -999, -999, -999, -999, -999, -999, -999
19710916, 0600,  , TD, 12.2N,  69.0W,  30, -999, -999, -999, -999, -999, -999, -999, -999, -999, -999, -999, -999, -999, -999
19710916, 1200,  , TD, 12.5N,  70.5W,  30, -999, -999, -999, -999, -999, -999, -999, -999, -999, -999, -999, -999, -999, -999
19710916, 1800,  , TD, 12.6N,  71.7W,  30, -999, -999, -999, -999, -999, -999, -999, -999, -999, -999, -999, -999, -999, -999
19710917, 0000,  , TS, 12.5N,  73.0W,  35, -999, -999, -999, -999, -999, -999, -999, -999, -999, -999, -999, -999, -999, -999
19710917, 0600,  , TS, 12.4N,  74.5W,  35, -999, -999, -999, -999, -999, -999, -999, -999, -999, -999, -999, -999, -999, -999
19710917, 1200,  , TS, 12.3N,  76.0W,  40, 1005, -999, -999, -999, -999, -999, -999, -999, -999, -999, -999, -999, -999, -999
19710917, 1800,  , TS, 12.1N,  77.5W,  45, -999, -999, -999, -999, -999, -999, -999, -999, -999, -999, -999, -999, -999, -999
19710918, 0000,  , TS, 12.0N,  79.0W,  50, -999, -999, -999, -999, -999, -999, -999, -999, -999, -999, -999, -999, -999, -999
19710918, 0600,  , TS, 11.7N,  80.5W,  55, 1002, -999, -999, -999, -999, -999, -999, -999, -999, -999, -999, -999, -999, -999
19710918, 1200,  , TS, 11.5N,  81.5W,  60, -999, -999, -999, -999, -999, -999, -999, -999, -999, -999, -999, -999, -999, -999
19710918, 1800,  , HU, 11.4N,  82.3W,  70,  993, -999, -999, -999, -999, -999, -999, -999, -999, -999, -999, -999, -999, -999
19710919, 0000,  , HU, 11.3N,  82.9W,  65,  989, -999, -999, -999, -999, -999, -999, -999, -999, -999, -999, -999, -999, -999
19710919, 0600,  , HU, 11.4N,  83.5W,  65, -999, -999, -999, -999, -999, -999, -999, -999, -999, -999, -999, -999, -999, -999
19710919, 1200,  , TS, 11.5N,  84.3W,  60, -999, -999, -999, -999, -999, -999, -999, -999, -999, -999, -999, -999, -999, -999
19710919, 1800,  , TS, 11.7N,  85.0W,  50, -999, -999, -999, -999, -999, -999, -999, -999, -999, -999, -999, -999, -999, -999
19710920, 0000,  , TD, 11.9N,  85.8W,  30, -999, -999, -999, -999, -999, -999, -999, -999, -999, -999, -999, -999, -999, -999
19710920, 0600,  , TD, 12.2N,  86.5W,  30, -999, -999, -999, -999, -999, -999, -999, -999, -999, -999, -999, -999, -999, -999
19710920, 1200,  , TS, 12.3N,  87.2W,  35, -999, -999, -999, -999, -999, -999, -999, -999, -999, -999, -999, -999, -999, -999
19710920, 1800,  , TS, 12.5N,  87.9W,  35, -999, -999, -999, -999, -999, -999, -999, -999, -999, -999, -999, -999, -999, -999
AL191971,             JANICE,     15,
19710921, 0600,  , TD, 11.5N,  38.8W,  25, -999, -999, -999, -999, -999, -999, -999, -999, -999, -999, -999, -999, -999, -999
19710921, 1200,  , TD, 11.6N,  40.9W,  25, -999, -999, -999, -999, -999, -999, -999, -999, -999, -999, -999, -999, -999, -999
19710921, 1800,  , TD, 11.7N,  42.7W,  30, -999, -999, -999, -999, -999, -999, -999, -999, -999, -999, -999, -999, -999, -999
19710922, 0000,  , TD, 11.8N,  44.3W,  30, -999, -999, -999, -999, -999, -999, -999, -999, -999, -999, -999, -999, -999, -999
19710922, 0600,  , TS, 12.0N,  45.8W,  40, -999, -999, -999, -999, -999, -999, -999, -999, -999, -999, -999, -999, -999, -999
19710922, 1200,  , TS, 12.4N,  47.2W,  40, 1009, -999, -999, -999, -999, -999, -999, -999, -999, -999, -999, -999, -999, -999
19710922, 1800,  , TS, 13.1N,  48.5W,  55, 1005, -999, -999, -999, -999, -999, -999, -999, -999, -999, -999, -999, -999, -999
19710923, 0000,  , TS, 13.7N,  49.9W,  55, -999, -999, -999, -999, -999, -999, -999, -999, -999, -999, -999, -999, -999, -999
19710923, 0600,  , TS, 14.4N,  51.2W,  50, -999, -999, -999, -999, -999, -999, -999, -999, -999, -999, -999, -999, -999, -999
19710923, 1200,  , TS, 15.0N,  52.6W,  50, -999, -999, -999, -999, -999, -999, -999, -999, -999, -999, -999, -999, -999, -999
19710923, 1800,  , TS, 15.8N,  53.9W,  45, -999, -999, -999, -999, -999, -999, -999, -999, -999, -999, -999, -999, -999, -999
19710924, 0000,  , TS, 16.3N,  55.2W,  45, -999, -999, -999, -999, -999, -999, -999, -999, -999, -999, -999, -999, -999, -999
19710924, 0600,  , TS, 17.1N,  57.0W,  35, 1006, -999, -999, -999, -999, -999, -999, -999, -999, -999, -999, -999, -999, -999
19710924, 1200,  , TD, 18.1N,  58.6W,  30, -999, -999, -999, -999, -999, -999, -999, -999, -999, -999, -999, -999, -999, -999
19710924, 1800,  , TD, 19.4N,  60.0W,  30, -999, -999, -999, -999, -999, -999, -999, -999, -999, -999, -999, -999, -999, -999
AL201971,            UNNAMED,     33,
19711006, 1200,  , TD, 17.5N,  84.5W,  20, -999, -999, -999, -999, -999, -999, -999, -999, -999, -999, -999, -999, -999, -999
19711006, 1800,  , TD, 17.7N,  85.0W,  25, -999, -999, -999, -999, -999, -999, -999, -999, -999, -999, -999, -999, -999, -999
19711007, 0000,  , TD, 18.0N,  85.5W,  25, -999, -999, -999, -999, -999, -999, -999, -999, -999, -999, -999, -999, -999, -999
19711007, 0600,  , TD, 18.2N,  86.0W,  25, -999, -999, -999, -999, -999, -999, -999, -999, -999, -999, -999, -999, -999, -999
19711007, 1200,  , TD, 18.5N,  86.5W,  25, -999, -999, -999, -999, -999, -999, -999, -999, -999, -999, -999, -999, -999, -999
19711007, 1800,  , TD, 18.7N,  87.0W,  25, -999, -999, -999, -999, -999, -999, -999, -999, -999, -999, -999, -999, -999, -999
19711008, 0000,  , TD, 19.0N,  87.5W,  20, -999, -999, -999, -999, -999, -999, -999, -999, -999, -999, -999, -999, -999, -999
19711008, 0600,  , TD, 19.3N,  88.0W,  20, -999, -999, -999, -999, -999, -999, -999, -999, -999, -999, -999, -999, -999, -999
19711008, 1200,  , TD, 19.5N,  88.5W,  20, -999, -999, -999, -999, -999, -999, -999, -999, -999, -999, -999, -999, -999, -999
19711008, 1800,  , TD, 19.8N,  89.1W,  20, -999, -999, -999, -999, -999, -999, -999, -999, -999, -999, -999, -999, -999, -999
19711009, 0000,  , TD, 20.2N,  89.7W,  20, -999, -999, -999, -999, -999, -999, -999, -999, -999, -999, -999, -999, -999, -999
19711009, 0600,  , TD, 20.6N,  90.3W,  20, -999, -999, -999, -999, -999, -999, -999, -999, -999, -999, -999, -999, -999, -999
19711009, 1200,  , TD, 21.0N,  91.0W,  20, -999, -999, -999, -999, -999, -999, -999, -999, -999, -999, -999, -999, -999, -999
19711009, 1800,  , TD, 21.5N,  90.5W,  25, -999, -999, -999, -999, -999, -999, -999, -999, -999, -999, -999, -999, -999, -999
19711010, 0000,  , TD, 22.0N,  90.0W,  25, -999, -999, -999, -999, -999, -999, -999, -999, -999, -999, -999, -999, -999, -999
19711010, 0600,  , TD, 22.5N,  89.5W,  25, -999, -999, -999, -999, -999, -999, -999, -999, -999, -999, -999, -999, -999, -999
19711010, 1200,  , TD, 23.0N,  89.0W,  25, -999, -999, -999, -999, -999, -999, -999, -999, -999, -999, -999, -999, -999, -999
19711010, 1800,  , TD, 23.3N,  88.0W,  25, -999, -999, -999, -999, -999, -999, -999, -999, -999, -999, -999, -999, -999, -999
19711011, 0000,  , TD, 23.7N,  87.0W,  25, -999, -999, -999, -999, -999, -999, -999, -999, -999, -999, -999, -999, -999, -999
19711011, 0600,  , TD, 24.1N,  86.0W,  25, -999, -999, -999, -999, -999, -999, -999, -999, -999, -999, -999, -999, -999, -999
19711011, 1200,  , TD, 24.5N,  85.0W,  25, -999, -999, -999, -999, -999, -999, -999, -999, -999, -999, -999, -999, -999, -999
19711011, 1800,  , TD, 24.7N,  84.8W,  25, -999, -999, -999, -999, -999, -999, -999, -999, -999, -999, -999, -999, -999, -999
19711012, 0000,  , TD, 25.0N,  84.5W,  25, -999, -999, -999, -999, -999, -999, -999, -999, -999, -999, -999, -999, -999, -999
19711012, 0600,  , TD, 25.3N,  84.2W,  25, -999, -999, -999, -999, -999, -999, -999, -999, -999, -999, -999, -999, -999, -999
19711012, 1200,  , TD, 25.5N,  84.0W,  25, -999, -999, -999, -999, -999, -999, -999, -999, -999, -999, -999, -999, -999, -999
19711012, 1800,  , TD, 26.0N,  84.1W,  25, -999, -999, -999, -999, -999, -999, -999, -999, -999, -999, -999, -999, -999, -999
19711013, 0000,  , TD, 26.5N,  84.1W,  25, -999, -999, -999, -999, -999, -999, -999, -999, -999, -999, -999, -999, -999, -999
19711013, 0600,  , TD, 27.0N,  84.3W,  25, -999, -999, -999, -999, -999, -999, -999, -999, -999, -999, -999, -999, -999, -999
19711013, 1200,  , TD, 27.5N,  84.5W,  25, -999, -999, -999, -999, -999, -999, -999, -999, -999, -999, -999, -999, -999, -999
19711013, 1800,  , TD, 28.1N,  84.6W,  25, -999, -999, -999, -999, -999, -999, -999, -999, -999, -999, -999, -999, -999, -999
19711014, 0000,  , TD, 28.7N,  84.7W,  25, -999, -999, -999, -999, -999, -999, -999, -999, -999, -999, -999, -999, -999, -999
19711014, 0600,  , TD, 29.3N,  84.8W,  25, -999, -999, -999, -999, -999, -999, -999, -999, -999, -999, -999, -999, -999, -999
19711014, 1200,  , TD, 30.0N,  85.0W, -99, -999, -999, -999, -999, -999, -999, -999, -999, -999, -999, -999, -999, -999, -999
AL211971,             KRISTY,     16,
19711018, 0000,  , TD, 25.0N,  58.5W,  25, -999, -999, -999, -999, -999, -999, -999, -999, -999, -999, -999, -999, -999, -999
19711018, 0600,  , TD, 26.0N,  58.0W,  25, -999, -999, -999, -999, -999, -999, -999, -999, -999, -999, -999, -999, -999, -999
19711018, 1200,  , TD, 27.0N,  57.6W,  25, -999, -999, -999, -999, -999, -999, -999, -999, -999, -999, -999, -999, -999, -999
19711018, 1800,  , TD, 28.0N,  57.3W,  25, 1009, -999, -999, -999, -999, -999, -999, -999, -999, -999, -999, -999, -999, -999
19711019, 0000,  , TD, 29.1N,  57.1W,  25, 1009, -999, -999, -999, -999, -999, -999, -999, -999, -999, -999, -999, -999, -999
19711019, 0600,  , TD, 30.0N,  56.8W,  25, -999, -999, -999, -999, -999, -999, -999, -999, -999, -999, -999, -999, -999, -999
19711019, 1200,  , TD, 31.1N,  56.3W,  25, -999, -999, -999, -999, -999, -999, -999, -999, -999, -999, -999, -999, -999, -999
19711019, 1800,  , TD, 32.5N,  54.7W,  30, 1009, -999, -999, -999, -999, -999, -999, -999, -999, -999, -999, -999, -999, -999
19711020, 0000,  , TS, 33.5N,  52.8W,  35, -999, -999, -999, -999, -999, -999, -999, -999, -999, -999, -999, -999, -999, -999
19711020, 0600,  , TS, 34.8N,  49.8W,  35, -999, -999, -999, -999, -999, -999, -999, -999, -999, -999, -999, -999, -999, -999
19711020, 1200,  , TS, 35.4N,  47.1W,  45,  997, -999, -999, -999, -999, -999, -999, -999, -999, -999, -999, -999, -999, -999
19711020, 1800,  , TS, 36.4N,  42.9W,  45,  992, -999, -999, -999, -999, -999, -999, -999, -999, -999, -999, -999, -999, -999
19711021, 0000,  , TS, 36.7N,  38.3W,  40, -999, -999, -999, -999, -999, -999, -999, -999, -999, -999, -999, -999, -999, -999
19711021, 0600,  , EX, 37.0N,  34.6W,  40, -999, -999, -999, -999, -999, -999, -999, -999, -999, -999, -999, -999, -999, -999
19711021, 1200,  , EX, 38.2N,  30.8W,  40, -999, -999, -999, -999, -999, -999, -999, -999, -999, -999, -999, -999, -999, -999
19711021, 1800,  , EX, 40.5N,  28.9W,  40, -999, -999, -999, -999, -999, -999, -999, -999, -999, -999, -999, -999, -999, -999
AL221971,              LAURA,     39,
19711112, 1200,  , TD, 12.0N,  78.5W,  25, -999, -999, -999, -999, -999, -999, -999, -999, -999, -999, -999, -999, -999, -999
19711112, 1800,  , TD, 12.3N,  78.8W,  30, -999, -999, -999, -999, -999, -999, -999, -999, -999, -999, -999, -999, -999, -999
19711113, 0000,  , TD, 12.7N,  79.0W,  30, -999, -999, -999, -999, -999, -999, -999, -999, -999, -999, -999, -999, -999, -999
19711113, 0600,  , TD, 13.3N,  79.6W,  30, -999, -999, -999, -999, -999, -999, -999, -999, -999, -999, -999, -999, -999, -999
19711113, 1200,  , TD, 13.8N,  80.0W,  30, -999, -999, -999, -999, -999, -999, -999, -999, -999, -999, -999, -999, -999, -999
19711113, 1800,  , TD, 14.5N,  80.6W,  30, -999, -999, -999, -999, -999, -999, -999, -999, -999, -999, -999, -999, -999, -999
19711114, 0000,  , TD, 15.2N,  81.3W,  30, -999, -999, -999, -999, -999, -999, -999, -999, -999, -999, -999, -999, -999, -999
19711114, 0600,  , TD, 16.0N,  82.0W,  30, -999, -999, -999, -999, -999, -999, -999, -999, -999, -999, -999, -999, -999, -999
19711114, 1200,  , TS, 16.6N,  82.5W,  35, 1004, -999, -999, -999, -999, -999, -999, -999, -999, -999, -999, -999, -999, -999
19711114, 1800,  , TS, 17.4N,  83.2W,  40, -999, -999, -999, -999, -999, -999, -999, -999, -999, -999, -999, -999, -999, -999
19711115, 0000,  , TS, 18.2N,  83.6W,  40, -999, -999, -999, -999, -999, -999, -999, -999, -999, -999, -999, -999, -999, -999
19711115, 0600,  , TS, 19.0N,  83.8W,  45, -999, -999, -999, -999, -999, -999, -999, -999, -999, -999, -999, -999, -999, -999
19711115, 1200,  , TS, 19.8N,  84.0W,  55, -999, -999, -999, -999, -999, -999, -999, -999, -999, -999, -999, -999, -999, -999
19711115, 1800,  , TS, 20.4N,  84.1W,  60, -999, -999, -999, -999, -999, -999, -999, -999, -999, -999, -999, -999, -999, -999
19711116, 0000,  , TS, 21.0N,  84.0W,  60,  998, -999, -999, -999, -999, -999, -999, -999, -999, -999, -999, -999, -999, -999
19711116, 0600,  , TS, 21.4N,  83.8W,  60, -999, -999, -999, -999, -999, -999, -999, -999, -999, -999, -999, -999, -999, -999
19711116, 1200,  , TS, 21.7N,  83.5W,  60, -999, -999, -999, -999, -999, -999, -999, -999, -999, -999, -999, -999, -999, -999
19711116, 1800,  , TS, 21.4N,  83.4W,  60, -999, -999, -999, -999, -999, -999, -999, -999, -999, -999, -999, -999, -999, -999
19711117, 0000,  , TS, 21.1N,  83.3W,  60,  995, -999, -999, -999, -999, -999, -999, -999, -999, -999, -999, -999, -999, -999
19711117, 0600,  , TS, 20.5N,  83.5W,  60, -999, -999, -999, -999, -999, -999, -999, -999, -999, -999, -999, -999, -999, -999
19711117, 1200,  , TS, 20.1N,  83.9W,  60,  994, -999, -999, -999, -999, -999, -999, -999, -999, -999, -999, -999, -999, -999
19711117, 1800,  , TS, 19.9N,  84.2W,  60,  996, -999, -999, -999, -999, -999, -999, -999, -999, -999, -999, -999, -999, -999
19711118, 0000,  , TS, 19.7N,  84.4W,  55, -999, -999, -999, -999, -999, -999, -999, -999, -999, -999, -999, -999, -999, -999
19711118, 0600,  , TS, 19.8N,  84.7W,  50, 1000, -999, -999, -999, -999, -999, -999, -999, -999, -999, -999, -999, -999, -999
19711118, 1200,  , TS, 19.9N,  85.0W,  50, -999, -999, -999, -999, -999, -999, -999, -999, -999, -999, -999, -999, -999, -999
19711118, 1800,  , TS, 19.9N,  85.2W,  50, 1001, -999, -999, -999, -999, -999, -999, -999, -999, -999, -999, -999, -999, -999
19711119, 0000,  , TS, 19.7N,  85.5W,  50, 1003, -999, -999, -999, -999, -999, -999, -999, -999, -999, -999, -999, -999, -999
19711119, 0600,  , TS, 19.4N,  85.5W,  45, -999, -999, -999, -999, -999, -999, -999, -999, -999, -999, -999, -999, -999, -999
19711119, 1200,  , TS, 19.1N,  85.5W,  45, -999, -999, -999, -999, -999, -999, -999, -999, -999, -999, -999, -999, -999, -999
19711119, 1800,  , TS, 18.6N,  85.7W,  45, 1000, -999, -999, -999, -999, -999, -999, -999, -999, -999, -999, -999, -999, -999
19711120, 0000,  , TS, 18.2N,  86.1W,  40, -999, -999, -999, -999, -999, -999, -999, -999, -999, -999, -999, -999, -999, -999
19711120, 0600,  , TS, 17.9N,  86.5W,  50, 1000, -999, -999, -999, -999, -999, -999, -999, -999, -999, -999, -999, -999, -999
19711120, 1200,  , TS, 17.6N,  87.2W,  55, 1000, -999, -999, -999, -999, -999, -999, -999, -999, -999, -999, -999, -999, -999
19711120, 1800,  , TS, 17.2N,  87.7W,  60,  997, -999, -999, -999, -999, -999, -999, -999, -999, -999, -999, -999, -999, -999
19711121, 0000,  , TS, 16.7N,  88.2W,  60,  997, -999, -999, -999, -999, -999, -999, -999, -999, -999, -999, -999, -999, -999
19711121, 0600,  , TS, 16.3N,  88.6W,  60, -999, -999, -999, -999, -999, -999, -999, -999, -999, -999, -999, -999, -999, -999
19711121, 1200,  , TS, 16.0N,  89.0W,  60, -999, -999, -999, -999, -999, -999, -999, -999, -999, -999, -999, -999, -999, -999
19711121, 1800,  , TS, 15.7N,  89.4W,  60, -999, -999, -999, -999, -999, -999, -999, -999, -999, -999, -999, -999, -999, -999
19711122, 0000,  , TD, 15.3N,  90.0W,  30, -999, -999, -999, -999, -999, -999, -999, -999, -999, -999, -999, -999, -999, -999
