AL012023,            UNNAMED,     15,
20230115, 0000,  , EX, 36.4N,  71.3W,  45,  989,    0,    0,  180,  180,    0,    0,    0,    0,    0,    0,    0,    0,   80
20230115, 0600,  , EX, 36.8N,  70.6W,  45,  986,   30,    0,  200,  200,    0,    0,    0,    0,    0,    0,    0,    0,   70
20230115, 1200,  , EX, 37.2N,  69.7W,  45,  986,   30,   40,  200,  200,    0,    0,    0,    0,    0,    0,    0,    0,   60
20230115, 1800,  , EX, 37.4N,  68.8W,  45,  983,   30,   40,  200,  200,    0,    0,    0,    0,    0,    0,    0,    0,   50
20230116, 0000,  , EX, 37.5N,  68.3W,  45,  983,   60,   80,  200,  200,    0,    0,    0,    0,    0,    0,    0,    0,   50
20230116, 0600,  , EX, 37.3N,  67.6W,  50,  982,   80,  100,  200,  200,    0,    0,   40,    0,    0,    0,    0,    0,   40
20230116, 1200,  , SS, 37.1N,  66.1W,  50,  982,  120,  240,  240,  120,    0,   60,   60,    0,    0,    0,    0,    0,   40
20230116, 1800,  , SS, 37.6N,  63.6W,  55,  980,  120,  240,  240,  120,    0,   60,   60,    0,    0,    0,    0,    0,   30
20230117, 0000,  , SS, 39.8N,  61.6W,  60,  976,  180,  240,  240,  120,   50,   60,   60,    0,    0,    0,    0,    0,   30
20230117, 0600,  , SS, 42.4N,  60.6W,  55,  977,  150,  180,  120,   60,   50,   60,   40,    0,    0,    0,    0,    0,   30
20230117, 1200,  , SS, 45.5N,  60.0W,  45,  981,  120,  150,   80,   50,    0,    0,    0,    0,    0,    0,    0,    0,   40
20230117, 1245, L, SS, 45.9N,  60.0W,  45,  983,  120,  150,   80,   50,    0,    0,    0,    0,    0,    0,    0,    0,   40
20230117, 1800,  , LO, 48.4N,  60.2W,  40,  988,   90,   90,    0,    0,    0,    0,    0,    0,    0,    0,    0,    0,   40
20230118, 0000,  , LO, 50.4N,  60.2W,  35,  991,   50,   50,    0,    0,    0,    0,    0,    0,    0,    0,    0,    0,   40
20230118, 0600,  , LO, 51.4N,  60.2W,  30,  994,    0,    0,    0,    0,    0,    0,    0,    0,    0,    0,    0,    0,   40
AL022023,             ARLENE,     15,
20230531, 1800,  , LO, 26.4N,  85.9W,  20, 1009,    0,    0,    0,    0,    0,    0,    0,    0,    0,    0,    0,    0,  100
20230601, 0000,  , LO, 26.7N,  85.7W,  20, 1008,    0,    0,    0,    0,    0,    0,    0,    0,    0,    0,    0,    0,  100
20230601, 0600,  , LO, 27.2N,  85.8W,  25, 1008,    0,    0,    0,    0,    0,    0,    0,    0,    0,    0,    0,    0,   90
20230601, 1200,  , TD, 27.7N,  86.2W,  30, 1007,    0,    0,    0,    0,    0,    0,    0,    0,    0,    0,    0,    0,   70
20230601, 1800,  , TD, 28.0N,  86.5W,  30, 1007,    0,    0,    0,    0,    0,    0,    0,    0,    0,    0,    0,    0,   50
20230602, 0000,  , TD, 27.7N,  86.5W,  30, 1006,    0,    0,    0,    0,    0,    0,    0,    0,    0,    0,    0,    0,   40
20230602, 0600,  , TS, 27.3N,  86.4W,  35, 1004,   60,    0,    0,   60,    0,    0,    0,    0,    0,    0,    0,    0,   40
20230602, 1200,  , TS, 27.0N,  86.3W,  35, 1002,   60,    0,    0,   60,    0,    0,    0,    0,    0,    0,    0,    0,   40
20230602, 1800,  , TS, 26.7N,  86.0W,  35, 1000,   60,    0,    0,   60,    0,    0,    0,    0,    0,    0,    0,    0,   40
20230603, 0000,  , TS, 25.9N,  85.7W,  35,  998,    0,    0,    0,   60,    0,    0,    0,    0,    0,    0,    0,    0,   50
20230603, 0600,  , TD, 25.0N,  85.6W,  30,  999,    0,    0,    0,    0,    0,    0,    0,    0,    0,    0,    0,    0,   50
20230603, 1200,  , LO, 24.4N,  85.3W,  25, 1000,    0,    0,    0,    0,    0,    0,    0,    0,    0,    0,    0,    0,   40
20230603, 1800,  , LO, 23.9N,  85.0W,  25, 1001,    0,    0,    0,    0,    0,    0,    0,    0,    0,    0,    0,    0,   40
20230604, 0000,  , LO, 23.5N,  84.1W,  25, 1002,    0,    0,    0,    0,    0,    0,    0,    0,    0,    0,    0,    0,   40
20230604, 0600,  , LO, 23.3N,  83.0W,  25, 1002,    0,    0,    0,    0,    0,    0,    0,    0,    0,    0,    0,    0,   30
AL032023,               BRET,     23,
20230619, 0600,  , TD, 10.7N,  37.3W,  30, 1009,    0,    0,    0,    0,    0,    0,    0,    0,    0,    0,    0,    0,   60
20230619, 1200,  , TD, 10.9N,  39.1W,  30, 1009,    0,    0,    0,    0,    0,    0,    0,    0,    0,    0,    0,    0,   60
20230619, 1800,  , TS, 11.1N,  40.9W,  35, 1008,   40,   30,    0,    0,    0,    0,    0,    0,    0,    0,    0,    0,   40
20230620, 0000,  , TS, 11.3N,  42.7W,  35, 1008,   40,   30,    0,   40,    0,    0,    0,    0,    0,    0,    0,    0,   40
20230620, 0600,  , TS, 11.5N,  44.5W,  35, 1008,   40,   30,    0,   40,    0,    0,    0,    0,    0,    0,    0,    0,   40
20230620, 1200,  , TS, 11.7N,  46.3W,  35, 1008,   50,   40,    0,   50,    0,    0,    0,    0,    0,    0,    0,    0,   40
20230620, 1800,  , TS, 12.0N,  48.0W,  40, 1006,   50,   40,    0,   50,    0,    0,    0,    0,    0,    0,    0,    0,   30
20230621, 0000,  , TS, 12.4N,  49.4W,  45, 1004,   50,   40,    0,   50,    0,    0,    0,    0,    0,    0,    0,    0,   30
20230621, 0600,  , TS, 12.7N,  50.7W,  50, 1001,   60,   40,    0,   60,   20,    0,    0,    0,    0,    0,    0,    0,   20
20230621, 1200,  , TS, 13.0N,  52.0W,  50, 1001,   70,   40,    0,   70,   20,    0,    0,    0,    0,    0,    0,    0,   20
20230621, 1800,  , TS, 13.3N,  53.3W,  55, 1000,   90,   40,    0,   80,   30,    0,    0,   20,    0,    0,    0,    0,   20
20230622, 0000,  , TS, 13.4N,  54.6W,  55,  999,  100,   40,    0,   80,   30,    0,    0,   20,    0,    0,    0,    0,   20
20230622, 0600,  , TS, 13.5N,  55.9W,  60,  996,  100,   40,    0,   90,   30,    0,    0,   20,    0,    0,    0,    0,   20
20230622, 1200,  , TS, 13.5N,  57.3W,  60,  998,  110,   60,    0,  100,   40,    0,    0,   40,    0,    0,    0,    0,   20
20230622, 1800,  , TS, 13.4N,  58.8W,  55, 1000,  110,   80,    0,  110,   60,    0,    0,   60,    0,    0,    0,    0,   30
20230623, 0000,  , TS, 13.3N,  60.3W,  55, 1001,  110,   80,    0,  110,   60,    0,    0,   60,    0,    0,    0,    0,   30
20230623, 0315, L, TS, 13.3N,  61.2W,  55, 1001,  110,   80,    0,  110,   60,    0,    0,   60,    0,    0,    0,    0,   30
20230623, 0600,  , TS, 13.3N,  62.0W,  50, 1001,  110,   80,    0,  110,   60,    0,    0,   40,    0,    0,    0,    0,   30
20230623, 1200,  , TS, 13.2N,  63.8W,  50, 1002,  120,   80,    0,  120,   60,    0,    0,    0,    0,    0,    0,    0,   30
20230623, 1800,  , TS, 13.1N,  65.6W,  45, 1003,  120,    0,    0,  120,    0,    0,    0,    0,    0,    0,    0,    0,   30
20230624, 0000,  , TS, 13.0N,  67.4W,  45, 1004,   90,    0,    0,   90,    0,    0,    0,    0,    0,    0,    0,    0,   30
20230624, 0600,  , TS, 13.0N,  69.2W,  40, 1005,   90,    0,    0,   60,    0,    0,    0,    0,    0,    0,    0,    0,   30
20230624, 1200,  , TS, 13.0N,  70.9W,  40, 1007,   90,    0,    0,   40,    0,    0,    0,    0,    0,    0,    0,    0,   40
AL042023,              CINDY,     17,
20230622, 0000,  , TD, 10.4N,  39.9W,  30, 1008,    0,    0,    0,    0,    0,    0,    0,    0,    0,    0,    0,    0,   50
20230622, 0600,  , TD, 10.7N,  41.1W,  30, 1008,    0,    0,    0,    0,    0,    0,    0,    0,    0,    0,    0,    0,   50
20230622, 1200,  , TD, 11.0N,  42.3W,  30, 1008,    0,    0,    0,    0,    0,    0,    0,    0,    0,    0,    0,    0,   50
20230622, 1800,  , TD, 11.3N,  43.5W,  30, 1008,    0,    0,    0,    0,    0,    0,    0,    0,    0,    0,    0,    0,   50
20230623, 0000,  , TS, 11.5N,  44.8W,  35, 1007,   50,    0,    0,   40,    0,    0,    0,    0,    0,    0,    0,    0,   40
20230623, 0600,  , TS, 11.8N,  46.1W,  40, 1006,   50,    0,    0,   40,    0,    0,    0,    0,    0,    0,    0,    0,   40
20230623, 1200,  , TS, 12.2N,  47.5W,  45, 1005,   50,    0,    0,   40,    0,    0,    0,    0,    0,    0,    0,    0,   40
20230623, 1800,  , TS, 12.8N,  48.8W,  45, 1005,   50,    0,    0,   40,    0,    0,    0,    0,    0,    0,    0,    0,   40
20230624, 0000,  , TS, 13.6N,  50.0W,  45, 1005,   50,    0,    0,   40,    0,    0,    0,    0,    0,    0,    0,    0,   40
20230624, 0600,  , TS, 14.6N,  51.2W,  50, 1004,   50,    0,    0,   40,   30,    0,    0,    0,    0,    0,    0,    0,   30
20230624, 1200,  , TS, 15.7N,  52.5W,  50, 1004,   50,   40,    0,   40,   30,    0,    0,    0,    0,    0,    0,    0,   30
20230624, 1800,  , TS, 16.8N,  53.9W,  50, 1005,   60,   40,    0,    0,   40,    0,    0,    0,    0,    0,    0,    0,   40
20230625, 0000,  , TS, 18.2N,  55.2W,  45, 1006,   60,   40,    0,    0,    0,    0,    0,    0,    0,    0,    0,    0,   40
20230625, 0600,  , TS, 19.4N,  56.4W,  45, 1007,   60,   40,    0,    0,    0,    0,    0,    0,    0,    0,    0,    0,   40
20230625, 1200,  , TS, 20.5N,  57.6W,  40, 1009,   60,   40,    0,    0,    0,    0,    0,    0,    0,    0,    0,    0,   50
20230625, 1800,  , TS, 21.6N,  58.8W,  40, 1010,   60,    0,    0,    0,    0,    0,    0,    0,    0,    0,    0,    0,   60
20230626, 0000,  , TS, 22.5N,  59.9W,  35, 1011,   60,    0,    0,    0,    0,    0,    0,    0,    0,    0,    0,    0,   60
AL052023,                DON,     58,
20230711, 1200,  , LO, 36.5N,  55.5W,  25, 1013,    0,    0,    0,    0,    0,    0,    0,    0,    0,    0,    0,    0,  180
20230711, 1800,  , LO, 36.6N,  55.0W,  25, 1013,    0,    0,    0,    0,    0,    0,    0,    0,    0,    0,    0,    0,  180
20230712, 0000,  , LO, 36.2N,  54.4W,  25, 1011,    0,    0,    0,    0,    0,    0,    0,    0,    0,    0,    0,    0,  180
20230712, 0600,  , LO, 35.3N,  53.6W,  25, 1009,    0,    0,    0,    0,    0,    0,    0,    0,    0,    0,    0,    0,  180
20230712, 1200,  , LO, 34.0N,  52.6W,  25, 1009,    0,    0,    0,    0,    0,    0,    0,    0,    0,    0,    0,    0,  180
20230712, 1800,  , LO, 32.9N,  51.9W,  30, 1008,    0,    0,    0,    0,    0,    0,    0,    0,    0,    0,    0,    0,  180
20230713, 0000,  , LO, 32.0N,  51.0W,  30, 1007,    0,    0,    0,    0,    0,    0,    0,    0,    0,    0,    0,    0,  180
20230713, 0600,  , LO, 31.3N,  50.2W,  30, 1006,    0,    0,    0,    0,    0,    0,    0,    0,    0,    0,    0,    0,  180
20230713, 1200,  , LO, 31.2N,  48.7W,  35, 1004,    0,  180,    0,    0,    0,    0,    0,    0,    0,    0,    0,    0,  150
20230713, 1800,  , LO, 31.7N,  47.3W,  40, 1003,  120,  180,    0,    0,    0,    0,    0,    0,    0,    0,    0,    0,   90
20230714, 0000,  , SS, 32.5N,  46.7W,  45, 1002,  120,  180,    0,    0,    0,    0,    0,    0,    0,    0,    0,    0,   60
20230714, 0600,  , SS, 32.9N,  46.8W,  45, 1002,  120,  120,    0,    0,    0,    0,    0,    0,    0,    0,    0,    0,   50
20230714, 1200,  , SS, 33.4N,  47.0W,  40, 1004,  150,   80,    0,    0,    0,    0,    0,    0,    0,    0,    0,    0,   40
20230714, 1800,  , SS, 33.8N,  47.2W,  40, 1004,  150,   80,    0,    0,    0,    0,    0,    0,    0,    0,    0,    0,   30
20230715, 0000,  , SS, 34.3N,  47.2W,  40, 1004,  150,   80,    0,    0,    0,    0,    0,    0,    0,    0,    0,    0,   30
20230715, 0600,  , SS, 35.3N,  47.7W,  40, 1005,  150,   80,    0,    0,    0,    0,    0,    0,    0,    0,    0,    0,   30
20230715, 1200,  , SS, 36.2N,  48.4W,  40, 1006,  150,   80,    0,    0,    0,    0,    0,    0,    0,    0,    0,    0,   30
20230715, 1800,  , SS, 37.1N,  48.7W,  35, 1007,  150,   80,    0,    0,    0,    0,    0,    0,    0,    0,    0,    0,   30
20230716, 0000,  , SS, 37.8N,  48.8W,  35, 1007,  150,   80,    0,    0,    0,    0,    0,    0,    0,    0,    0,    0,   40
20230716, 0600,  , SS, 38.4N,  48.7W,  35, 1007,  100,   80,    0,    0,    0,    0,    0,    0,    0,    0,    0,    0,   50
20230716, 1200,  , SD, 38.9N,  48.5W,  30, 1009,    0,    0,    0,    0,    0,    0,    0,    0,    0,    0,    0,    0,   60
20230716, 1800,  , SD, 39.4N,  47.5W,  30, 1010,    0,    0,    0,    0,    0,    0,    0,    0,    0,    0,    0,    0,   60
20230717, 0000,  , SD, 39.5N,  46.4W,  30, 1010,    0,    0,    0,    0,    0,    0,    0,    0,    0,    0,    0,    0,   60
20230717, 0600,  , TD, 39.3N,  45.0W,  30, 1010,    0,    0,    0,    0,    0,    0,    0,    0,    0,    0,    0,    0,   60
20230717, 1200,  , TD, 38.9N,  43.6W,  30, 1010,    0,    0,    0,    0,    0,    0,    0,    0,    0,    0,    0,    0,   60
20230717, 1800,  , TD, 38.4N,  42.2W,  30, 1010,    0,    0,    0,    0,    0,    0,    0,    0,    0,    0,    0,    0,   60
20230718, 0000,  , TS, 37.8N,  40.9W,  35, 1008,   90,    0,    0,    0,    0,    0,    0,    0,    0,    0,    0,    0,   60
20230718, 0600,  , TS, 36.8N,  39.9W,  35, 1008,   90,    0,    0,    0,    0,    0,    0,    0,    0,    0,    0,    0,   60
20230718, 1200,  , TS, 36.0N,  39.4W,  35, 1008,   90,    0,    0,    0,    0,    0,    0,    0,    0,    0,    0,    0,   60
20230718, 1800,  , TS, 35.3N,  39.2W,  35, 1008,   60,    0,   70,    0,    0,    0,    0,    0,    0,    0,    0,    0,   60
20230719, 0000,  , TS, 34.6N,  39.1W,  35, 1008,   40,   50,   50,    0,    0,    0,    0,    0,    0,    0,    0,    0,   50
20230719, 0600,  , TS, 34.2N,  39.1W,  35, 1008,   40,   50,   50,    0,    0,    0,    0,    0,    0,    0,    0,    0,   50
20230719, 1200,  , TS, 33.9N,  39.3W,  35, 1008,   40,   50,   50,    0,    0,    0,    0,    0,    0,    0,    0,    0,   50
20230719, 1800,  , TS, 33.8N,  39.9W,  40, 1005,   50,   50,   50,    0,    0,    0,    0,    0,    0,    0,    0,    0,   40
20230720, 0000,  , TS, 33.8N,  40.6W,  45, 1001,   60,   50,   40,   50,    0,    0,    0,    0,    0,    0,    0,    0,   30
20230720, 0600,  , TS, 34.0N,  41.3W,  45, 1001,   60,   50,   40,   50,    0,    0,    0,    0,    0,    0,    0,    0,   20
20230720, 1200,  , TS, 34.3N,  42.2W,  40, 1004,   60,   50,   40,   50,    0,    0,    0,    0,    0,    0,    0,    0,   20
20230720, 1800,  , TS, 34.5N,  43.3W,  40, 1004,   50,   40,   30,   50,    0,    0,    0,    0,    0,    0,    0,    0,   20
20230721, 0000,  , TS, 34.6N,  44.2W,  40, 1004,   50,   40,   30,   50,    0,    0,    0,    0,    0,    0,    0,    0,   20
20230721, 0600,  , TS, 35.0N,  45.1W,  40, 1004,   50,   40,   30,   50,    0,    0,    0,    0,    0,    0,    0,    0,   20
20230721, 1200,  , TS, 35.4N,  46.0W,  45, 1001,   50,   40,   30,   50,    0,    0,    0,    0,    0,    0,    0,    0,   20
20230721, 1800,  , TS, 36.2N,  47.0W,  45, 1001,   50,   40,   30,   40,    0,    0,    0,    0,    0,    0,    0,    0,   20
20230722, 0000,  , TS, 36.9N,  48.2W,  45, 1001,   50,   40,   30,   40,    0,    0,    0,    0,    0,    0,    0,    0,   20
20230722, 0600,  , TS, 37.7N,  49.3W,  45, 1001,   50,   40,   30,   40,    0,    0,    0,    0,    0,    0,    0,    0,   20
20230722, 1200,  , TS, 38.5N,  49.9W,  55,  995,   50,   40,   30,   40,   20,    0,    0,   20,    0,    0,    0,    0,   20
20230722, 1800,  , HU, 39.5N,  50.1W,  65,  986,   60,   50,   30,   40,   30,   20,    0,   20,   15,   15,    0,    0,   10
20230723, 0000,  , HU, 40.7N,  49.9W,  65,  986,   60,   80,   50,   40,   40,   50,    0,   20,   15,   15,    0,    0,   10
20230723, 0600,  , TS, 42.0N,  49.4W,  60,  989,   60,   80,   50,   40,   40,   50,    0,   20,    0,    0,    0,    0,   20
20230723, 1200,  , TS, 43.3N,  48.5W,  55,  992,   60,   80,   50,   40,   40,   50,    0,   20,    0,    0,    0,    0,   20
20230723, 1800,  , TS, 44.7N,  47.3W,  50,  996,   60,   80,   40,   30,   30,   40,    0,   10,    0,    0,    0,    0,   20
20230724, 0000,  , TS, 45.9N,  45.7W,  45, 1002,   50,   80,   40,    0,    0,    0,    0,    0,    0,    0,    0,    0,   30
20230724, 0600,  , LO, 46.7N,  44.1W,  40, 1005,   40,   80,   40,    0,    0,    0,    0,    0,    0,    0,    0,    0,   30
20230724, 1200,  , LO, 47.3N,  41.9W,  40, 1005,   40,   80,   60,    0,    0,    0,    0,    0,    0,    0,    0,    0,   30
20230724, 1800,  , LO, 47.8N,  39.7W,  40, 1005,    0,   60,   60,    0,    0,    0,    0,    0,    0,    0,    0,    0,   30
20230725, 0000,  , LO, 48.5N,  36.8W,  35, 1008,    0,   60,   60,    0,    0,    0,    0,    0,    0,    0,    0,    0,   30
20230725, 0600,  , LO, 49.1N,  33.7W,  35, 1008,    0,   60,   60,    0,    0,    0,    0,    0,    0,    0,    0,    0,   30
20230725, 1200,  , LO, 49.8N,  29.4W,  30, 1010,    0,    0,    0,    0,    0,    0,    0,    0,    0,    0,    0,    0,   30
20230725, 1800,  , EX, 50.4N,  24.5W,  30, 1010,    0,    0,    0,    0,    0,    0,    0,    0,    0,    0,    0,    0,   30
AL062023,               GERT,     67,
20230819, 0000,  , LO, 14.7N,  46.6W,  30, 1008,    0,    0,    0,    0,    0,    0,    0,    0,    0,    0,    0,    0,   70
20230819, 0600,  , TD, 15.4N,  47.8W,  30, 1007,    0,    0,    0,    0,    0,    0,    0,    0,    0,    0,    0,    0,   60
20230819, 1200,  , TD, 16.1N,  48.8W,  30, 1006,    0,    0,    0,    0,    0,    0,    0,    0,    0,    0,    0,    0,   40
20230819, 1800,  , TD, 16.6N,  49.9W,  30, 1006,    0,    0,    0,    0,    0,    0,    0,    0,    0,    0,    0,    0,   40
20230820, 0000,  , TD, 16.9N,  51.1W,  30, 1006,    0,    0,    0,    0,    0,    0,    0,    0,    0,    0,    0,    0,   40
20230820, 0600,  , TD, 16.8N,  52.3W,  30, 1006,    0,    0,    0,    0,    0,    0,    0,    0,    0,    0,    0,    0,   40
20230820, 1200,  , TS, 16.7N,  53.3W,  35, 1005,   40,    0,    0,    0,    0,    0,    0,    0,    0,    0,    0,    0,   40
20230820, 1800,  , TS, 16.6N,  54.2W,  35, 1005,   40,    0,    0,    0,    0,    0,    0,    0,    0,    0,    0,    0,   40
20230821, 0000,  , TS, 16.6N,  55.1W,  35, 1005,   60,    0,    0,    0,    0,    0,    0,    0,    0,    0,    0,    0,   40
20230821, 0600,  , TS, 16.6N,  55.9W,  35, 1005,   60,    0,    0,    0,    0,    0,    0,    0,    0,    0,    0,    0,   40
20230821, 1200,  , TD, 16.7N,  56.6W,  30, 1006,    0,    0,    0,    0,    0,    0,    0,    0,    0,    0,    0,    0,   50
20230821, 1800,  , TD, 16.9N,  57.2W,  25, 1006,    0,    0,    0,    0,    0,    0,    0,    0,    0,    0,    0,    0,   50
20230822, 0000,  , TD, 17.0N,  57.9W,  25, 1006,    0,    0,    0,    0,    0,    0,    0,    0,    0,    0,    0,    0,   50
20230822, 0600,  , TD, 17.1N,  58.7W,  25, 1007,    0,    0,    0,    0,    0,    0,    0,    0,    0,    0,    0,    0,   50
20230822, 1200,  , LO, 17.4N,  59.5W,  25, 1008,    0,    0,    0,    0,    0,    0,    0,    0,    0,    0,    0,    0,   50
20230822, 1800,  , LO, 17.7N,  60.1W,  25, 1008,    0,    0,    0,    0,    0,    0,    0,    0,    0,    0,    0,    0,   50
20230823, 0000,  , LO, 18.1N,  60.2W,  25, 1008,    0,    0,    0,    0,    0,    0,    0,    0,    0,    0,    0,    0,   50
20230823, 0600,  , LO, 18.3N,  59.7W,  25, 1008,    0,    0,    0,    0,    0,    0,    0,    0,    0,    0,    0,    0,   50
20230823, 1200,  , LO, 18.5N,  59.2W,  25, 1009,    0,    0,    0,    0,    0,    0,    0,    0,    0,    0,    0,    0,   60
20230823, 1800,  , LO, 18.3N,  59.0W,  25, 1009,    0,    0,    0,    0,    0,    0,    0,    0,    0,    0,    0,    0,   60
20230824, 0000,  , LO, 18.1N,  58.9W,  20, 1010,    0,    0,    0,    0,    0,    0,    0,    0,    0,    0,    0,    0,   60
20230824, 0600,  , LO, 17.7N,  58.7W,  20, 1010,    0,    0,    0,    0,    0,    0,    0,    0,    0,    0,    0,    0,   60
20230824, 1200,  , LO, 17.3N,  58.5W,  20, 1010,    0,    0,    0,    0,    0,    0,    0,    0,    0,    0,    0,    0,   60
20230824, 1800,  , LO, 16.9N,  58.6W,  20, 1010,    0,    0,    0,    0,    0,    0,    0,    0,    0,    0,    0,    0,   60
20230825, 0000,  , LO, 16.5N,  58.8W,  20, 1010,    0,    0,    0,    0,    0,    0,    0,    0,    0,    0,    0,    0,   60
20230825, 0600,  , LO, 16.1N,  59.1W,  20, 1010,    0,    0,    0,    0,    0,    0,    0,    0,    0,    0,    0,    0,   60
20230825, 1200,  , LO, 16.0N,  59.3W,  20, 1010,    0,    0,    0,    0,    0,    0,    0,    0,    0,    0,    0,    0,   60
20230825, 1800,  , LO, 16.0N,  59.5W,  20, 1010,    0,    0,    0,    0,    0,    0,    0,    0,    0,    0,    0,    0,   60
20230826, 0000,  , LO, 16.1N,  59.7W,  20, 1010,    0,    0,    0,    0,    0,    0,    0,    0,    0,    0,    0,    0,   60
20230826, 0600,  , LO, 16.3N,  59.8W,  25, 1010,    0,    0,    0,    0,    0,    0,    0,    0,    0,    0,    0,    0,   60
20230826, 1200,  , DB, 16.9N,  59.7W,  25, 1010,    0,    0,    0,    0,    0,    0,    0,    0,    0,    0,    0,    0,   60
20230826, 1800,  , DB, 17.8N,  59.5W,  25, 1010,    0,    0,    0,    0,    0,    0,    0,    0,    0,    0,    0,    0,   60
20230827, 0000,  , DB, 18.7N,  59.4W,  25, 1010,    0,    0,    0,    0,    0,    0,    0,    0,    0,    0,    0,    0,   60
20230827, 0600,  , DB, 19.4N,  59.5W,  25, 1010,    0,    0,    0,    0,    0,    0,    0,    0,    0,    0,    0,    0,   60
20230827, 1200,  , DB, 19.9N,  59.6W,  25, 1010,    0,    0,    0,    0,    0,    0,    0,    0,    0,    0,    0,    0,   60
20230827, 1800,  , DB, 20.2N,  59.6W,  25, 1010,    0,    0,    0,    0,    0,    0,    0,    0,    0,    0,    0,    0,   60
20230828, 0000,  , DB, 20.5N,  59.6W,  25, 1010,    0,    0,    0,    0,    0,    0,    0,    0,    0,    0,    0,    0,   60
20230828, 0600,  , DB, 20.8N,  59.4W,  25, 1010,    0,    0,    0,    0,    0,    0,    0,    0,    0,    0,    0,    0,   60
20230828, 1200,  , DB, 21.2N,  59.2W,  25, 1010,    0,    0,    0,    0,    0,    0,    0,    0,    0,    0,    0,    0,   60
20230828, 1800,  , DB, 21.6N,  59.2W,  25, 1010,    0,    0,    0,    0,    0,    0,    0,    0,    0,    0,    0,    0,   60
20230829, 0000,  , DB, 22.3N,  59.4W,  25, 1011,    0,    0,    0,    0,    0,    0,    0,    0,    0,    0,    0,    0,   60
20230829, 0600,  , DB, 23.0N,  59.6W,  25, 1011,    0,    0,    0,    0,    0,    0,    0,    0,    0,    0,    0,    0,   60
20230829, 1200,  , DB, 23.8N,  59.6W,  25, 1012,    0,    0,    0,    0,    0,    0,    0,    0,    0,    0,    0,    0,   60
20230829, 1800,  , DB, 24.6N,  59.6W,  25, 1012,    0,    0,    0,    0,    0,    0,    0,    0,    0,    0,    0,    0,   60
20230830, 0000,  , DB, 25.4N,  59.3W,  25, 1012,    0,    0,    0,    0,    0,    0,    0,    0,    0,    0,    0,    0,   60
20230830, 0600,  , DB, 26.2N,  59.0W,  25, 1010,    0,    0,    0,    0,    0,    0,    0,    0,    0,    0,    0,    0,   60
20230830, 1200,  , DB, 27.0N,  58.7W,  25, 1010,    0,    0,    0,    0,    0,    0,    0,    0,    0,    0,    0,    0,   60
20230830, 1800,  , DB, 27.5N,  58.5W,  25, 1009,    0,    0,    0,    0,    0,    0,    0,    0,    0,    0,    0,    0,   60
20230831, 0000,  , LO, 28.0N,  58.3W,  30, 1009,    0,    0,    0,    0,    0,    0,    0,    0,    0,    0,    0,    0,   60
20230831, 0600,  , LO, 28.4N,  58.1W,  30, 1008,    0,    0,    0,    0,    0,    0,    0,    0,    0,    0,    0,    0,   60
20230831, 1200,  , LO, 28.5N,  57.6W,  30, 1008,    0,    0,    0,    0,    0,    0,    0,    0,    0,    0,    0,    0,   50
20230831, 1800,  , TD, 28.6N,  57.0W,  30, 1007,    0,    0,    0,    0,    0,    0,    0,    0,    0,    0,    0,    0,   40
20230901, 0000,  , TD, 28.8N,  56.4W,  30, 1006,    0,    0,    0,    0,    0,    0,    0,    0,    0,    0,    0,    0,   30
20230901, 0600,  , TD, 28.8N,  55.7W,  30, 1006,    0,    0,    0,    0,    0,    0,    0,    0,    0,    0,    0,    0,   30
20230901, 1200,  , TD, 28.4N,  55.2W,  30, 1006,    0,    0,    0,    0,    0,    0,    0,    0,    0,    0,    0,    0,   30
20230901, 1800,  , TS, 27.9N,  54.8W,  35, 1005,    0,   30,   30,    0,    0,    0,    0,    0,    0,    0,    0,    0,   20
20230902, 0000,  , TS, 27.7N,  54.6W,  35, 1005,    0,   30,   30,    0,    0,    0,    0,    0,    0,    0,    0,    0,   20
20230902, 0600,  , TS, 27.6N,  54.4W,  40, 1003,   20,   40,   40,    0,    0,    0,    0,    0,    0,    0,    0,    0,   20
20230902, 1200,  , TS, 27.7N,  54.1W,  45,  999,   20,   50,   40,    0,    0,    0,    0,    0,    0,    0,    0,    0,   20
20230902, 1800,  , TS, 28.1N,  53.8W,  45,  999,   30,   50,   40,    0,    0,    0,    0,    0,    0,    0,    0,    0,   20
20230903, 0000,  , TS, 28.6N,  53.5W,  50,  998,   30,   50,   40,    0,    0,   30,    0,    0,    0,    0,    0,    0,   20
20230903, 0600,  , TS, 29.3N,  53.0W,  50,  998,   30,   50,   40,    0,    0,   30,    0,    0,    0,    0,    0,    0,   20
20230903, 1200,  , TS, 30.4N,  52.4W,  50,  998,   30,   50,   40,    0,    0,   30,    0,    0,    0,    0,    0,    0,   20
20230903, 1800,  , TS, 31.9N,  51.6W,  45,  999,   30,   50,   30,    0,    0,    0,    0,    0,    0,    0,    0,    0,   20
20230904, 0000,  , TS, 33.9N,  50.9W,  45, 1000,   40,   50,   30,    0,    0,    0,    0,    0,    0,    0,    0,    0,   20
20230904, 0600,  , TS, 36.5N,  50.7W,  45, 1000,   40,   60,   30,    0,    0,    0,    0,    0,    0,    0,    0,    0,   20
20230904, 1200,  , LO, 39.4N,  50.8W,  40, 1001,   40,   60,    0,    0,    0,    0,    0,    0,    0,    0,    0,    0,   20
AL072023,              EMILY,     28,
20230818, 1200,  , LO, 15.4N,  32.9W,  30, 1009,    0,    0,    0,    0,    0,    0,    0,    0,    0,    0,    0,    0,  100
20230818, 1800,  , LO, 15.5N,  33.9W,  30, 1008,    0,    0,    0,    0,    0,    0,    0,    0,    0,    0,    0,    0,   90
20230819, 0000,  , LO, 15.6N,  34.8W,  30, 1007,    0,    0,    0,    0,    0,    0,    0,    0,    0,    0,    0,    0,   90
20230819, 0600,  , LO, 15.8N,  35.3W,  30, 1006,    0,    0,    0,    0,    0,    0,    0,    0,    0,    0,    0,    0,   90
20230819, 1200,  , LO, 16.4N,  35.7W,  30, 1006,    0,    0,    0,    0,    0,    0,    0,    0,    0,    0,    0,    0,   90
20230819, 1800,  , LO, 17.2N,  36.1W,  30, 1006,    0,    0,    0,    0,    0,    0,    0,    0,    0,    0,    0,    0,   80
20230820, 0000,  , TS, 18.0N,  36.7W,  35, 1004,  100,    0,    0,   80,    0,    0,    0,    0,    0,    0,    0,    0,   70
20230820, 0600,  , TS, 18.8N,  37.5W,  40, 1001,  120,    0,    0,  100,    0,    0,    0,    0,    0,    0,    0,    0,   60
20230820, 1200,  , TS, 19.4N,  38.3W,  45,  998,  150,    0,    0,  120,    0,    0,    0,    0,    0,    0,    0,    0,   50
20230820, 1800,  , TS, 20.0N,  39.0W,  45,  998,  180,    0,    0,  120,    0,    0,    0,    0,    0,    0,    0,    0,   50
20230821, 0000,  , TS, 20.3N,  39.8W,  40, 1000,  180,    0,    0,  120,    0,    0,    0,    0,    0,    0,    0,    0,   50
20230821, 0600,  , LO, 20.6N,  40.6W,  35, 1003,  150,    0,    0,    0,    0,    0,    0,    0,    0,    0,    0,    0,   50
20230821, 1200,  , LO, 21.0N,  41.4W,  35, 1004,  120,    0,    0,    0,    0,    0,    0,    0,    0,    0,    0,    0,   50
20230821, 1800,  , LO, 21.4N,  42.2W,  30, 1005,    0,    0,    0,    0,    0,    0,    0,    0,    0,    0,    0,    0,   50
20230822, 0000,  , LO, 21.9N,  43.1W,  30, 1006,    0,    0,    0,    0,    0,    0,    0,    0,    0,    0,    0,    0,   50
20230822, 0600,  , LO, 22.5N,  44.1W,  30, 1006,    0,    0,    0,    0,    0,    0,    0,    0,    0,    0,    0,    0,   50
20230822, 1200,  , LO, 23.4N,  45.1W,  30, 1006,    0,    0,    0,    0,    0,    0,    0,    0,    0,    0,    0,    0,   60
20230822, 1800,  , LO, 24.4N,  46.1W,  30, 1006,    0,    0,    0,    0,    0,    0,    0,    0,    0,    0,    0,    0,   60
20230823, 0000,  , LO, 25.3N,  47.2W,  35, 1006,   80,    0,    0,   60,    0,    0,    0,    0,    0,    0,    0,    0,   60
20230823, 0600,  , LO, 26.1N,  48.4W,  35, 1006,   80,    0,    0,   60,    0,    0,    0,    0,    0,    0,    0,    0,   60
20230823, 1200,  , LO, 26.9N,  49.2W,  35, 1006,   60,    0,    0,    0,    0,    0,    0,    0,    0,    0,    0,    0,   50
20230823, 1800,  , LO, 27.8N,  49.6W,  35, 1006,   60,    0,    0,    0,    0,    0,    0,    0,    0,    0,    0,    0,   50
20230824, 0000,  , LO, 28.6N,  49.6W,  35, 1006,   60,    0,    0,    0,    0,    0,    0,    0,    0,    0,    0,    0,   50
20230824, 0600,  , LO, 29.3N,  49.2W,  35, 1006,   60,   60,    0,    0,    0,    0,    0,    0,    0,    0,    0,    0,   50
20230824, 1200,  , LO, 29.8N,  48.9W,  35, 1008,   60,   60,    0,    0,    0,    0,    0,    0,    0,    0,    0,    0,   50
20230824, 1800,  , LO, 30.5N,  48.7W,  30, 1010,    0,    0,    0,    0,    0,    0,    0,    0,    0,    0,    0,    0,   50
20230825, 0000,  , LO, 31.4N,  48.6W,  30, 1010,    0,    0,    0,    0,    0,    0,    0,    0,    0,    0,    0,    0,   50
20230825, 0600,  , LO, 32.4N,  48.6W,  30, 1010,    0,    0,    0,    0,    0,    0,    0,    0,    0,    0,    0,    0,   50
AL082023,           FRANKLIN,     86,
20230819, 1800,  , LO, 12.8N,  60.5W,  25, 1006,    0,    0,    0,    0,    0,    0,    0,    0,    0,    0,    0,    0,   90
20230820, 0000,  , LO, 13.1N,  62.1W,  25, 1006,    0,    0,    0,    0,    0,    0,    0,    0,    0,    0,    0,    0,   90
20230820, 0600,  , TD, 13.5N,  63.7W,  30, 1004,    0,    0,    0,    0,    0,    0,    0,    0,    0,    0,    0,    0,   30
20230820, 1200,  , TS, 14.0N,  65.2W,  35, 1002,   30,    0,    0,   30,    0,    0,    0,    0,    0,    0,    0,    0,   30
20230820, 1800,  , TS, 14.5N,  66.6W,  40, 1001,   50,    0,    0,   40,    0,    0,    0,    0,    0,    0,    0,    0,   25
20230821, 0000,  , TS, 14.8N,  67.9W,  45,  999,   50,    0,    0,   40,    0,    0,    0,    0,    0,    0,    0,    0,   25
20230821, 0600,  , TS, 14.8N,  68.8W,  45,  999,   50,    0,    0,   40,    0,    0,    0,    0,    0,    0,    0,    0,   25
20230821, 1200,  , TS, 14.6N,  69.5W,  45,  999,   50,    0,    0,   40,    0,    0,    0,    0,    0,    0,    0,    0,   30
20230821, 1800,  , TS, 14.1N,  70.0W,  45, 1002,   50,   60,    0,   40,    0,    0,    0,    0,    0,    0,    0,    0,   30
20230822, 0000,  , TS, 14.0N,  70.4W,  45, 1002,   50,   60,    0,   40,    0,    0,    0,    0,    0,    0,    0,    0,   40
20230822, 0600,  , TS, 14.1N,  70.9W,  40, 1002,   50,   60,    0,   40,    0,    0,    0,    0,    0,    0,    0,    0,   50
20230822, 1200,  , TS, 14.8N,  71.1W,  40, 1003,   50,   60,    0,   40,    0,    0,    0,    0,    0,    0,    0,    0,   50
20230822, 1800,  , TS, 15.6N,  71.3W,  35, 1003,   90,   90,    0,    0,    0,    0,    0,    0,    0,    0,    0,    0,   70
20230823, 0000,  , TS, 16.5N,  71.4W,  35, 1003,   90,   90,    0,    0,    0,    0,    0,    0,    0,    0,    0,    0,   70
20230823, 0600,  , TS, 17.3N,  71.4W,  40, 1003,  100,  100,    0,    0,    0,    0,    0,    0,    0,    0,    0,    0,   70
20230823, 1000, L, TS, 17.9N,  71.2W,  40, 1003,  100,  100,    0,    0,    0,    0,    0,    0,    0,    0,    0,    0,   70
20230823, 1200,  , TS, 18.3N,  71.1W,  40, 1005,   90,   90,    0,    0,    0,    0,    0,    0,    0,    0,    0,    0,   70
20230823, 1800,  , TS, 19.4N,  70.8W,  35, 1004,   90,   90,    0,    0,    0,    0,    0,    0,    0,    0,    0,    0,   70
20230824, 0000,  , TS, 20.6N,  70.6W,  40, 1005,   90,   60,    0,    0,    0,    0,    0,    0,    0,    0,    0,    0,   25
20230824, 0600,  , TS, 21.6N,  70.5W,  45, 1001,   90,   60,    0,    0,    0,    0,    0,    0,    0,    0,    0,    0,   25
20230824, 1200,  , TS, 22.0N,  70.0W,  50,  998,   90,  100,    0,    0,    0,   60,    0,    0,    0,    0,    0,    0,   30
20230824, 1800,  , TS, 22.2N,  69.3W,  50, 1000,   90,  100,    0,   30,   30,   60,    0,    0,    0,    0,    0,    0,   40
20230825, 0000,  , TS, 22.4N,  68.5W,  50, 1000,   80,   90,    0,   30,   30,   40,    0,    0,    0,    0,    0,    0,   40
20230825, 0600,  , TS, 22.2N,  68.1W,  50, 1000,   80,   90,    0,   30,   30,   40,    0,    0,    0,    0,    0,    0,   40
20230825, 1200,  , TS, 21.9N,  67.9W,  45, 1003,   80,  100,    0,   30,    0,    0,    0,    0,    0,    0,    0,    0,   40
20230825, 1800,  , TS, 21.8N,  67.3W,  45, 1003,   80,  100,    0,   30,    0,    0,    0,    0,    0,    0,    0,    0,   40
20230826, 0000,  , TS, 22.2N,  66.5W,  50, 1002,   80,  100,   30,   30,   30,   30,    0,    0,    0,    0,    0,    0,   30
20230826, 0600,  , TS, 22.6N,  66.0W,  55,  992,  100,  100,   30,   60,   40,   30,    0,    0,    0,    0,    0,    0,   20
20230826, 1200,  , HU, 23.2N,  66.5W,  65,  989,  120,  100,   30,   70,   50,   30,    0,   30,   15,    0,    0,    0,   15
20230826, 1800,  , HU, 23.5N,  67.3W,  70,  982,  120,  100,   30,   70,   50,   30,    0,   30,   20,    0,    0,    0,   15
20230827, 0000,  , HU, 23.9N,  67.9W,  75,  977,  120,  100,   50,   80,   40,   30,   20,   30,   20,   10,    0,    0,   15
20230827, 0600,  , HU, 24.4N,  68.5W,  75,  973,  120,  100,   50,   80,   40,   30,   20,   30,   20,   10,    0,   10,   10
20230827, 1200,  , HU, 24.9N,  69.1W,  80,  970,  120,  100,   60,   80,   40,   30,   20,   30,   20,   10,    0,   10,   10
20230827, 1800,  , HU, 25.5N,  69.7W,  80,  967,  120,  100,   70,   80,   50,   30,   30,   30,   20,   10,   10,   10,   10
20230828, 0000,  , HU, 26.0N,  70.3W,  85,  964,  120,  110,   80,   80,   40,   30,   30,   40,   20,   20,   10,   20,   10
20230828, 0600,  , HU, 26.7N,  70.6W, 100,  951,  130,  110,  100,   80,   50,   40,   30,   40,   25,   20,   10,   20,   10
20230828, 1200,  , HU, 27.5N,  70.9W, 125,  937,  130,  110,  110,   80,   60,   40,   40,   40,   30,   20,   20,   20,   10
20230828, 1800,  , HU, 28.2N,  71.1W, 125,  931,  130,  120,  110,   80,   60,   40,   40,   40,   30,   25,   20,   20,   10
20230829, 0000,  , HU, 28.9N,  71.1W, 130,  926,  130,  120,   80,   90,   70,   40,   40,   40,   30,   25,   20,   20,    5
20230829, 0600,  , HU, 29.7N,  71.0W, 120,  935,  130,  120,   80,   90,   70,   40,   40,   40,   30,   25,   20,   20,    5
20230829, 1200,  , HU, 30.3N,  70.7W, 115,  941,  130,  120,   80,   90,   70,   40,   40,   40,   30,   25,   20,   20,   20
20230829, 1800,  , HU, 31.1N,  70.2W, 110,  947,  130,  120,   80,   90,   70,   40,   40,   40,   30,   25,   20,   20,   20
20230830, 0000,  , HU, 31.8N,  69.5W, 100,  953,  130,  120,   80,   90,   70,   40,   40,   40,   30,   25,   20,   20,   25
20230830, 0600,  , HU, 32.6N,  68.7W,  95,  956,  130,  140,  120,   80,   70,   80,   70,   50,   35,   40,   25,   20,   30
20230830, 1200,  , HU, 33.2N,  67.8W,  95,  958,  130,  140,  120,   90,   70,   80,   70,   50,   35,   40,   25,   20,   30
20230830, 1800,  , HU, 33.9N,  66.7W,  90,  960,  120,  150,  130,   90,   70,   80,   70,   50,   35,   40,   25,   20,   25
20230831, 0000,  , HU, 34.4N,  65.2W,  90,  961,  120,  150,  130,   90,   70,   80,   70,   50,   35,   40,   25,   20,   25
20230831, 0600,  , HU, 34.7N,  63.9W,  85,  963,  120,  150,  130,   90,   70,   80,   70,   50,   40,   50,   35,   20,   20
20230831, 1200,  , HU, 35.1N,  62.6W,  85,  964,  120,  140,  140,   80,   80,   80,   70,   40,   40,   50,   40,   20,   20
20230831, 1800,  , HU, 35.6N,  61.1W,  80,  969,  120,  140,  140,   80,   80,   80,   70,   40,   40,   50,   40,   20,   30
20230901, 0000,  , HU, 36.4N,  59.7W,  75,  975,  120,  140,  140,   80,   80,   80,   70,   40,   40,   50,   40,   20,   30
20230901, 0600,  , HU, 37.4N,  58.2W,  70,  978,  110,  150,  130,  150,   70,   80,   70,   60,   40,   40,   40,   30,   40
20230901, 1200,  , HU, 38.2N,  56.6W,  65,  982,  100,  160,  120,  220,   50,   90,   80,   80,   30,   30,   50,   50,   50
20230901, 1800,  , EX, 38.8N,  54.6W,  70,  979,  180,  200,  150,  230,   50,   90,   80,   80,   30,   30,   50,   50,   50
20230902, 0000,  , EX, 39.6N,  52.0W,  70,  979,  270,  240,  180,  240,   60,  100,  100,   90,    0,   40,   50,   50,   50
20230902, 0600,  , EX, 41.2N,  48.8W,  70,  980,  270,  240,  180,  240,   60,  100,  100,   90,    0,   40,   50,   50,   50
20230902, 1200,  , EX, 43.0N,  45.9W,  65,  981,  270,  240,  210,  180,   90,  110,   90,   90,    0,    0,   60,   60,   60
20230902, 1800,  , EX, 44.8N,  43.4W,  65,  982,  280,  250,  200,  180,  120,  120,   90,  100,    0,    0,   70,   70,   70
20230903, 0000,  , EX, 45.8N,  41.0W,  65,  984,  280,  250,  200,  200,  120,  120,  120,   90,    0,   90,   90,    0,   80
20230903, 0600,  , EX, 46.4N,  38.7W,  60,  986,  200,  250,  200,  180,   60,   90,  100,  100,    0,    0,    0,    0,   80
20230903, 1200,  , EX, 47.0N,  36.2W,  55,  988,  130,  250,  220,  180,    0,   60,  100,  100,    0,    0,    0,    0,   70
20230903, 1800,  , EX, 47.7N,  33.4W,  55,  990,  130,  250,  220,  180,    0,   60,  100,  100,    0,    0,    0,    0,   40
20230904, 0000,  , EX, 47.8N,  30.8W,  50,  991,  130,  180,  220,  180,    0,   60,   80,    0,    0,    0,    0,    0,   60
20230904, 0600,  , EX, 47.5N,  28.6W,  45,  993,  130,  180,  200,  210,    0,    0,    0,    0,    0,    0,    0,    0,   60
20230904, 1200,  , EX, 47.1N,  27.3W,  40,  994,    0,    0,  200,  240,    0,    0,    0,    0,    0,    0,    0,    0,   80
20230904, 1800,  , EX, 46.7N,  26.8W,  40,  995,    0,    0,  210,  210,    0,    0,    0,    0,    0,    0,    0,    0,  100
20230905, 0000,  , EX, 46.0N,  26.6W,  40,  995,    0,    0,  210,  210,    0,    0,    0,    0,    0,    0,    0,    0,  100
20230905, 0600,  , EX, 44.6N,  26.3W,  40,  995,    0,    0,  210,  150,    0,    0,    0,    0,    0,    0,    0,    0,  100
20230905, 1200,  , EX, 42.8N,  25.4W,  40,  995,    0,    0,  210,  120,    0,    0,    0,    0,    0,    0,    0,    0,  100
20230905, 1800,  , EX, 41.0N,  23.8W,  40,  995,    0,    0,  180,  120,    0,    0,    0,    0,    0,    0,    0,    0,  100
20230906, 0000,  , EX, 40.1N,  21.6W,  35,  995,    0,  120,  150,    0,    0,    0,    0,    0,    0,    0,    0,    0,  100
20230906, 0600,  , EX, 40.1N,  19.4W,  35,  995,    0,  120,  150,    0,    0,    0,    0,    0,    0,    0,    0,    0,  100
20230906, 1200,  , EX, 41.3N,  17.7W,  40,  993,    0,  120,  150,    0,    0,    0,    0,    0,    0,    0,    0,    0,   70
20230906, 1800,  , EX, 43.3N,  16.5W,  45,  992,   60,  120,   90,    0,    0,    0,    0,    0,    0,    0,    0,    0,   50
20230907, 0000,  , EX, 45.4N,  16.0W,  50,  991,  120,   90,   30,   60,   30,   30,    0,    0,    0,    0,    0,    0,   30
20230907, 0600,  , EX, 46.8N,  16.1W,  50,  991,  120,   90,   30,   60,   30,   30,    0,    0,    0,    0,    0,    0,   30
20230907, 1200,  , EX, 47.7N,  16.3W,  45,  993,  120,   90,   30,   60,    0,    0,    0,    0,    0,    0,    0,    0,   30
20230907, 1800,  , EX, 48.5N,  16.5W,  40,  996,    0,   80,    0,    0,    0,    0,    0,    0,    0,    0,    0,    0,   30
20230908, 0000,  , EX, 48.5N,  17.2W,  35,  998,    0,   80,    0,    0,    0,    0,    0,    0,    0,    0,    0,    0,   30
20230908, 0600,  , EX, 48.3N,  17.8W,  30, 1001,    0,    0,    0,    0,    0,    0,    0,    0,    0,    0,    0,    0,   30
20230908, 1200,  , EX, 47.9N,  18.5W,  30, 1004,    0,    0,    0,    0,    0,    0,    0,    0,    0,    0,    0,    0,   30
20230908, 1800,  , EX, 47.2N,  18.9W,  30, 1006,    0,    0,    0,    0,    0,    0,    0,    0,    0,    0,    0,    0,   30
20230909, 0000,  , EX, 46.3N,  19.1W,  30, 1007,    0,    0,    0,    0,    0,    0,    0,    0,    0,    0,    0,    0,   30
20230909, 0600,  , EX, 45.3N,  19.4W,  30, 1007,    0,    0,    0,    0,    0,    0,    0,    0,    0,    0,    0,    0,   30
20230909, 1200,  , EX, 44.1N,  19.8W,  25, 1008,    0,    0,    0,    0,    0,    0,    0,    0,    0,    0,    0,    0,   30
20230909, 1800,  , EX, 43.1N,  20.3W,  25, 1008,    0,    0,    0,    0,    0,    0,    0,    0,    0,    0,    0,    0,   30
AL092023,             HAROLD,     10,
20230821, 1200,  , DB, 24.7N,  89.2W,  25, 1008,    0,    0,    0,    0,    0,    0,    0,    0,    0,    0,    0,    0,   90
20230821, 1800,  , TD, 25.0N,  90.8W,  30, 1008,    0,    0,    0,    0,    0,    0,    0,    0,    0,    0,    0,    0,   90
20230822, 0000,  , TD, 25.4N,  92.4W,  30, 1008,    0,    0,    0,    0,    0,    0,    0,    0,    0,    0,    0,    0,   70
20230822, 0600,  , TS, 25.8N,  94.3W,  40, 1003,  100,   30,    0,   60,    0,    0,    0,    0,    0,    0,    0,    0,   50
20230822, 1200,  , TS, 26.8N,  96.4W,  50,  996,  100,   30,    0,   60,   30,    0,    0,    0,    0,    0,    0,    0,   30
20230822, 1500, L, TS, 27.1N,  97.4W,  50,  995,  100,   30,    0,   60,   30,    0,    0,    0,    0,    0,    0,    0,   30
20230822, 1800,  , TS, 27.3N,  98.3W,  40,  997,  100,    0,    0,    0,    0,    0,    0,    0,    0,    0,    0,    0,   30
20230823, 0000,  , TD, 27.7N, 100.1W,  30, 1002,    0,    0,    0,    0,    0,    0,    0,    0,    0,    0,    0,    0,   40
20230823, 0600,  , TD, 28.5N, 101.7W,  25, 1007,    0,    0,    0,    0,    0,    0,    0,    0,    0,    0,    0,    0,   50
20230823, 1200,  , LO, 29.7N, 103.3W,  20, 1011,    0,    0,    0,    0,    0,    0,    0,    0,    0,    0,    0,    0,   50
AL102023,             IDALIA,     54,
20230826, 1200,  , TD, 20.8N,  86.1W,  25, 1006,    0,    0,    0,    0,    0,    0,    0,    0,    0,    0,    0,    0,   90
20230826, 1800,  , TD, 21.3N,  86.2W,  25, 1006,    0,    0,    0,    0,    0,    0,    0,    0,    0,    0,    0,    0,   70
20230827, 0000,  , TD, 21.1N,  86.4W,  30, 1004,    0,    0,    0,    0,    0,    0,    0,    0,    0,    0,    0,    0,   40
20230827, 0600, L, TD, 20.5N,  86.8W,  30, 1002,    0,    0,    0,    0,    0,    0,    0,    0,    0,    0,    0,    0,   20
20230827, 1200,  , TS, 19.9N,  86.3W,  35,  999,    0,   60,    0,    0,    0,    0,    0,    0,    0,    0,    0,    0,   20
20230827, 1800,  , TS, 19.9N,  85.8W,  40,  996,    0,   60,    0,    0,    0,    0,    0,    0,    0,    0,    0,    0,   20
20230828, 0000,  , TS, 19.8N,  85.4W,  45,  992,   40,   80,   20,    0,    0,    0,    0,    0,    0,    0,    0,    0,   20
20230828, 0600,  , TS, 19.9N,  85.2W,  55,  989,   60,   80,   20,    0,   20,   20,    0,    0,    0,    0,    0,    0,   20
20230828, 1200,  , TS, 20.6N,  85.2W,  55,  989,   70,  100,   40,   30,   30,   30,    0,    0,    0,    0,    0,    0,   20
20230828, 1800,  , TS, 21.2N,  85.2W,  60,  986,   80,  120,   50,   50,   30,   40,   20,   20,    0,    0,    0,    0,   20
20230829, 0000,  , TS, 21.8N,  85.1W,  60,  984,   90,  130,   50,   50,   30,   40,   20,   20,    0,    0,    0,    0,   20
20230829, 0600,  , HU, 22.6N,  85.0W,  65,  981,  110,  140,   50,   50,   40,   40,   20,   20,   15,   15,    0,    0,   15
20230829, 1200,  , HU, 23.8N,  84.8W,  70,  978,  120,  140,   50,   60,   50,   40,   20,   30,   20,   15,    0,   10,   15
20230829, 1800,  , HU, 25.3N,  84.8W,  80,  973,  120,  140,   50,   60,   50,   40,   20,   30,   20,   15,   10,   10,   15
20230830, 0000,  , HU, 26.9N,  84.7W,  90,  965,  120,  140,   50,   60,   50,   40,   20,   30,   20,   15,   10,   10,   10
20230830, 0600,  , HU, 28.3N,  84.5W, 105,  945,  120,  150,   60,   60,   60,   50,   30,   40,   20,   20,   15,   10,   10
20230830, 0900, I, HU, 29.1N,  84.1W, 115,  942,  130,  150,   70,   60,   60,   50,   30,   40,   20,   20,   15,   10,   10
20230830, 1145, L, HU, 29.9N,  83.6W, 100,  950,  130,  180,   50,   60,   60,   50,   30,   40,   20,   20,   15,   10,   10
20230830, 1200,  , HU, 30.0N,  83.5W, 100,  954,  140,  180,   50,   60,   50,   50,   30,   40,   20,   20,   15,   10,   10
20230830, 1800,  , TS, 31.5N,  82.5W,  60,  981,  140,  180,   60,   50,   40,   40,   30,   30,    0,    0,    0,    0,   20
20230831, 0000,  , TS, 32.7N,  80.9W,  50,  985,  140,  180,   50,   50,   40,   40,    0,    0,    0,    0,    0,    0,   40
20230831, 0600,  , TS, 33.5N,  78.9W,  50,  990,  160,  180,   70,   40,    0,   50,    0,    0,    0,    0,    0,    0,   40
20230831, 1200,  , EX, 33.7N,  77.0W,  55,  990,  180,  180,  160,  100,    0,    0,   40,   40,    0,    0,    0,    0,   40
20230831, 1800,  , EX, 33.6N,  74.6W,  55,  993,  200,  180,  160,  180,    0,    0,   60,   80,    0,    0,    0,    0,   40
20230901, 0000,  , EX, 33.4N,  72.3W,  55,  996,  200,  160,  180,  200,    0,    0,   60,  100,    0,    0,    0,    0,   60
20230901, 0600,  , EX, 32.7N,  70.5W,  50,  997,  200,  160,  180,  200,    0,    0,   80,  100,    0,    0,    0,    0,   80
20230901, 1200,  , EX, 32.3N,  68.8W,  50,  998,  200,  150,  180,  200,    0,    0,    0,  120,    0,    0,    0,    0,  100
20230901, 1800,  , EX, 32.1N,  67.1W,  50,  999,  210,  120,  180,  190,    0,    0,    0,   90,    0,    0,    0,    0,  100
20230902, 0000,  , EX, 31.9N,  65.7W,  50,  999,  180,  150,  180,  190,    0,    0,    0,   90,    0,    0,    0,    0,  100
20230902, 0600,  , EX, 31.8N,  64.7W,  50,  999,  180,  140,  160,  190,    0,    0,    0,   90,    0,    0,    0,    0,   80
20230902, 1200,  , EX, 31.8N,  63.9W,  50,  998,  180,    0,  120,  180,    0,    0,    0,   90,    0,    0,    0,    0,   90
20230902, 1800,  , EX, 31.8N,  63.1W,  50,  997,  180,    0,  120,  170,    0,    0,    0,   80,    0,    0,    0,    0,   80
20230903, 0000,  , EX, 32.0N,  62.2W,  50,  996,  180,    0,  120,  170,    0,    0,    0,   80,    0,    0,    0,    0,   80
20230903, 0600,  , EX, 32.5N,  61.3W,  50,  994,  180,    0,  120,  170,    0,    0,    0,   80,    0,    0,    0,    0,   80
20230903, 1200,  , EX, 33.4N,  60.5W,  50,  992,  180,    0,  120,  170,    0,    0,    0,   80,    0,    0,    0,    0,   80
20230903, 1800,  , EX, 34.9N,  59.7W,  55,  990,  180,    0,  120,  170,    0,    0,    0,   80,    0,    0,    0,    0,   80
20230904, 0000,  , EX, 36.2N,  58.9W,  60,  988,  180,    0,  120,  170,    0,    0,    0,   80,    0,    0,    0,    0,   80
20230904, 0600,  , EX, 37.6N,  58.0W,  60,  985,  180,    0,  120,  170,    0,    0,    0,   80,    0,    0,    0,    0,   80
20230904, 1200,  , EX, 39.2N,  57.5W,  55,  985,  210,  180,  180,  240,    0,    0,   90,   80,    0,    0,    0,    0,   90
20230904, 1800,  , EX, 40.5N,  57.9W,  55,  986,  210,  180,  180,  240,    0,    0,   90,   80,    0,    0,    0,    0,   80
20230905, 0000,  , EX, 41.1N,  58.7W,  50,  986,  180,  220,  180,  180,    0,    0,   70,    0,    0,    0,    0,    0,   50
20230905, 0600,  , EX, 41.6N,  59.1W,  50,  986,  180,  220,  180,  180,    0,    0,   70,    0,    0,    0,    0,    0,   50
20230905, 1200,  , EX, 42.2N,  59.3W,  45,  986,  100,  180,  200,   80,    0,    0,    0,    0,    0,    0,    0,    0,  120
20230905, 1800,  , EX, 42.6N,  59.8W,  40,  987,  100,  180,  200,   80,    0,    0,    0,    0,    0,    0,    0,    0,  120
20230906, 0000,  , EX, 42.6N,  60.5W,  35,  988,   50,  180,  180,   60,    0,    0,    0,    0,    0,    0,    0,    0,  120
20230906, 0600,  , EX, 42.6N,  61.4W,  35,  991,   50,  180,  180,   60,    0,    0,    0,    0,    0,    0,    0,    0,  120
20230906, 1200,  , EX, 42.6N,  62.0W,  35,  992,   50,  180,  180,   60,    0,    0,    0,    0,    0,    0,    0,    0,  120
20230906, 1800,  , EX, 42.6N,  62.8W,  35,  994,   50,  180,  180,   60,    0,    0,    0,    0,    0,    0,    0,    0,  120
20230907, 0000,  , EX, 42.9N,  62.9W,  30,  996,    0,    0,    0,    0,    0,    0,    0,    0,    0,    0,    0,    0,  120
20230907, 0600,  , EX, 43.0N,  62.1W,  30,  998,    0,    0,    0,    0,    0,    0,    0,    0,    0,    0,    0,    0,   90
20230907, 1200,  , EX, 43.2N,  61.1W,  30, 1000,    0,    0,    0,    0,    0,    0,    0,    0,    0,    0,    0,    0,   40
20230907, 1800,  , EX, 43.6N,  60.1W,  30, 1001,    0,    0,    0,    0,    0,    0,    0,    0,    0,    0,    0,    0,   40
20230908, 0000,  , EX, 44.3N,  59.3W,  30, 1002,    0,    0,    0,    0,    0,    0,    0,    0,    0,    0,    0,    0,   40
20230908, 0600,  , EX, 45.2N,  58.3W,  30, 1003,    0,    0,    0,    0,    0,    0,    0,    0,    0,    0,    0,    0,   40
AL112023,               JOSE,     16,
20230829, 0000,  , TD, 27.7N,  51.7W,  30, 1014,    0,    0,    0,    0,    0,    0,    0,    0,    0,    0,    0,    0,   30
20230829, 0600,  , TD, 27.7N,  51.5W,  30, 1013,    0,    0,    0,    0,    0,    0,    0,    0,    0,    0,    0,    0,   30
20230829, 1200,  , TD, 27.9N,  51.5W,  30, 1012,    0,    0,    0,    0,    0,    0,    0,    0,    0,    0,    0,    0,   30
20230829, 1800,  , TD, 28.0N,  51.8W,  30, 1012,    0,    0,    0,    0,    0,    0,    0,    0,    0,    0,    0,    0,   30
20230830, 0000,  , TD, 28.0N,  52.1W,  30, 1011,    0,    0,    0,    0,    0,    0,    0,    0,    0,    0,    0,    0,   30
20230830, 0600,  , TD, 28.1N,  52.1W,  30, 1010,    0,    0,    0,    0,    0,    0,    0,    0,    0,    0,    0,    0,   30
20230830, 1200,  , TD, 28.1N,  52.1W,  30, 1010,    0,    0,    0,    0,    0,    0,    0,    0,    0,    0,    0,    0,   30
20230830, 1800,  , TD, 28.2N,  52.1W,  30, 1010,    0,    0,    0,    0,    0,    0,    0,    0,    0,    0,    0,    0,   25
20230831, 0000,  , TS, 28.3N,  52.1W,  35, 1009,   40,   20,    0,    0,    0,    0,    0,    0,    0,    0,    0,    0,   20
20230831, 0600,  , TS, 28.6N,  52.1W,  40, 1006,   40,   20,    0,    0,    0,    0,    0,    0,    0,    0,    0,    0,   15
20230831, 1200,  , TS, 29.3N,  52.1W,  45, 1004,   30,   20,    0,    0,    0,    0,    0,    0,    0,    0,    0,    0,   10
20230831, 1800,  , TS, 30.4N,  52.3W,  50,  999,   30,   30,   20,   20,   20,   20,    0,    0,    0,    0,    0,    0,    5
20230901, 0000,  , TS, 31.6N,  52.5W,  55,  996,   30,   30,   20,   20,   20,   20,    0,    0,    0,    0,    0,    0,    5
20230901, 0600,  , TS, 32.9N,  52.4W,  55,  996,   30,   30,   20,   20,   20,   20,    0,    0,    0,    0,    0,    0,   10
20230901, 1200,  , TS, 34.9N,  51.4W,  50,  997,   40,   40,    0,    0,    0,   20,    0,    0,    0,    0,    0,    0,   20
20230901, 1800,  , TS, 37.4N,  49.8W,  50,  997,   60,   60,    0,    0,    0,   20,    0,    0,    0,    0,    0,    0,   20
AL122023,              KATIA,     67,
20230830, 0000,  , LO, 14.9N,  21.3W,  25, 1008,    0,    0,    0,    0,    0,    0,    0,    0,    0,    0,    0,    0,   90
20230830, 0600,  , LO, 15.2N,  22.4W,  25, 1007,    0,    0,    0,    0,    0,    0,    0,    0,    0,    0,    0,    0,   80
20230830, 1200,  , LO, 15.4N,  23.4W,  25, 1007,    0,    0,    0,    0,    0,    0,    0,    0,    0,    0,    0,    0,   70
20230830, 1800,  , LO, 15.5N,  24.1W,  25, 1007,    0,    0,    0,    0,    0,    0,    0,    0,    0,    0,    0,    0,   60
20230831, 0000,  , LO, 15.8N,  24.8W,  25, 1007,    0,    0,    0,    0,    0,    0,    0,    0,    0,    0,    0,    0,   60
20230831, 0600,  , LO, 16.1N,  25.5W,  25, 1007,    0,    0,    0,    0,    0,    0,    0,    0,    0,    0,    0,    0,   60
20230831, 1200,  , LO, 16.5N,  26.2W,  30, 1006,    0,    0,    0,    0,    0,    0,    0,    0,    0,    0,    0,    0,   60
20230831, 1800,  , TD, 17.0N,  27.0W,  30, 1006,    0,    0,    0,    0,    0,    0,    0,    0,    0,    0,    0,    0,   50
20230901, 0000,  , TD, 17.7N,  27.6W,  30, 1006,    0,    0,    0,    0,    0,    0,    0,    0,    0,    0,    0,    0,   50
20230901, 0600,  , TD, 18.5N,  27.9W,  30, 1006,    0,    0,    0,    0,    0,    0,    0,    0,    0,    0,    0,    0,   50
20230901, 1200,  , TD, 19.3N,  28.1W,  30, 1006,    0,    0,    0,    0,    0,    0,    0,    0,    0,    0,    0,    0,   50
20230901, 1800,  , TD, 20.2N,  28.3W,  30, 1006,    0,    0,    0,    0,    0,    0,    0,    0,    0,    0,    0,    0,   50
20230902, 0000,  , TS, 21.1N,  28.5W,  35, 1005,   40,    0,    0,    0,    0,    0,    0,    0,    0,    0,    0,    0,   40
20230902, 0600,  , TS, 22.3N,  28.8W,  40, 1004,   70,   40,    0,   40,    0,    0,    0,    0,    0,    0,    0,    0,   30
20230902, 1200,  , TS, 23.5N,  29.4W,  45, 1000,  100,   70,    0,   80,    0,    0,    0,    0,    0,    0,    0,    0,   30
20230902, 1800,  , TS, 24.5N,  30.1W,  50,  998,  100,   70,    0,   80,   30,    0,    0,    0,    0,    0,    0,    0,   30
20230903, 0000,  , TS, 25.3N,  30.9W,  45, 1000,   70,   50,    0,   50,    0,    0,    0,    0,    0,    0,    0,    0,   40
20230903, 0600,  , TS, 26.0N,  31.5W,  40, 1002,   60,   40,    0,   40,    0,    0,    0,    0,    0,    0,    0,    0,   40
20230903, 1200,  , TS, 26.5N,  32.0W,  35, 1006,   50,    0,    0,    0,    0,    0,    0,    0,    0,    0,    0,    0,   40
20230903, 1800,  , TS, 26.9N,  32.7W,  35, 1006,   50,    0,    0,    0,    0,    0,    0,    0,    0,    0,    0,    0,   50
20230904, 0000,  , TD, 27.1N,  33.3W,  30, 1007,    0,    0,    0,    0,    0,    0,    0,    0,    0,    0,    0,    0,   50
20230904, 0600,  , LO, 27.4N,  33.6W,  30, 1008,    0,    0,    0,    0,    0,    0,    0,    0,    0,    0,    0,    0,   60
20230904, 1200,  , LO, 27.7N,  34.0W,  30, 1009,    0,    0,    0,    0,    0,    0,    0,    0,    0,    0,    0,    0,   60
20230904, 1800,  , LO, 27.9N,  34.4W,  30, 1010,    0,    0,    0,    0,    0,    0,    0,    0,    0,    0,    0,    0,   60
20230905, 0000,  , LO, 28.0N,  34.5W,  25, 1010,    0,    0,    0,    0,    0,    0,    0,    0,    0,    0,    0,    0,   60
20230905, 0600,  , LO, 28.2N,  34.6W,  25, 1010,    0,    0,    0,    0,    0,    0,    0,    0,    0,    0,    0,    0,   60
20230905, 1200,  , LO, 28.3N,  34.6W,  25, 1010,    0,    0,    0,    0,    0,    0,    0,    0,    0,    0,    0,    0,   60
20230905, 1800,  , LO, 28.3N,  34.2W,  25, 1010,    0,    0,    0,    0,    0,    0,    0,    0,    0,    0,    0,    0,   50
20230906, 0000,  , LO, 28.0N,  33.7W,  25, 1010,    0,    0,    0,    0,    0,    0,    0,    0,    0,    0,    0,    0,   50
20230906, 0600,  , LO, 27.6N,  33.1W,  25, 1010,    0,    0,    0,    0,    0,    0,    0,    0,    0,    0,    0,    0,   50
20230906, 1200,  , LO, 27.4N,  32.2W,  25, 1011,    0,    0,    0,    0,    0,    0,    0,    0,    0,    0,    0,    0,   50
20230906, 1800,  , LO, 26.7N,  31.8W,  25, 1011,    0,    0,    0,    0,    0,    0,    0,    0,    0,    0,    0,    0,   50
20230907, 0000,  , LO, 26.0N,  31.8W,  30, 1010,    0,    0,    0,    0,    0,    0,    0,    0,    0,    0,    0,    0,   50
20230907, 0600,  , LO, 25.4N,  32.2W,  30, 1010,    0,    0,    0,    0,    0,    0,    0,    0,    0,    0,    0,    0,   50
20230907, 1200,  , LO, 24.6N,  32.7W,  25, 1011,    0,    0,    0,    0,    0,    0,    0,    0,    0,    0,    0,    0,   50
20230907, 1800,  , LO, 24.0N,  33.8W,  25, 1011,    0,    0,    0,    0,    0,    0,    0,    0,    0,    0,    0,    0,   50
20230908, 0000,  , LO, 23.2N,  34.8W,  25, 1011,    0,    0,    0,    0,    0,    0,    0,    0,    0,    0,    0,    0,   50
20230908, 0600,  , LO, 22.3N,  36.0W,  25, 1011,    0,    0,    0,    0,    0,    0,    0,    0,    0,    0,    0,    0,   50
20230908, 1200,  , LO, 21.5N,  37.6W,  25, 1011,    0,    0,    0,    0,    0,    0,    0,    0,    0,    0,    0,    0,   50
20230908, 1800,  , LO, 20.5N,  39.2W,  25, 1011,    0,    0,    0,    0,    0,    0,    0,    0,    0,    0,    0,    0,   50
20230909, 0000,  , LO, 19.6N,  40.9W,  25, 1011,    0,    0,    0,    0,    0,    0,    0,    0,    0,    0,    0,    0,   50
20230909, 0600,  , LO, 18.4N,  42.0W,  25, 1011,    0,    0,    0,    0,    0,    0,    0,    0,    0,    0,    0,    0,   50
20230909, 1200,  , LO, 17.6N,  42.9W,  25, 1011,    0,    0,    0,    0,    0,    0,    0,    0,    0,    0,    0,    0,   50
20230909, 1800,  , LO, 16.8N,  43.7W,  25, 1011,    0,    0,    0,    0,    0,    0,    0,    0,    0,    0,    0,    0,   50
20230910, 0000,  , LO, 16.0N,  44.5W,  20, 1012,    0,    0,    0,    0,    0,    0,    0,    0,    0,    0,    0,    0,   40
20230910, 0600,  , LO, 15.4N,  45.5W,  20, 1012,    0,    0,    0,    0,    0,    0,    0,    0,    0,    0,    0,    0,   40
20230910, 1200,  , LO, 15.0N,  46.3W,  20, 1012,    0,    0,    0,    0,    0,    0,    0,    0,    0,    0,    0,    0,   40
20230910, 1800,  , LO, 14.8N,  46.9W,  20, 1012,    0,    0,    0,    0,    0,    0,    0,    0,    0,    0,    0,    0,   40
20230911, 0000,  , LO, 14.6N,  47.4W,  20, 1012,    0,    0,    0,    0,    0,    0,    0,    0,    0,    0,    0,    0,   30
20230911, 0600,  , LO, 14.5N,  47.9W,  20, 1012,    0,    0,    0,    0,    0,    0,    0,    0,    0,    0,    0,    0,   30
20230911, 1200,  , LO, 14.4N,  48.1W,  20, 1012,    0,    0,    0,    0,    0,    0,    0,    0,    0,    0,    0,    0,   30
20230911, 1800,  , LO, 14.4N,  48.3W,  20, 1012,    0,    0,    0,    0,    0,    0,    0,    0,    0,    0,    0,    0,   30
20230912, 0000,  , LO, 14.4N,  48.3W,  20, 1012,    0,    0,    0,    0,    0,    0,    0,    0,    0,    0,    0,    0,   20
20230912, 0600,  , LO, 14.5N,  48.3W,  20, 1012,    0,    0,    0,    0,    0,    0,    0,    0,    0,    0,    0,    0,   20
20230912, 1200,  , LO, 14.6N,  48.2W,  20, 1012,    0,    0,    0,    0,    0,    0,    0,    0,    0,    0,    0,    0,   20
20230912, 1800,  , LO, 14.7N,  48.1W,  15, 1012,    0,    0,    0,    0,    0,    0,    0,    0,    0,    0,    0,    0,   20
20230913, 0000,  , LO, 14.9N,  48.0W,  15, 1012,    0,    0,    0,    0,    0,    0,    0,    0,    0,    0,    0,    0,   20
20230913, 0600,  , LO, 15.1N,  47.8W,  15, 1012,    0,    0,    0,    0,    0,    0,    0,    0,    0,    0,    0,    0,   20
20230913, 1200,  , LO, 15.0N,  47.6W,  15, 1012,    0,    0,    0,    0,    0,    0,    0,    0,    0,    0,    0,    0,   20
20230913, 1800,  , LO, 14.9N,  47.7W,  15, 1012,    0,    0,    0,    0,    0,    0,    0,    0,    0,    0,    0,    0,   20
20230914, 0000,  , LO, 14.7N,  47.8W,  15, 1012,    0,    0,    0,    0,    0,    0,    0,    0,    0,    0,    0,    0,   20
20230914, 0600,  , LO, 14.5N,  48.0W,  15, 1012,    0,    0,    0,    0,    0,    0,    0,    0,    0,    0,    0,    0,   20
20230914, 1200,  , LO, 14.2N,  48.4W,  15, 1012,    0,    0,    0,    0,    0,    0,    0,    0,    0,    0,    0,    0,   20
20230914, 1800,  , LO, 13.6N,  48.8W,  15, 1012,    0,    0,    0,    0,    0,    0,    0,    0,    0,    0,    0,    0,   20
20230915, 0000,  , LO, 13.0N,  49.2W,  15, 1012,    0,    0,    0,    0,    0,    0,    0,    0,    0,    0,    0,    0,   20
20230915, 0600,  , LO, 12.4N,  49.1W,  15, 1012,    0,    0,    0,    0,    0,    0,    0,    0,    0,    0,    0,    0,   20
20230915, 1200,  , LO, 11.8N,  48.8W,  15, 1012,    0,    0,    0,    0,    0,    0,    0,    0,    0,    0,    0,    0,   20
AL132023,                LEE,     55,
20230905, 1200,  , TD, 12.2N,  39.6W,  30, 1008,    0,    0,    0,    0,    0,    0,    0,    0,    0,    0,    0,    0,  100
20230905, 1800,  , TS, 12.9N,  41.1W,  35, 1006,   60,    0,    0,   60,    0,    0,    0,    0,    0,    0,    0,    0,   60
20230906, 0000,  , TS, 13.2N,  42.5W,  45, 1003,   60,   20,    0,   60,    0,    0,    0,    0,    0,    0,    0,    0,   60
20230906, 0600,  , TS, 13.5N,  43.9W,  55,  997,   70,   50,   30,   60,   30,    0,    0,    0,    0,    0,    0,    0,   30
20230906, 1200,  , TS, 14.0N,  45.0W,  60,  994,   70,   60,   40,   70,   30,   20,    0,   20,    0,    0,    0,    0,   30
20230906, 1800,  , HU, 14.6N,  46.1W,  65,  991,   80,   70,   50,   70,   40,   30,   20,   30,   15,    0,    0,    0,   15
20230907, 0000,  , HU, 15.1N,  47.1W,  70,  989,   80,   70,   50,   70,   40,   30,   20,   30,   15,    0,    0,    0,   15
20230907, 0600,  , HU, 15.6N,  48.2W,  75,  986,   90,   80,   50,   70,   40,   30,   20,   30,   15,    0,    0,   15,   15
20230907, 1200,  , HU, 16.1N,  49.4W,  85,  980,  110,  110,   50,   80,   40,   30,   30,   30,   25,   20,   15,   20,   15
20230907, 1800,  , HU, 16.6N,  50.7W, 105,  961,  120,  110,   50,   80,   40,   30,   30,   40,   30,   20,   20,   20,   15
20230908, 0000,  , HU, 17.0N,  51.8W, 135,  933,  120,  110,   50,   80,   60,   40,   30,   40,   40,   30,   20,   30,   10
20230908, 0600,  , HU, 17.5N,  53.0W, 145,  926,  120,  110,   50,   80,   70,   60,   40,   50,   40,   30,   30,   30,   10
20230908, 1200,  , HU, 17.9N,  54.1W, 135,  940,  120,  110,   60,   80,   70,   60,   30,   60,   30,   30,   25,   30,   10
20230908, 1800,  , HU, 18.5N,  55.1W, 125,  941,  130,  120,   60,   90,   70,   50,   30,   60,   30,   30,   20,   30,   10
20230909, 0000,  , HU, 19.0N,  56.0W, 105,  958,  150,  120,   70,  100,   70,   50,   40,   60,   25,   25,   15,   25,   10
20230909, 0600,  , HU, 19.5N,  57.0W, 100,  963,  150,  120,   70,  100,   70,   50,   40,   60,   25,   25,   15,   25,   10
20230909, 1200,  , HU, 20.0N,  57.9W, 100,  954,  150,  120,   70,  100,   70,   50,   40,   60,   30,   25,   15,   25,   10
20230909, 1800,  , HU, 20.4N,  58.8W,  95,  958,  160,  150,   80,  110,   80,   70,   30,   50,   35,   25,   20,   25,   10
20230910, 0000,  , HU, 20.8N,  59.5W,  85,  960,  160,  150,   80,  110,   80,   70,   30,   50,   35,   25,   20,   30,   10
20230910, 0600,  , HU, 21.2N,  60.2W,  90,  960,  140,  130,   80,  110,   80,   60,   30,   70,   35,   30,   20,   35,   15
20230910, 1200,  , HU, 21.5N,  60.8W,  95,  956,  140,  130,   80,  110,   80,   60,   30,   80,   35,   30,   20,   35,   15
20230910, 1800,  , HU, 21.9N,  61.4W, 105,  954,  150,  140,  100,  140,   90,   70,   50,   80,   50,   35,   30,   45,   15
20230911, 0000,  , HU, 22.3N,  61.9W, 105,  950,  150,  140,  100,  140,  110,   80,   60,   90,   65,   40,   40,   55,   15
20230911, 0600,  , HU, 22.8N,  62.5W, 105,  950,  160,  150,  110,  150,  110,   90,   70,   90,   65,   45,   40,   55,   15
20230911, 1200,  , HU, 23.2N,  63.2W, 105,  948,  160,  150,  110,  150,  110,   90,   70,   90,   65,   45,   40,   55,   15
20230911, 1800,  , HU, 23.5N,  63.9W, 100,  948,  160,  150,  110,  150,  110,   90,   70,   90,   65,   50,   45,   60,   15
20230912, 0000,  , HU, 23.7N,  64.5W, 100,  948,  160,  150,  120,  150,  110,   90,   80,  100,   70,   60,   50,   60,   25
20230912, 0600,  , HU, 23.9N,  65.1W, 100,  948,  160,  150,  120,  150,  120,   90,   80,  100,   70,   60,   50,   60,   25
20230912, 1200,  , HU, 24.1N,  65.7W, 100,  948,  180,  170,  140,  160,  120,  110,   80,  120,   80,   60,   50,   60,   30
20230912, 1800,  , HU, 24.5N,  66.2W, 100,  946,  210,  200,  150,  170,  150,  130,   90,  120,   90,   90,   60,   70,   30
20230913, 0000,  , HU, 24.9N,  66.6W, 100,  946,  210,  200,  150,  170,  150,  130,   90,  120,  110,  100,   60,   70,   30
20230913, 0600,  , HU, 25.3N,  66.9W, 100,  948,  210,  210,  160,  170,  130,  120,   90,  110,  110,  100,   60,   70,   30
20230913, 1200,  , HU, 26.0N,  67.2W,  95,  950,  210,  210,  160,  170,  130,  120,   90,  110,  100,   90,   60,   70,   40
20230913, 1800,  , HU, 26.8N,  67.6W,  90,  951,  230,  230,  170,  180,  140,  130,  100,  120,  100,   90,   80,   70,   50
20230914, 0000,  , HU, 27.6N,  67.8W,  90,  951,  230,  230,  170,  180,  140,  130,  120,  130,   90,   80,   80,   70,   50
20230914, 0600,  , HU, 28.5N,  68.0W,  85,  953,  250,  250,  170,  190,  140,  130,  110,  120,   90,   80,   70,   70,   50
20230914, 1200,  , HU, 29.8N,  68.2W,  80,  955,  270,  250,  170,  190,  140,  130,  110,  120,   80,   80,   70,   70,   50
20230914, 1800,  , HU, 31.1N,  68.3W,  75,  955,  270,  270,  200,  210,  170,  170,  120,  120,   90,   80,   70,   80,   60
20230915, 0000,  , HU, 32.1N,  67.8W,  75,  955,  270,  270,  200,  210,  160,  170,  110,  150,   90,   80,   70,   80,   60
20230915, 0600,  , HU, 33.6N,  67.6W,  75,  957,  280,  280,  200,  220,  160,  170,  110,  150,   90,   80,   70,   80,   60
20230915, 1200,  , HU, 35.1N,  67.1W,  75,  962,  280,  280,  200,  220,  160,  170,  110,  150,   90,   80,   70,   80,   60
20230915, 1800,  , HU, 37.1N,  66.7W,  75,  962,  270,  270,  240,  300,  160,  170,  120,  150,   90,   80,   70,  100,   75
20230916, 0000,  , HU, 38.7N,  65.9W,  75,  963,  300,  300,  250,  300,  180,  180,  150,  180,   90,  120,  110,  100,   90
20230916, 0600,  , EX, 40.9N,  66.0W,  70,  965,  300,  300,  250,  270,  180,  180,  160,  180,    0,  120,  110,    0,  100
20230916, 1200,  , EX, 42.7N,  66.3W,  65,  965,  220,  280,  200,  140,  130,  150,    0,   80,    0,  100,    0,    0,  100
20230916, 1800,  , EX, 43.8N,  66.4W,  55,  968,  220,  280,  200,  140,  130,  150,    0,   80,    0,    0,    0,    0,  100
20230916, 2000, L, EX, 44.3N,  66.3W,  55,  970,  220,  280,  200,  140,  130,  150,    0,   80,    0,    0,    0,    0,  100
20230917, 0000,  , EX, 44.7N,  66.2W,  55,  979,  220,  280,  170,  100,   60,  100,    0,   60,    0,    0,    0,    0,  100
20230917, 0600,  , EX, 45.9N,  64.8W,  50,  986,  210,  250,  150,    0,    0,  120,    0,    0,    0,    0,    0,    0,  120
20230917, 1200,  , EX, 47.3N,  63.0W,  40,  989,  210,  250,  150,    0,    0,    0,    0,    0,    0,    0,    0,    0,  120
20230917, 1800,  , EX, 48.6N,  60.1W,  40,  989,  210,  250,  150,    0,    0,    0,    0,    0,    0,    0,    0,    0,  120
20230918, 0000,  , EX, 50.7N,  57.9W,  35,  994,  230,  240,  210,    0,    0,    0,    0,    0,    0,    0,    0,    0,  120
20230918, 0600,  , EX, 51.7N,  53.2W,  35,  994,  230,  240,  180,  130,    0,    0,    0,    0,    0,    0,    0,    0,  120
20230918, 1200,  , EX, 52.6N,  48.6W,  40,  993,  230,  240,  180,  130,    0,    0,    0,    0,    0,    0,    0,    0,  120
20230918, 1800,  , EX, 53.0N,  42.0W,  40,  993,  230,  240,  180,  130,    0,    0,    0,    0,    0,    0,    0,    0,  120
AL142023,             MARGOT,     46,
20230907, 1200,  , TD, 15.5N,  26.0W,  30, 1006,    0,    0,    0,    0,    0,    0,    0,    0,    0,    0,    0,    0,   20
20230907, 1800,  , TS, 16.0N,  27.3W,  35, 1005,   20,    0,    0,   20,    0,    0,    0,    0,    0,    0,    0,    0,   20
20230908, 0000,  , TS, 16.5N,  28.6W,  35, 1005,   20,    0,    0,   20,    0,    0,    0,    0,    0,    0,    0,    0,   20
20230908, 0600,  , TS, 17.1N,  30.1W,  35, 1005,   20,    0,    0,   20,    0,    0,    0,    0,    0,    0,    0,    0,   20
20230908, 1200,  , TS, 17.8N,  31.8W,  35, 1005,   20,    0,    0,   20,    0,    0,    0,    0,    0,    0,    0,    0,   20
20230908, 1800,  , TS, 18.5N,  33.6W,  35, 1005,   30,    0,    0,   20,    0,    0,    0,    0,    0,    0,    0,    0,   20
20230909, 0000,  , TS, 19.1N,  35.1W,  35, 1005,   30,    0,    0,   20,    0,    0,    0,    0,    0,    0,    0,    0,   20
20230909, 0600,  , TS, 19.7N,  36.4W,  40, 1004,   40,    0,    0,   20,    0,    0,    0,    0,    0,    0,    0,    0,   20
20230909, 1200,  , TS, 20.2N,  37.5W,  40, 1004,   50,    0,    0,   30,    0,    0,    0,    0,    0,    0,    0,    0,   20
20230909, 1800,  , TS, 20.7N,  38.3W,  40, 1004,   60,    0,    0,   40,    0,    0,    0,    0,    0,    0,    0,    0,   20
20230910, 0000,  , TS, 21.2N,  38.9W,  45, 1003,   70,   50,    0,   50,    0,    0,    0,    0,    0,    0,    0,    0,   20
20230910, 0600,  , TS, 21.8N,  39.4W,  45, 1002,   70,   50,    0,   60,    0,    0,    0,    0,    0,    0,    0,    0,   20
20230910, 1200,  , TS, 22.5N,  39.8W,  45, 1000,   70,   50,    0,   70,    0,    0,    0,    0,    0,    0,    0,    0,   20
20230910, 1800,  , TS, 23.3N,  40.0W,  50,  998,   90,   60,   20,   80,   20,    0,    0,   20,    0,    0,    0,    0,   20
20230911, 0000,  , TS, 24.0N,  40.0W,  55,  996,  110,   70,   40,   90,   20,    0,    0,   20,    0,    0,    0,    0,   20
20230911, 0600,  , TS, 24.7N,  40.0W,  55,  993,  130,   80,   60,  100,   20,    0,    0,   20,    0,    0,    0,    0,   15
20230911, 1200,  , TS, 25.5N,  40.0W,  60,  990,  150,   90,   70,  110,   30,   20,   20,   20,    0,    0,    0,    0,   15
20230911, 1800,  , HU, 26.4N,  39.9W,  65,  986,  170,  100,   80,  120,   40,   30,   30,   30,   15,   15,    0,   15,   15
20230912, 0000,  , HU, 27.5N,  39.6W,  70,  981,  190,  110,   90,  130,   50,   40,   40,   40,   15,   15,    0,   15,   15
20230912, 0600,  , HU, 28.6N,  39.4W,  75,  977,  210,  130,  100,  140,   60,   60,   50,   50,   20,   20,   10,   20,   10
20230912, 1200,  , HU, 29.8N,  39.3W,  75,  974,  230,  150,  120,  160,   60,   80,   60,   60,   30,   30,   20,   30,   10
20230912, 1800,  , HU, 31.0N,  39.4W,  75,  972,  220,  180,  130,  170,   80,   80,   60,   70,   40,   40,   30,   40,   10
20230913, 0000,  , HU, 32.1N,  39.6W,  75,  970,  200,  200,  140,  180,   90,   80,   60,   80,   50,   40,   30,   50,   10
20230913, 0600,  , HU, 33.0N,  39.9W,  80,  969,  200,  200,  140,  180,   90,   80,   60,   80,   60,   40,   20,   50,   10
20230913, 1200,  , HU, 33.7N,  40.3W,  80,  969,  200,  200,  140,  180,   90,   80,   60,   80,   60,   50,   10,   50,   10
20230913, 1800,  , HU, 34.4N,  40.6W,  75,  970,  200,  200,  140,  180,   90,   80,   60,   80,   60,   60,   10,   50,   10
20230914, 0000,  , HU, 35.1N,  40.7W,  75,  972,  190,  200,  140,  170,   90,   80,   60,   80,   60,   60,   10,   50,   10
20230914, 0600,  , HU, 35.8N,  40.5W,  70,  974,  180,  200,  140,  170,  100,   90,   60,   90,   60,   60,    0,   60,   50
20230914, 1200,  , HU, 36.3N,  40.1W,  70,  976,  180,  200,  140,  170,  110,   90,   70,  100,   60,   60,    0,   60,   60
20230914, 1800,  , HU, 36.6N,  39.6W,  70,  978,  190,  190,  140,  180,  100,   90,   70,  100,   60,    0,    0,   60,   60
20230915, 0000,  , HU, 36.7N,  39.1W,  65,  980,  200,  180,  140,  190,  100,   90,   70,  100,   60,    0,    0,   60,   60
20230915, 0600,  , TS, 36.7N,  38.6W,  60,  982,  220,  170,  140,  200,  100,   90,   70,  100,    0,    0,    0,    0,   60
20230915, 1200,  , TS, 36.5N,  38.1W,  55,  984,  240,  160,  140,  210,   90,   90,    0,   90,    0,    0,    0,    0,   60
20230915, 1800,  , TS, 36.1N,  37.8W,  55,  986,  260,  150,  140,  220,   90,   90,    0,   90,    0,    0,    0,    0,   60
20230916, 0000,  , TS, 35.7N,  37.8W,  55,  988,  280,  140,  140,  220,   80,    0,    0,   80,    0,    0,    0,    0,   60
20230916, 0600,  , TS, 35.2N,  38.0W,  55,  990,  260,  120,  130,  210,   80,    0,    0,   80,    0,    0,    0,    0,   70
20230916, 1200,  , TS, 34.7N,  38.5W,  50,  993,  240,  110,  110,  200,   80,    0,    0,   80,    0,    0,    0,    0,   80
20230916, 1800,  , TS, 34.3N,  39.2W,  45,  996,  220,  100,   90,  190,    0,    0,    0,    0,    0,    0,    0,    0,   80
20230917, 0000,  , LO, 34.0N,  40.1W,  40,  999,  160,   90,   70,  160,    0,    0,    0,    0,    0,    0,    0,    0,   80
20230917, 0600,  , LO, 34.0N,  41.1W,  35, 1001,  120,   90,    0,  120,    0,    0,    0,    0,    0,    0,    0,    0,   80
20230917, 1200,  , LO, 34.3N,  42.0W,  35, 1003,   90,   90,    0,   60,    0,    0,    0,    0,    0,    0,    0,    0,   80
20230917, 1800,  , LO, 34.7N,  43.0W,  35, 1005,   90,   90,    0,   60,    0,    0,    0,    0,    0,    0,    0,    0,   80
20230918, 0000,  , LO, 35.3N,  43.6W,  30, 1006,    0,    0,    0,    0,    0,    0,    0,    0,    0,    0,    0,    0,   80
20230918, 0600,  , LO, 36.0N,  43.8W,  30, 1007,    0,    0,    0,    0,    0,    0,    0,    0,    0,    0,    0,    0,   80
20230918, 1200,  , LO, 36.8N,  43.6W,  30, 1008,    0,    0,    0,    0,    0,    0,    0,    0,    0,    0,    0,    0,   80
20230918, 1800,  , LO, 37.8N,  42.7W,  30, 1009,    0,    0,    0,    0,    0,    0,    0,    0,    0,    0,    0,    0,   80
AL152023,              NIGEL,     46,
20230915, 0600,  , TD, 13.6N,  42.2W,  30, 1007,    0,    0,    0,    0,    0,    0,    0,    0,    0,    0,    0,    0,   70
20230915, 1200,  , TD, 14.3N,  43.2W,  30, 1007,    0,    0,    0,    0,    0,    0,    0,    0,    0,    0,    0,    0,   70
20230915, 1800,  , TD, 15.2N,  44.0W,  30, 1007,    0,    0,    0,    0,    0,    0,    0,    0,    0,    0,    0,    0,   80
20230916, 0000,  , TD, 16.1N,  44.8W,  30, 1007,    0,    0,    0,    0,    0,    0,    0,    0,    0,    0,    0,    0,   80
20230916, 0600,  , TD, 17.4N,  45.4W,  30, 1007,    0,    0,    0,    0,    0,    0,    0,    0,    0,    0,    0,    0,  100
20230916, 1200,  , TD, 18.7N,  46.0W,  30, 1006,    0,    0,    0,    0,    0,    0,    0,    0,    0,    0,    0,    0,  100
20230916, 1800,  , TD, 20.1N,  46.7W,  30, 1006,    0,    0,    0,    0,    0,    0,    0,    0,    0,    0,    0,    0,  100
20230917, 0000,  , TS, 21.4N,  47.6W,  35, 1005,   80,    0,    0,   60,    0,    0,    0,    0,    0,    0,    0,    0,   80
20230917, 0600,  , TS, 22.5N,  48.3W,  45, 1001,  120,   60,   40,   90,    0,    0,    0,    0,    0,    0,    0,    0,   40
20230917, 1200,  , TS, 23.5N,  48.8W,  50,  997,  120,   60,   40,   90,   40,   30,    0,    0,    0,    0,    0,    0,   40
20230917, 1800,  , TS, 24.5N,  49.4W,  55,  994,  120,   60,   40,   90,   40,   30,    0,    0,    0,    0,    0,    0,   40
20230918, 0000,  , TS, 25.3N,  50.0W,  60,  992,  130,   90,   50,  110,   40,   30,    0,   40,    0,    0,    0,    0,   30
20230918, 0600,  , HU, 26.0N,  50.6W,  65,  987,  140,   90,   50,  120,   50,   40,   20,   40,   20,   20,    0,    0,   20
20230918, 1200,  , HU, 26.8N,  51.1W,  65,  987,  140,  110,   50,  120,   50,   40,   20,   40,   20,   20,    0,    0,   20
20230918, 1800,  , HU, 27.5N,  51.7W,  70,  982,  140,  120,   80,  130,   50,   50,   30,   50,   20,   20,    0,    0,   20
20230919, 0000,  , HU, 28.2N,  52.4W,  75,  979,  150,  120,   80,  130,   80,   60,   50,   70,   40,   40,   30,   40,   30
20230919, 0600,  , HU, 29.0N,  53.2W,  75,  979,  150,  120,   80,  130,   80,   60,   50,   70,   40,   40,   30,   40,   30
20230919, 1200,  , HU, 29.9N,  54.0W,  80,  975,  150,  120,   80,  130,   80,   60,   50,   70,   40,   40,   30,   40,   30
20230919, 1800,  , HU, 31.1N,  54.7W,  85,  972,  150,  140,  100,  130,   90,   80,   60,   70,   50,   40,   35,   40,   30
20230920, 0000,  , HU, 32.4N,  55.0W,  85,  971,  150,  140,  100,  130,   90,   80,   60,   70,   50,   40,   35,   40,   30
20230920, 0600,  , HU, 33.7N,  55.2W,  85,  971,  140,  130,  100,  130,   90,   80,   60,   70,   50,   40,   35,   40,   30
20230920, 1200,  , HU, 35.2N,  54.7W,  80,  972,  140,  130,  100,  130,   90,   80,   60,   70,   50,   40,   35,   40,   30
20230920, 1800,  , HU, 36.7N,  53.6W,  80,  972,  140,  130,  100,  130,   90,   80,   60,   70,   50,   40,   35,   40,   30
20230921, 0000,  , HU, 38.3N,  51.6W,  80,  973,  140,  130,  100,  130,   90,   80,   60,   70,   50,   40,   35,   40,   30
20230921, 0600,  , HU, 40.0N,  49.2W,  75,  975,  130,  130,  110,  130,   80,   80,   60,   70,   50,   40,   30,   40,   30
20230921, 1200,  , HU, 41.3N,  46.3W,  75,  975,  130,  150,  110,  130,   80,   80,   60,   70,   50,   40,   30,   40,   30
20230921, 1800,  , HU, 42.8N,  42.8W,  70,  975,  160,  180,  180,  110,  100,  110,   80,   60,   60,   60,   40,   30,   40
20230922, 0000,  , HU, 44.3N,  38.7W,  65,  975,  180,  200,  180,  110,  100,  110,   80,   60,   60,   60,   40,   30,   40
20230922, 0600,  , EX, 45.4N,  34.3W,  60,  974,  180,  200,  190,  110,   90,  110,   80,   60,    0,    0,    0,    0,   40
20230922, 1200,  , EX, 47.2N,  30.2W,  55,  972,  180,  200,  190,  100,   90,  110,   80,   40,    0,    0,    0,    0,   40
20230922, 1800,  , EX, 48.9N,  26.8W,  55,  971,  100,  200,  190,    0,   30,   70,   80,    0,    0,    0,    0,    0,   40
20230923, 0000,  , EX, 50.9N,  24.0W,  55,  969,  100,  200,  190,    0,   30,   70,   80,    0,    0,    0,    0,    0,   40
20230923, 0600,  , EX, 53.3N,  22.2W,  55,  967,  270,  330,  180,  100,  120,    0,    0,    0,    0,    0,    0,    0,   40
20230923, 1200,  , EX, 55.6N,  22.7W,  55,  964,  330,  480,  120,  150,  120,    0,    0,    0,    0,    0,    0,    0,   40
20230923, 1800,  , EX, 57.7N,  23.2W,  55,  961,  360,  120,  120,  210,   60,    0,    0,    0,    0,    0,    0,    0,   40
20230924, 0000,  , EX, 58.3N,  25.6W,  50,  958,  420,  120,  150,  270,    0,    0,    0,  120,    0,    0,    0,    0,   40
20230924, 0600,  , EX, 57.4N,  27.4W,  50,  958,  420,  120,  150,  270,    0,    0,    0,  120,    0,    0,    0,    0,   50
20230924, 1200,  , EX, 56.1N,  26.7W,  45,  961,  570,  510,  420,  420,    0,    0,    0,    0,    0,    0,    0,    0,   50
20230924, 1800,  , EX, 56.4N,  23.5W,  45,  964,  540,  390,  360,  480,    0,    0,    0,    0,    0,    0,    0,    0,   50
20230925, 0000,  , EX, 58.0N,  20.9W,  40,  969,  420,  360,  420,  540,    0,    0,    0,    0,    0,    0,    0,    0,   50
20230925, 0600,  , EX, 60.1N,  18.6W,  40,  971,  420,  360,  420,  540,    0,    0,    0,    0,    0,    0,    0,    0,   50
20230925, 1200,  , EX, 61.0N,  18.5W,  40,  972,  420,  360,  420,  540,    0,    0,    0,    0,    0,    0,    0,    0,   50
20230925, 1800,  , EX, 61.5N,  19.4W,  40,  974,  420,  360,  420,  540,    0,    0,    0,    0,    0,    0,    0,    0,   50
20230926, 0000,  , EX, 61.5N,  20.9W,  40,  976,  420,  360,  420,  540,    0,    0,    0,    0,    0,    0,    0,    0,   50
20230926, 0600,  , EX, 61.5N,  22.5W,  40,  977,  420,  360,  420,  540,    0,    0,    0,    0,    0,    0,    0,    0,   50
20230926, 1200,  , EX, 61.5N,  23.3W,  40,  977,  420,  360,  420,  540,    0,    0,    0,    0,    0,    0,    0,    0,   50
AL162023,            OPHELIA,     15,
20230921, 1200,  , EX, 28.5N,  76.0W,  30, 1012,    0,    0,    0,    0,    0,    0,    0,    0,    0,    0,    0,    0,  150
20230921, 1800,  , EX, 29.0N,  75.6W,  30, 1012,    0,    0,    0,    0,    0,    0,    0,    0,    0,    0,    0,    0,  150
20230922, 0000,  , EX, 29.5N,  75.3W,  35, 1008,  210,    0,    0,  180,    0,    0,    0,    0,    0,    0,    0,    0,  120
20230922, 0600,  , EX, 30.3N,  75.1W,  40, 1002,  210,    0,    0,  180,    0,    0,    0,    0,    0,    0,    0,    0,  100
20230922, 1200,  , EX, 31.6N,  75.5W,  50,  996,  240,    0,   60,  180,    0,    0,    0,   90,    0,    0,    0,    0,   90
20230922, 1800,  , TS, 32.7N,  76.1W,  60,  989,  270,   70,   70,  160,    0,    0,   40,   80,    0,    0,    0,    0,   60
20230923, 0000,  , TS, 33.3N,  76.6W,  60,  983,  270,   90,  120,  120,    0,    0,   60,   60,    0,    0,    0,    0,   40
20230923, 0600,  , TS, 33.8N,  77.1W,  60,  981,  270,   90,  120,   90,   40,   40,   50,   60,    0,    0,    0,    0,   30
20230923, 1015, L, TS, 34.7N,  77.1W,  60,  981,  270,  120,   90,   80,   40,   40,   50,   60,    0,    0,    0,    0,   30
20230923, 1200,  , TS, 35.1N,  77.1W,  50,  982,  270,  120,   80,   60,   40,   40,    0,   40,    0,    0,    0,    0,   40
20230923, 1800,  , TS, 36.3N,  77.5W,  40,  997,  270,  120,    0,   40,    0,    0,    0,    0,    0,    0,    0,    0,  100
20230924, 0000,  , EX, 36.8N,  77.6W,  30, 1002,    0,    0,    0,    0,    0,    0,    0,    0,    0,    0,    0,    0,  150
20230924, 0600,  , EX, 37.2N,  77.6W,  25, 1006,    0,    0,    0,    0,    0,    0,    0,    0,    0,    0,    0,    0,  150
20230924, 1200,  , EX, 37.9N,  77.4W,  20, 1009,    0,    0,    0,    0,    0,    0,    0,    0,    0,    0,    0,    0,  200
20230924, 1800,  , EX, 38.9N,  76.9W,  20, 1010,    0,    0,    0,    0,    0,    0,    0,    0,    0,    0,    0,    0,  200
AL172023,           PHILIPPE,     54,
20230923, 0600,  , TD, 15.5N,  36.6W,  30, 1007,    0,    0,    0,    0,    0,    0,    0,    0,    0,    0,    0,    0,   70
20230923, 1200,  , TD, 15.6N,  38.0W,  30, 1007,    0,    0,    0,    0,    0,    0,    0,    0,    0,    0,    0,    0,   70
20230923, 1800,  , TS, 15.7N,  39.1W,  35, 1005,  100,    0,    0,    0,    0,    0,    0,    0,    0,    0,    0,    0,   60
20230924, 0000,  , TS, 15.8N,  39.8W,  40, 1003,  100,    0,    0,    0,    0,    0,    0,    0,    0,    0,    0,    0,   50
20230924, 0600,  , TS, 16.0N,  40.5W,  45, 1001,  100,   60,    0,    0,    0,    0,    0,    0,    0,    0,    0,    0,   50
20230924, 1200,  , TS, 16.3N,  41.3W,  45, 1000,  100,   80,    0,   80,    0,    0,    0,    0,    0,    0,    0,    0,   40
20230924, 1800,  , TS, 16.6N,  42.0W,  45, 1000,  100,   80,    0,   80,    0,    0,    0,    0,    0,    0,    0,    0,   40
20230925, 0000,  , TS, 16.9N,  42.9W,  45, 1000,  100,   70,    0,   70,    0,    0,    0,    0,    0,    0,    0,    0,   40
20230925, 0600,  , TS, 17.1N,  43.8W,  50,  998,  100,   70,    0,   70,   30,    0,    0,    0,    0,    0,    0,    0,   30
20230925, 1200,  , TS, 17.1N,  44.8W,  50,  998,  100,   70,    0,   70,   30,    0,    0,    0,    0,    0,    0,    0,   30
20230925, 1800,  , TS, 17.1N,  46.2W,  45, 1000,  110,  100,    0,   50,    0,    0,    0,    0,    0,    0,    0,    0,   40
20230926, 0000,  , TS, 17.4N,  47.3W,  45, 1001,  130,  150,    0,   50,    0,    0,    0,    0,    0,    0,    0,    0,   50
20230926, 0600,  , TS, 17.5N,  48.5W,  45, 1001,  140,  150,    0,   50,    0,    0,    0,    0,    0,    0,    0,    0,   50
20230926, 1200,  , TS, 17.4N,  49.7W,  40, 1003,  150,  150,    0,    0,    0,    0,    0,    0,    0,    0,    0,    0,   60
20230926, 1800,  , TS, 17.1N,  50.8W,  40, 1003,  170,  160,    0,    0,    0,    0,    0,    0,    0,    0,    0,    0,   70
20230927, 0000,  , TS, 17.2N,  51.6W,  40, 1003,  190,  170,    0,    0,    0,    0,    0,    0,    0,    0,    0,    0,   80
20230927, 0600,  , TS, 17.4N,  52.3W,  40, 1003,  170,  170,    0,    0,    0,    0,    0,    0,    0,    0,    0,    0,   80
20230927, 1200,  , TS, 17.5N,  53.0W,  45, 1000,  150,  130,    0,    0,    0,    0,    0,    0,    0,    0,    0,    0,   80
20230927, 1800,  , TS, 17.8N,  53.7W,  45, 1000,  140,  130,    0,    0,    0,    0,    0,    0,    0,    0,    0,    0,   80
20230928, 0000,  , TS, 18.1N,  54.3W,  40, 1002,  130,  130,    0,    0,    0,    0,    0,    0,    0,    0,    0,    0,   90
20230928, 0600,  , TS, 18.5N,  54.5W,  40, 1002,  120,  120,    0,    0,    0,    0,    0,    0,    0,    0,    0,    0,   90
20230928, 1200,  , TS, 18.7N,  54.7W,  40, 1002,  120,  120,    0,    0,    0,    0,    0,    0,    0,    0,    0,    0,   90
20230928, 1800,  , TS, 18.6N,  54.8W,  40, 1002,  110,  110,    0,    0,    0,    0,    0,    0,    0,    0,    0,    0,   90
20230929, 0000,  , TS, 18.5N,  54.9W,  40, 1002,  110,  110,    0,    0,    0,    0,    0,    0,    0,    0,    0,    0,   80
20230929, 0600,  , TS, 18.4N,  55.0W,  40, 1002,  100,  110,    0,    0,    0,    0,    0,    0,    0,    0,    0,    0,   80
20230929, 1200,  , TS, 18.2N,  55.3W,  45, 1002,  100,  110,    0,    0,    0,    0,    0,    0,    0,    0,    0,    0,   80
20230929, 1800,  , TS, 18.0N,  55.6W,  45, 1002,   90,  120,    0,    0,    0,    0,    0,    0,    0,    0,    0,    0,   80
20230930, 0000,  , TS, 17.6N,  55.7W,  45, 1001,   90,  120,    0,    0,    0,    0,    0,    0,    0,    0,    0,    0,   80
20230930, 0600,  , TS, 17.2N,  55.8W,  45,  999,   90,  120,    0,   70,    0,    0,    0,    0,    0,    0,    0,    0,   80
20230930, 1200,  , TS, 16.8N,  56.0W,  45,  999,  100,  120,    0,   70,    0,    0,    0,    0,    0,    0,    0,    0,   80
20230930, 1800,  , TS, 16.4N,  56.3W,  50,  998,  110,  130,    0,   80,    0,   70,    0,    0,    0,    0,    0,    0,   70
20231001, 0000,  , TS, 16.1N,  56.7W,  50,  998,  100,  130,    0,   80,    0,   70,    0,    0,    0,    0,    0,    0,   70
20231001, 0600,  , TS, 16.0N,  57.5W,  50,  999,  100,  140,    0,   60,    0,   70,    0,    0,    0,    0,    0,    0,   70
20231001, 1200,  , TS, 16.0N,  58.4W,  45, 1001,  100,  140,    0,    0,    0,    0,    0,    0,    0,    0,    0,    0,   70
20231001, 1800,  , TS, 16.2N,  58.8W,  45, 1001,  100,  150,    0,    0,    0,    0,    0,    0,    0,    0,    0,    0,   70
20231002, 0000,  , TS, 16.5N,  59.0W,  45,  999,  100,  150,    0,    0,    0,    0,    0,    0,    0,    0,    0,    0,   70
20231002, 0600,  , TS, 16.8N,  59.7W,  45,  999,  100,  150,    0,    0,    0,    0,    0,    0,    0,    0,    0,    0,   70
20231002, 1200,  , TS, 16.9N,  60.5W,  45, 1000,  100,  150,    0,    0,    0,    0,    0,    0,    0,    0,    0,    0,   70
20231002, 1800,  , TS, 17.3N,  61.2W,  45, 1001,  110,  150,    0,    0,    0,    0,    0,    0,    0,    0,    0,    0,   70
20231002, 2245, L, TS, 17.6N,  61.8W,  45, 1001,  110,  150,    0,    0,    0,    0,    0,    0,    0,    0,    0,    0,   70
20231003, 0000,  , TS, 17.6N,  61.9W,  45, 1001,  110,  150,    0,    0,    0,    0,    0,    0,    0,    0,    0,    0,   80
20231003, 0600,  , TS, 18.1N,  62.7W,  45, 1001,  110,  150,    0,    0,    0,    0,    0,    0,    0,    0,    0,    0,   80
20231003, 1200,  , TS, 18.6N,  63.6W,  40, 1003,  110,  150,    0,    0,    0,    0,    0,    0,    0,    0,    0,    0,   90
20231003, 1800,  , TS, 19.1N,  64.5W,  40, 1004,  100,  140,    0,    0,    0,    0,    0,    0,    0,    0,    0,    0,   90
20231004, 0000,  , TS, 19.5N,  65.2W,  40, 1004,  110,  130,    0,    0,    0,    0,    0,    0,    0,    0,    0,    0,   90
20231004, 0600,  , TS, 20.2N,  65.4W,  40, 1004,  130,  120,    0,    0,    0,    0,    0,    0,    0,    0,    0,    0,  100
20231004, 1200,  , TS, 21.2N,  65.6W,  40, 1004,  110,  150,    0,    0,    0,    0,    0,    0,    0,    0,    0,    0,  100
20231004, 1800,  , TS, 22.2N,  65.8W,  35, 1004,  100,  180,    0,    0,    0,    0,    0,    0,    0,    0,    0,    0,  100
20231005, 0000,  , TS, 23.1N,  66.0W,  35, 1004,  100,  180,    0,    0,    0,    0,    0,    0,    0,    0,    0,    0,  100
20231005, 0600,  , TS, 24.0N,  66.2W,  40, 1004,  100,  200,    0,    0,    0,    0,    0,    0,    0,    0,    0,    0,   90
20231005, 1200,  , TS, 25.1N,  66.3W,  45, 1004,  120,  200,    0,    0,    0,    0,    0,    0,    0,    0,    0,    0,   80
20231005, 1800,  , TS, 26.4N,  66.1W,  45, 1004,  120,  200,    0,    0,    0,    0,    0,    0,    0,    0,    0,    0,   80
20231006, 0000,  , TS, 27.6N,  66.0W,  45, 1004,  120,  200,    0,  100,    0,    0,    0,    0,    0,    0,    0,    0,   90
20231006, 0600,  , TS, 28.7N,  65.5W,  45, 1003,  150,  150,    0,  130,    0,    0,    0,    0,    0,    0,    0,    0,  100
AL182023,               RINA,     16,
20230928, 0600,  , TS, 15.6N,  44.5W,  35, 1005,   60,   50,    0,    0,    0,    0,    0,    0,    0,    0,    0,    0,   60
20230928, 1200,  , TS, 16.9N,  45.1W,  35, 1004,   80,   60,    0,    0,    0,    0,    0,    0,    0,    0,    0,    0,   50
20230928, 1800,  , TS, 17.7N,  45.8W,  35, 1004,   80,   60,    0,    0,    0,    0,    0,    0,    0,    0,    0,    0,   50
20230929, 0000,  , TS, 18.2N,  46.2W,  40, 1002,   80,   80,    0,    0,    0,    0,    0,    0,    0,    0,    0,    0,   50
20230929, 0600,  , TS, 18.6N,  46.4W,  45,  999,   90,  100,    0,    0,    0,    0,    0,    0,    0,    0,    0,    0,   40
20230929, 1200,  , TS, 19.1N,  46.7W,  45,  999,   90,  120,    0,    0,    0,    0,    0,    0,    0,    0,    0,    0,   40
20230929, 1800,  , TS, 19.8N,  47.5W,  45, 1000,  100,  130,    0,    0,    0,    0,    0,    0,    0,    0,    0,    0,   40
20230930, 0000,  , TS, 20.2N,  48.4W,  45, 1000,  100,  130,    0,   60,    0,    0,    0,    0,    0,    0,    0,    0,   40
20230930, 0600,  , TS, 20.5N,  49.1W,  45, 1000,   90,  100,    0,   60,    0,    0,    0,    0,    0,    0,    0,    0,   40
20230930, 1200,  , TS, 21.0N,  50.0W,  40, 1002,   70,   60,    0,    0,    0,    0,    0,    0,    0,    0,    0,    0,   30
20230930, 1800,  , TS, 22.1N,  51.0W,  40, 1004,   70,   60,    0,    0,    0,    0,    0,    0,    0,    0,    0,    0,   30
20231001, 0000,  , TS, 23.0N,  52.2W,  35, 1005,   50,   50,    0,    0,    0,    0,    0,    0,    0,    0,    0,    0,   30
20231001, 0600,  , TS, 23.8N,  53.3W,  35, 1005,   30,   50,    0,    0,    0,    0,    0,    0,    0,    0,    0,    0,   30
20231001, 1200,  , TS, 24.8N,  54.4W,  35, 1006,    0,   50,    0,    0,    0,    0,    0,    0,    0,    0,    0,    0,   40
20231001, 1800,  , LO, 25.8N,  55.3W,  30, 1007,    0,    0,    0,    0,    0,    0,    0,    0,    0,    0,    0,    0,   40
20231002, 0000,  , LO, 26.7N,  55.6W,  30, 1008,    0,    0,    0,    0,    0,    0,    0,    0,    0,    0,    0,    0,   50
AL192023,               SEAN,     25,
20231010, 1800,  , TD,  9.6N,  30.2W,  30, 1007,    0,    0,    0,    0,    0,    0,    0,    0,    0,    0,    0,    0,   80
20231011, 0000,  , TS,  9.8N,  31.4W,  35, 1006,   80,    0,    0,    0,    0,    0,    0,    0,    0,    0,    0,    0,   80
20231011, 0600,  , TS, 10.1N,  32.6W,  35, 1006,   80,    0,    0,    0,    0,    0,    0,    0,    0,    0,    0,    0,   80
20231011, 1200,  , TS, 10.7N,  33.7W,  35, 1006,   80,    0,    0,    0,    0,    0,    0,    0,    0,    0,    0,    0,   80
20231011, 1800,  , TD, 11.3N,  34.7W,  30, 1007,    0,    0,    0,    0,    0,    0,    0,    0,    0,    0,    0,    0,   60
20231012, 0000,  , TD, 11.8N,  35.6W,  30, 1007,    0,    0,    0,    0,    0,    0,    0,    0,    0,    0,    0,    0,   40
20231012, 0600,  , TD, 12.3N,  36.4W,  30, 1007,    0,    0,    0,    0,    0,    0,    0,    0,    0,    0,    0,    0,   40
20231012, 1200,  , TS, 12.8N,  37.1W,  35, 1006,   80,    0,    0,    0,    0,    0,    0,    0,    0,    0,    0,    0,   40
20231012, 1800,  , TS, 13.3N,  37.8W,  40, 1005,   80,    0,    0,    0,    0,    0,    0,    0,    0,    0,    0,    0,   40
20231013, 0000,  , TS, 13.7N,  39.0W,  40, 1005,   80,    0,    0,   50,    0,    0,    0,    0,    0,    0,    0,    0,   40
20231013, 0600,  , TS, 14.0N,  40.1W,  40, 1005,   80,    0,    0,   50,    0,    0,    0,    0,    0,    0,    0,    0,   40
20231013, 1200,  , TS, 14.3N,  41.2W,  35, 1006,   60,    0,    0,   40,    0,    0,    0,    0,    0,    0,    0,    0,   40
20231013, 1800,  , TS, 14.6N,  42.2W,  35, 1006,   60,    0,    0,   20,    0,    0,    0,    0,    0,    0,    0,    0,   40
20231014, 0000,  , TS, 14.9N,  42.7W,  35, 1006,   60,    0,    0,    0,    0,    0,    0,    0,    0,    0,    0,    0,   40
20231014, 0600,  , TD, 15.3N,  43.3W,  30, 1007,    0,    0,    0,    0,    0,    0,    0,    0,    0,    0,    0,    0,   40
20231014, 1200,  , TD, 15.8N,  43.9W,  30, 1007,    0,    0,    0,    0,    0,    0,    0,    0,    0,    0,    0,    0,   40
20231014, 1800,  , TD, 16.3N,  44.5W,  30, 1007,    0,    0,    0,    0,    0,    0,    0,    0,    0,    0,    0,    0,   40
20231015, 0000,  , TD, 16.8N,  45.1W,  30, 1008,    0,    0,    0,    0,    0,    0,    0,    0,    0,    0,    0,    0,   40
20231015, 0600,  , TD, 17.3N,  45.8W,  30, 1009,    0,    0,    0,    0,    0,    0,    0,    0,    0,    0,    0,    0,   40
20231015, 1200,  , LO, 17.6N,  46.6W,  25, 1010,    0,    0,    0,    0,    0,    0,    0,    0,    0,    0,    0,    0,   40
20231015, 1800,  , LO, 17.9N,  47.6W,  25, 1010,    0,    0,    0,    0,    0,    0,    0,    0,    0,    0,    0,    0,   40
20231016, 0000,  , LO, 18.1N,  48.6W,  25, 1011,    0,    0,    0,    0,    0,    0,    0,    0,    0,    0,    0,    0,   40
20231016, 0600,  , LO, 18.2N,  49.8W,  25, 1011,    0,    0,    0,    0,    0,    0,    0,    0,    0,    0,    0,    0,   40
20231016, 1200,  , LO, 18.3N,  51.0W,  20, 1011,    0,    0,    0,    0,    0,    0,    0,    0,    0,    0,    0,    0,   40
20231016, 1800,  , LO, 18.4N,  52.2W,  20, 1011,    0,    0,    0,    0,    0,    0,    0,    0,    0,    0,    0,    0,   40
AL202023,              TAMMY,     54,
20231018, 1800,  , TS, 12.9N,  51.0W,  35, 1007,  120,    0,    0,    0,    0,    0,    0,    0,    0,    0,    0,    0,   80
20231019, 0000,  , TS, 13.0N,  52.5W,  35, 1006,  120,    0,    0,   60,    0,    0,    0,    0,    0,    0,    0,    0,   60
20231019, 0600,  , TS, 13.2N,  54.0W,  45, 1004,  120,   30,    0,   60,    0,    0,    0,    0,    0,    0,    0,    0,   60
20231019, 1200,  , TS, 13.4N,  55.3W,  50, 1004,  110,   90,    0,   60,   50,    0,    0,    0,    0,    0,    0,    0,   50
20231019, 1800,  , TS, 13.5N,  56.4W,  50, 1002,  110,  100,    0,   60,   50,    0,    0,    0,    0,    0,    0,    0,   50
20231020, 0000,  , TS, 13.6N,  57.2W,  50, 1001,  110,  120,    0,   80,   50,    0,    0,    0,    0,    0,    0,    0,   50
20231020, 0600,  , TS, 13.7N,  57.9W,  50, 1000,  110,  120,    0,   80,   50,    0,    0,    0,    0,    0,    0,    0,   50
20231020, 1200,  , TS, 13.9N,  58.4W,  60,  997,  110,  120,   20,   80,   50,    0,    0,   20,    0,    0,    0,    0,   40
20231020, 1800,  , HU, 14.1N,  58.9W,  65,  991,  110,  110,   30,   80,   50,   20,    0,   40,   20,    0,    0,   20,   20
20231021, 0000,  , HU, 14.5N,  59.6W,  70,  991,  110,  110,   30,   80,   50,   20,    0,   40,   20,    0,    0,   20,   15
20231021, 0600,  , HU, 14.9N,  60.3W,  70,  991,  110,  110,   30,   80,   50,   20,    0,   40,   20,    0,    0,   20,   15
20231021, 1200,  , HU, 15.6N,  60.6W,  75,  987,  110,  110,   30,   80,   50,   30,   20,   40,   20,   10,   10,   20,   10
20231021, 1800,  , HU, 16.6N,  61.0W,  75,  987,  110,  110,   30,   70,   50,   30,   20,   40,   20,   10,   10,   20,   10
20231022, 0000,  , HU, 17.5N,  61.7W,  80,  987,  110,  110,   30,   70,   50,   30,   20,   40,   20,   10,   10,   20,   10
20231022, 0115, L, HU, 17.6N,  61.8W,  80,  987,  110,  110,   30,   70,   50,   30,   20,   40,   20,   10,   10,   20,   10
20231022, 0600,  , HU, 18.0N,  62.2W,  75,  989,   90,  120,   30,   70,   50,   30,   20,   40,   20,   10,   10,   20,   10
20231022, 1200,  , HU, 18.7N,  62.8W,  75,  990,   90,  120,   30,   70,   40,   30,   20,   40,   20,   10,    0,   20,   10
20231022, 1800,  , HU, 19.4N,  63.4W,  75,  990,   90,  100,   30,   70,   30,   20,   20,   30,   20,   10,    0,   20,   10
20231023, 0000,  , HU, 20.2N,  63.9W,  75,  992,   90,  100,   30,   70,   30,   20,   20,   30,   20,   10,    0,   20,   10
20231023, 0600,  , HU, 21.0N,  64.0W,  70,  993,  100,  110,   40,   70,   40,   20,   20,   30,   20,   15,   10,   20,   20
20231023, 1200,  , HU, 21.6N,  64.0W,  70,  993,  100,  110,   40,   70,   40,   20,   20,   30,   20,   15,   10,   20,   20
20231023, 1800,  , HU, 22.1N,  63.8W,  65,  988,  100,  110,   40,   70,   40,   20,    0,   30,   20,    0,    0,    0,   20
20231024, 0000,  , HU, 22.6N,  63.5W,  65,  987,  110,  120,   40,   70,   30,   30,    0,   30,    0,   20,    0,   20,   20
20231024, 0600,  , HU, 23.1N,  63.1W,  65,  987,  110,  120,   40,   70,   30,   30,    0,   30,    0,   20,    0,   20,   20
20231024, 1200,  , HU, 23.6N,  62.6W,  65,  987,  110,  120,   40,   70,   30,   30,    0,   30,    0,   20,    0,   20,   20
20231024, 1800,  , HU, 24.0N,  62.0W,  65,  987,  100,  150,   50,   60,   30,   30,    0,   30,    0,   20,    0,    0,   20
20231025, 0000,  , HU, 24.5N,  61.2W,  75,  976,  100,  150,   60,   80,   40,   40,   30,   30,   20,   20,    0,    0,   20
20231025, 0600,  , HU, 25.1N,  60.4W,  85,  969,  100,  150,   60,   80,   40,   50,   30,   30,   20,   20,    0,    0,   20
20231025, 1200,  , HU, 26.1N,  59.4W,  95,  965,  100,  150,   60,  100,   40,   50,   30,   30,   20,   20,    0,    0,   20
20231025, 1800,  , HU, 27.5N,  58.3W,  85,  968,  150,  150,   60,  100,   40,   50,   30,   30,   20,   20,    0,    0,   20
20231026, 0000,  , HU, 29.1N,  57.8W,  80,  970,  150,  150,  100,  150,   50,   60,   40,   50,   25,   30,    0,   25,   20
20231026, 0600,  , HU, 30.0N,  58.3W,  75,  972,  170,  140,  100,  160,   50,   50,   40,   50,   20,   25,    0,   25,   20
20231026, 1200,  , HU, 30.5N,  58.8W,  70,  975,  170,  140,  100,  160,   60,   50,   40,   50,   20,   25,    0,   25,   20
20231026, 1800,  , HU, 31.0N,  59.5W,  65,  977,  180,  120,  100,  220,   90,   40,   40,   90,   40,    0,    0,   35,   50
20231027, 0000,  , TS, 31.5N,  60.1W,  60,  980,  180,  100,  120,  240,   90,   40,   40,  100,    0,    0,    0,    0,   50
20231027, 0600,  , TS, 31.8N,  60.6W,  55,  985,  140,   80,   80,  210,   70,   20,   20,   80,    0,    0,    0,    0,   40
20231027, 1200,  , TS, 32.0N,  61.0W,  55,  988,  140,   80,   80,  180,   70,   20,   20,   80,    0,    0,    0,    0,   40
20231027, 1800,  , TS, 32.3N,  61.4W,  55,  988,  120,   80,   80,  180,   70,   30,   30,   80,    0,    0,    0,    0,   40
20231028, 0000,  , TS, 32.6N,  61.5W,  50,  991,  100,   90,   80,  120,   40,    0,    0,   40,    0,    0,    0,    0,   40
20231028, 0600,  , TS, 32.9N,  61.0W,  45,  994,  100,   90,   80,  120,    0,    0,    0,    0,    0,    0,    0,    0,   40
20231028, 1200,  , TS, 33.1N,  59.5W,  45,  995,  100,   90,   80,  120,    0,    0,    0,    0,    0,    0,    0,    0,   40
20231028, 1800,  , TS, 33.3N,  58.0W,  40,  997,   80,   90,   80,   80,    0,    0,    0,    0,    0,    0,    0,    0,   40
20231029, 0000,  , LO, 32.8N,  56.1W,  35, 1000,    0,   60,   80,    0,    0,    0,    0,    0,    0,    0,    0,    0,   50
20231029, 0600,  , LO, 32.6N,  54.3W,  35, 1002,    0,   60,   80,    0,    0,    0,    0,    0,    0,    0,    0,    0,   50
20231029, 1200,  , LO, 31.8N,  52.5W,  35, 1002,    0,   60,   40,    0,    0,    0,    0,    0,    0,    0,    0,    0,   50
20231029, 1800,  , LO, 30.9N,  50.9W,  35, 1002,    0,   50,   40,    0,    0,    0,    0,    0,    0,    0,    0,    0,   50
20231030, 0000,  , LO, 29.6N,  49.6W,  30, 1004,    0,    0,    0,    0,    0,    0,    0,    0,    0,    0,    0,    0,   50
20231030, 0600,  , LO, 28.5N,  49.0W,  30, 1005,    0,    0,    0,    0,    0,    0,    0,    0,    0,    0,    0,    0,   50
20231030, 1200,  , LO, 27.5N,  48.5W,  30, 1005,    0,    0,    0,    0,    0,    0,    0,    0,    0,    0,    0,    0,   50
20231030, 1800,  , LO, 26.5N,  48.1W,  25, 1006,    0,    0,    0,    0,    0,    0,    0,    0,    0,    0,    0,    0,   50
20231031, 0000,  , LO, 25.6N,  48.5W,  25, 1006,    0,    0,    0,    0,    0,    0,    0,    0,    0,    0,    0,    0,   50
20231031, 0600,  , LO, 25.1N,  49.0W,  25, 1007,    0,    0,    0,    0,    0,    0,    0,    0,    0,    0,    0,    0,   50
20231031, 1200,  , LO, 24.9N,  49.9W,  20, 1008,    0,    0,    0,    0,    0,    0,    0,    0,    0,    0,    0,    0,   50
20231031, 1800,  , LO, 24.6N,  50.6W,  20, 1008,    0,    0,    0,    0,    0,    0,    0,    0,    0,    0,    0,    0,   50
AL212023,         TWENTY-ONE,      6,
20231023, 1200,  , TD, 11.4N,  82.6W,  25, 1007,    0,    0,    0,    0,    0,    0,    0,    0,    0,    0,    0,    0,   80
20231023, 1800,  , TD, 11.5N,  83.2W,  25, 1007,    0,    0,    0,    0,    0,    0,    0,    0,    0,    0,    0,    0,   60
20231024, 0000,  , TD, 12.2N,  83.4W,  25, 1007,    0,    0,    0,    0,    0,    0,    0,    0,    0,    0,    0,    0,   60
20231024, 0130, L, TD, 12.4N,  83.5W,  25, 1007,    0,    0,    0,    0,    0,    0,    0,    0,    0,    0,    0,    0,   60
20231024, 0600,  , TD, 13.0N,  83.8W,  25, 1007,    0,    0,    0,    0,    0,    0,    0,    0,    0,    0,    0,    0,   60
20231024, 1200,  , LO, 13.5N,  84.4W,  20, 1007,    0,    0,    0,    0,    0,    0,    0,    0,    0,    0,    0,    0,   60
