AL011937,            UNNAMED,     21,
19370729, 0000,  , TD, 26.5N,  85.7W,  25, -999, -999, -999, -999, -999, -999, -999, -999, -999, -999, -999, -999, -999, -999
19370729, 0600,  , TD, 27.0N,  84.7W,  30, -999, -999, -999, -999, -999, -999, -999, -999, -999, -999, -999, -999, -999, -999
19370729, 1200,  , TS, 27.4N,  83.9W,  40, -999, -999, -999, -999, -999, -999, -999, -999, -999, -999, -999, -999, -999, -999
19370729, 1800,  , TS, 27.8N,  83.3W,  55, -999, -999, -999, -999, -999, -999, -999, -999, -999, -999, -999, -999, -999, -999
19370729, 2200, L, TS, 28.1N,  82.8W,  55, -999, -999, -999, -999, -999, -999, -999, -999, -999, -999, -999, -999, -999, -999
19370730, 0000,  , TS, 28.3N,  82.5W,  45, -999, -999, -999, -999, -999, -999, -999, -999, -999, -999, -999, -999, -999, -999
19370730, 0600,  , TS, 29.2N,  81.3W,  40, -999, -999, -999, -999, -999, -999, -999, -999, -999, -999, -999, -999, -999, -999
19370730, 1200,  , TS, 30.1N,  80.2W,  35, -999, -999, -999, -999, -999, -999, -999, -999, -999, -999, -999, -999, -999, -999
19370730, 1800,  , TS, 31.1N,  79.2W,  35, -999, -999, -999, -999, -999, -999, -999, -999, -999, -999, -999, -999, -999, -999
19370731, 0000,  , TS, 32.1N,  78.3W,  40, -999, -999, -999, -999, -999, -999, -999, -999, -999, -999, -999, -999, -999, -999
19370731, 0600,  , TS, 33.1N,  77.4W,  50, -999, -999, -999, -999, -999, -999, -999, -999, -999, -999, -999, -999, -999, -999
19370731, 1200,  , TS, 34.2N,  76.5W,  55,  997, -999, -999, -999, -999, -999, -999, -999, -999, -999, -999, -999, -999, -999
19370731, 1800,  , TS, 36.0N,  74.4W,  60,  996, -999, -999, -999, -999, -999, -999, -999, -999, -999, -999, -999, -999, -999
19370801, 0000,  , EX, 37.9N,  71.6W,  60, -999, -999, -999, -999, -999, -999, -999, -999, -999, -999, -999, -999, -999, -999
19370801, 0600,  , EX, 39.6N,  69.2W,  55, -999, -999, -999, -999, -999, -999, -999, -999, -999, -999, -999, -999, -999, -999
19370801, 1200,  , EX, 41.1N,  66.8W,  50, -999, -999, -999, -999, -999, -999, -999, -999, -999, -999, -999, -999, -999, -999
19370801, 1800,  , EX, 42.5N,  64.8W,  50, -999, -999, -999, -999, -999, -999, -999, -999, -999, -999, -999, -999, -999, -999
19370802, 0000,  , EX, 43.8N,  64.3W,  45, -999, -999, -999, -999, -999, -999, -999, -999, -999, -999, -999, -999, -999, -999
19370802, 0600,  , EX, 45.2N,  64.5W,  40, -999, -999, -999, -999, -999, -999, -999, -999, -999, -999, -999, -999, -999, -999
19370802, 1200,  , EX, 46.5N,  65.2W,  35, -999, -999, -999, -999, -999, -999, -999, -999, -999, -999, -999, -999, -999, -999
19370802, 1800,  , EX, 47.6N,  65.9W,  30, -999, -999, -999, -999, -999, -999, -999, -999, -999, -999, -999, -999, -999, -999
AL021937,            UNNAMED,     28,
19370802, 1800,  , TD, 22.8N,  75.5W,  25, -999, -999, -999, -999, -999, -999, -999, -999, -999, -999, -999, -999, -999, -999
19370803, 0000,  , TD, 23.6N,  75.9W,  30, -999, -999, -999, -999, -999, -999, -999, -999, -999, -999, -999, -999, -999, -999
19370803, 0600,  , TD, 24.3N,  76.2W,  30, -999, -999, -999, -999, -999, -999, -999, -999, -999, -999, -999, -999, -999, -999
19370803, 1200,  , TD, 24.9N,  76.5W,  30, -999, -999, -999, -999, -999, -999, -999, -999, -999, -999, -999, -999, -999, -999
19370803, 1800,  , TS, 25.6N,  76.7W,  35, -999, -999, -999, -999, -999, -999, -999, -999, -999, -999, -999, -999, -999, -999
19370804, 0000,  , TS, 26.4N,  76.9W,  35, -999, -999, -999, -999, -999, -999, -999, -999, -999, -999, -999, -999, -999, -999
19370804, 0600,  , TS, 27.1N,  77.0W,  35, -999, -999, -999, -999, -999, -999, -999, -999, -999, -999, -999, -999, -999, -999
19370804, 1200,  , TS, 28.0N,  77.1W,  35, -999, -999, -999, -999, -999, -999, -999, -999, -999, -999, -999, -999, -999, -999
19370804, 1800,  , TS, 28.9N,  77.1W,  35, -999, -999, -999, -999, -999, -999, -999, -999, -999, -999, -999, -999, -999, -999
19370805, 0000,  , TS, 29.8N,  77.1W,  35, -999, -999, -999, -999, -999, -999, -999, -999, -999, -999, -999, -999, -999, -999
19370805, 0600,  , TS, 30.7N,  77.0W,  35, -999, -999, -999, -999, -999, -999, -999, -999, -999, -999, -999, -999, -999, -999
19370805, 1200,  , TS, 31.7N,  76.8W,  40, -999, -999, -999, -999, -999, -999, -999, -999, -999, -999, -999, -999, -999, -999
19370805, 1800,  , TS, 32.6N,  76.2W,  40, -999, -999, -999, -999, -999, -999, -999, -999, -999, -999, -999, -999, -999, -999
19370806, 0000,  , TS, 33.5N,  75.2W,  45, -999, -999, -999, -999, -999, -999, -999, -999, -999, -999, -999, -999, -999, -999
19370806, 0600,  , TS, 34.4N,  74.3W,  50, -999, -999, -999, -999, -999, -999, -999, -999, -999, -999, -999, -999, -999, -999
19370806, 1200,  , TS, 35.4N,  73.5W,  50, -999, -999, -999, -999, -999, -999, -999, -999, -999, -999, -999, -999, -999, -999
19370806, 1800,  , TS, 36.1N,  72.9W,  50, -999, -999, -999, -999, -999, -999, -999, -999, -999, -999, -999, -999, -999, -999
19370807, 0000,  , TS, 37.1N,  72.2W,  55, -999, -999, -999, -999, -999, -999, -999, -999, -999, -999, -999, -999, -999, -999
19370807, 0600,  , TS, 38.5N,  71.2W,  55, -999, -999, -999, -999, -999, -999, -999, -999, -999, -999, -999, -999, -999, -999
19370807, 1200,  , TS, 39.9N,  69.4W,  55, -999, -999, -999, -999, -999, -999, -999, -999, -999, -999, -999, -999, -999, -999
19370807, 1800,  , TS, 41.0N,  67.8W,  55, -999, -999, -999, -999, -999, -999, -999, -999, -999, -999, -999, -999, -999, -999
19370808, 0000,  , TS, 41.8N,  66.4W,  50, -999, -999, -999, -999, -999, -999, -999, -999, -999, -999, -999, -999, -999, -999
19370808, 0600,  , TS, 42.5N,  65.1W,  45, -999, -999, -999, -999, -999, -999, -999, -999, -999, -999, -999, -999, -999, -999
19370808, 1200,  , TS, 42.6N,  63.7W,  40, -999, -999, -999, -999, -999, -999, -999, -999, -999, -999, -999, -999, -999, -999
19370808, 1800,  , TS, 42.6N,  62.3W,  35, -999, -999, -999, -999, -999, -999, -999, -999, -999, -999, -999, -999, -999, -999
19370809, 0000,  , TD, 42.8N,  61.1W,  30, -999, -999, -999, -999, -999, -999, -999, -999, -999, -999, -999, -999, -999, -999
19370809, 0600,  , TD, 42.9N,  60.2W,  30, -999, -999, -999, -999, -999, -999, -999, -999, -999, -999, -999, -999, -999, -999
19370809, 1200,  , TD, 43.2N,  59.7W,  30, -999, -999, -999, -999, -999, -999, -999, -999, -999, -999, -999, -999, -999, -999
AL031937,            UNNAMED,     39,
19370824, 1200,  , TD, 17.5N,  61.0W,  30, -999, -999, -999, -999, -999, -999, -999, -999, -999, -999, -999, -999, -999, -999
19370824, 1800,  , TD, 18.2N,  62.1W,  30, -999, -999, -999, -999, -999, -999, -999, -999, -999, -999, -999, -999, -999, -999
19370825, 0000,  , TS, 18.9N,  63.1W,  35, -999, -999, -999, -999, -999, -999, -999, -999, -999, -999, -999, -999, -999, -999
19370825, 0600,  , TS, 19.6N,  64.1W,  35, -999, -999, -999, -999, -999, -999, -999, -999, -999, -999, -999, -999, -999, -999
19370825, 1200,  , TS, 20.3N,  65.1W,  35, -999, -999, -999, -999, -999, -999, -999, -999, -999, -999, -999, -999, -999, -999
19370825, 1800,  , TS, 20.8N,  66.2W,  35, -999, -999, -999, -999, -999, -999, -999, -999, -999, -999, -999, -999, -999, -999
19370826, 0000,  , TS, 21.4N,  67.3W,  35, -999, -999, -999, -999, -999, -999, -999, -999, -999, -999, -999, -999, -999, -999
19370826, 0600,  , TS, 21.9N,  68.5W,  35, -999, -999, -999, -999, -999, -999, -999, -999, -999, -999, -999, -999, -999, -999
19370826, 1200,  , TS, 22.4N,  69.7W,  35, -999, -999, -999, -999, -999, -999, -999, -999, -999, -999, -999, -999, -999, -999
19370826, 1800,  , TS, 22.9N,  70.8W,  35, -999, -999, -999, -999, -999, -999, -999, -999, -999, -999, -999, -999, -999, -999
19370827, 0000,  , TS, 23.5N,  71.8W,  35, -999, -999, -999, -999, -999, -999, -999, -999, -999, -999, -999, -999, -999, -999
19370827, 0600,  , TS, 24.0N,  72.8W,  35, -999, -999, -999, -999, -999, -999, -999, -999, -999, -999, -999, -999, -999, -999
19370827, 1200,  , TS, 24.4N,  73.7W,  35, -999, -999, -999, -999, -999, -999, -999, -999, -999, -999, -999, -999, -999, -999
19370827, 1800,  , TS, 24.5N,  74.5W,  35, -999, -999, -999, -999, -999, -999, -999, -999, -999, -999, -999, -999, -999, -999
19370828, 0000,  , TS, 24.5N,  75.2W,  35, -999, -999, -999, -999, -999, -999, -999, -999, -999, -999, -999, -999, -999, -999
19370828, 0600,  , TS, 24.5N,  75.9W,  35, -999, -999, -999, -999, -999, -999, -999, -999, -999, -999, -999, -999, -999, -999
19370828, 1200,  , TS, 24.5N,  76.5W,  40, -999, -999, -999, -999, -999, -999, -999, -999, -999, -999, -999, -999, -999, -999
19370828, 1800,  , TS, 24.8N,  77.1W,  40, -999, -999, -999, -999, -999, -999, -999, -999, -999, -999, -999, -999, -999, -999
19370829, 0000,  , TS, 25.5N,  77.7W,  40, -999, -999, -999, -999, -999, -999, -999, -999, -999, -999, -999, -999, -999, -999
19370829, 0600,  , TS, 26.2N,  78.2W,  40, -999, -999, -999, -999, -999, -999, -999, -999, -999, -999, -999, -999, -999, -999
19370829, 1200,  , TS, 26.8N,  78.6W,  45, -999, -999, -999, -999, -999, -999, -999, -999, -999, -999, -999, -999, -999, -999
19370829, 1800,  , TS, 27.5N,  78.9W,  45, -999, -999, -999, -999, -999, -999, -999, -999, -999, -999, -999, -999, -999, -999
19370830, 0000,  , TS, 28.1N,  79.2W,  50, -999, -999, -999, -999, -999, -999, -999, -999, -999, -999, -999, -999, -999, -999
19370830, 0600,  , TS, 28.6N,  79.7W,  55, -999, -999, -999, -999, -999, -999, -999, -999, -999, -999, -999, -999, -999, -999
19370830, 1200,  , TS, 29.0N,  80.5W,  60, -999, -999, -999, -999, -999, -999, -999, -999, -999, -999, -999, -999, -999, -999
19370830, 1400, L, TS, 29.1N,  80.9W,  60, -999, -999, -999, -999, -999, -999, -999, -999, -999, -999, -999, -999, -999, -999
19370830, 1800,  , TS, 29.3N,  81.7W,  50, -999, -999, -999, -999, -999, -999, -999, -999, -999, -999, -999, -999, -999, -999
19370831, 0000,  , TS, 29.6N,  82.9W,  45, -999, -999, -999, -999, -999, -999, -999, -999, -999, -999, -999, -999, -999, -999
19370831, 0600,  , TS, 30.1N,  84.1W,  40, -999, -999, -999, -999, -999, -999, -999, -999, -999, -999, -999, -999, -999, -999
19370831, 1200,  , TS, 30.5N,  85.2W,  35, -999, -999, -999, -999, -999, -999, -999, -999, -999, -999, -999, -999, -999, -999
19370831, 1800,  , TS, 31.0N,  86.1W,  35, -999, -999, -999, -999, -999, -999, -999, -999, -999, -999, -999, -999, -999, -999
19370901, 0000,  , TD, 31.4N,  86.9W,  30, -999, -999, -999, -999, -999, -999, -999, -999, -999, -999, -999, -999, -999, -999
19370901, 0600,  , TD, 31.9N,  87.9W,  30, -999, -999, -999, -999, -999, -999, -999, -999, -999, -999, -999, -999, -999, -999
19370901, 1200,  , TD, 32.3N,  88.8W,  25, -999, -999, -999, -999, -999, -999, -999, -999, -999, -999, -999, -999, -999, -999
19370901, 1800,  , TD, 32.9N,  89.7W,  25, -999, -999, -999, -999, -999, -999, -999, -999, -999, -999, -999, -999, -999, -999
19370902, 0000,  , TD, 33.6N,  90.6W,  20, -999, -999, -999, -999, -999, -999, -999, -999, -999, -999, -999, -999, -999, -999
19370902, 0600,  , TD, 34.2N,  91.3W,  20, -999, -999, -999, -999, -999, -999, -999, -999, -999, -999, -999, -999, -999, -999
19370902, 1200,  , TD, 34.8N,  92.0W,  20, -999, -999, -999, -999, -999, -999, -999, -999, -999, -999, -999, -999, -999, -999
19370902, 1800,  , TD, 35.5N,  92.7W,  20, -999, -999, -999, -999, -999, -999, -999, -999, -999, -999, -999, -999, -999, -999
AL041937,            UNNAMED,     24,
19370909, 0000,  , TS, 17.9N,  54.5W,  45, -999, -999, -999, -999, -999, -999, -999, -999, -999, -999, -999, -999, -999, -999
19370909, 0600,  , TS, 18.3N,  55.0W,  50, -999, -999, -999, -999, -999, -999, -999, -999, -999, -999, -999, -999, -999, -999
19370909, 1200,  , TS, 18.7N,  55.4W,  55, -999, -999, -999, -999, -999, -999, -999, -999, -999, -999, -999, -999, -999, -999
19370909, 1800,  , TS, 19.3N,  55.7W,  60, -999, -999, -999, -999, -999, -999, -999, -999, -999, -999, -999, -999, -999, -999
19370910, 0000,  , HU, 19.9N,  56.0W,  65, -999, -999, -999, -999, -999, -999, -999, -999, -999, -999, -999, -999, -999, -999
19370910, 0600,  , HU, 20.5N,  56.3W,  70, -999, -999, -999, -999, -999, -999, -999, -999, -999, -999, -999, -999, -999, -999
19370910, 1200,  , HU, 21.0N,  56.7W,  70, -999, -999, -999, -999, -999, -999, -999, -999, -999, -999, -999, -999, -999, -999
19370910, 1800,  , HU, 21.6N,  57.1W,  75, -999, -999, -999, -999, -999, -999, -999, -999, -999, -999, -999, -999, -999, -999
19370911, 0000,  , HU, 22.3N,  57.5W,  80, -999, -999, -999, -999, -999, -999, -999, -999, -999, -999, -999, -999, -999, -999
19370911, 0600,  , HU, 23.1N,  58.0W,  80, -999, -999, -999, -999, -999, -999, -999, -999, -999, -999, -999, -999, -999, -999
19370911, 1200,  , HU, 24.0N,  58.5W,  80, -999, -999, -999, -999, -999, -999, -999, -999, -999, -999, -999, -999, -999, -999
19370911, 1800,  , HU, 25.1N,  59.1W,  80, -999, -999, -999, -999, -999, -999, -999, -999, -999, -999, -999, -999, -999, -999
19370912, 0000,  , HU, 26.2N,  59.6W,  80, -999, -999, -999, -999, -999, -999, -999, -999, -999, -999, -999, -999, -999, -999
19370912, 0600,  , HU, 27.4N,  60.0W,  85, -999, -999, -999, -999, -999, -999, -999, -999, -999, -999, -999, -999, -999, -999
19370912, 1200,  , HU, 28.7N,  60.4W,  85, -999, -999, -999, -999, -999, -999, -999, -999, -999, -999, -999, -999, -999, -999
19370912, 1800,  , HU, 30.1N,  61.0W,  80, -999, -999, -999, -999, -999, -999, -999, -999, -999, -999, -999, -999, -999, -999
19370913, 0000,  , HU, 31.6N,  61.9W,  75, -999, -999, -999, -999, -999, -999, -999, -999, -999, -999, -999, -999, -999, -999
19370913, 0600,  , HU, 33.2N,  62.9W,  70, -999, -999, -999, -999, -999, -999, -999, -999, -999, -999, -999, -999, -999, -999
19370913, 1200,  , HU, 35.0N,  63.8W,  65, -999, -999, -999, -999, -999, -999, -999, -999, -999, -999, -999, -999, -999, -999
19370913, 1800,  , TS, 37.4N,  64.6W,  60, -999, -999, -999, -999, -999, -999, -999, -999, -999, -999, -999, -999, -999, -999
19370914, 0000,  , TS, 40.1N,  65.2W,  60, -999, -999, -999, -999, -999, -999, -999, -999, -999, -999, -999, -999, -999, -999
19370914, 0600,  , EX, 42.8N,  65.4W,  55, -999, -999, -999, -999, -999, -999, -999, -999, -999, -999, -999, -999, -999, -999
19370914, 1200,  , EX, 45.5N,  65.6W,  45, -999, -999, -999, -999, -999, -999, -999, -999, -999, -999, -999, -999, -999, -999
19370914, 1800,  , EX, 48.1N,  65.4W,  35, -999, -999, -999, -999, -999, -999, -999, -999, -999, -999, -999, -999, -999, -999
AL051937,            UNNAMED,      9,
19370910, 0600,  , TS, 31.3N,  65.5W,  35, -999, -999, -999, -999, -999, -999, -999, -999, -999, -999, -999, -999, -999, -999
19370910, 1200,  , TS, 32.5N,  66.4W,  40, -999, -999, -999, -999, -999, -999, -999, -999, -999, -999, -999, -999, -999, -999
19370910, 1800,  , TS, 33.5N,  67.5W,  45, -999, -999, -999, -999, -999, -999, -999, -999, -999, -999, -999, -999, -999, -999
19370911, 0000,  , TS, 34.8N,  68.6W,  50, -999, -999, -999, -999, -999, -999, -999, -999, -999, -999, -999, -999, -999, -999
19370911, 0600,  , TS, 36.0N,  69.9W,  50, -999, -999, -999, -999, -999, -999, -999, -999, -999, -999, -999, -999, -999, -999
19370911, 1200,  , TS, 37.2N,  70.9W,  55, -999, -999, -999, -999, -999, -999, -999, -999, -999, -999, -999, -999, -999, -999
19370911, 1800,  , TS, 38.4N,  70.7W,  60, -999, -999, -999, -999, -999, -999, -999, -999, -999, -999, -999, -999, -999, -999
19370912, 0000,  , EX, 40.9N,  69.0W,  60, -999, -999, -999, -999, -999, -999, -999, -999, -999, -999, -999, -999, -999, -999
19370912, 0600,  , EX, 43.7N,  66.0W,  50, -999, -999, -999, -999, -999, -999, -999, -999, -999, -999, -999, -999, -999, -999
AL061937,            UNNAMED,     31,
19370913, 0600,  , TS, 17.0N,  56.4W,  40, -999, -999, -999, -999, -999, -999, -999, -999, -999, -999, -999, -999, -999, -999
19370913, 1200,  , TS, 17.3N,  56.8W,  40, -999, -999, -999, -999, -999, -999, -999, -999, -999, -999, -999, -999, -999, -999
19370913, 1800,  , TS, 17.5N,  57.2W,  45, -999, -999, -999, -999, -999, -999, -999, -999, -999, -999, -999, -999, -999, -999
19370914, 0000,  , TS, 17.8N,  57.5W,  50, -999, -999, -999, -999, -999, -999, -999, -999, -999, -999, -999, -999, -999, -999
19370914, 0600,  , TS, 18.2N,  57.8W,  55, -999, -999, -999, -999, -999, -999, -999, -999, -999, -999, -999, -999, -999, -999
19370914, 1200,  , HU, 18.7N,  58.0W,  65, -999, -999, -999, -999, -999, -999, -999, -999, -999, -999, -999, -999, -999, -999
19370914, 1800,  , HU, 19.3N,  58.2W,  75, -999, -999, -999, -999, -999, -999, -999, -999, -999, -999, -999, -999, -999, -999
19370915, 0000,  , HU, 20.0N,  57.9W,  90,  969, -999, -999, -999, -999, -999, -999, -999, -999, -999, -999, -999, -999, -999
19370915, 0600,  , HU, 20.7N,  57.7W, 110,  951, -999, -999, -999, -999, -999, -999, -999, -999, -999, -999, -999, -999, -999
19370915, 1200,  , HU, 21.4N,  57.4W, 110,  955, -999, -999, -999, -999, -999, -999, -999, -999, -999, -999, -999, -999, -999
19370915, 1800,  , HU, 21.7N,  56.7W, 110, -999, -999, -999, -999, -999, -999, -999, -999, -999, -999, -999, -999, -999, -999
19370916, 0000,  , HU, 21.8N,  55.6W, 105, -999, -999, -999, -999, -999, -999, -999, -999, -999, -999, -999, -999, -999, -999
19370916, 0600,  , HU, 21.9N,  54.4W, 105, -999, -999, -999, -999, -999, -999, -999, -999, -999, -999, -999, -999, -999, -999
19370916, 1200,  , HU, 22.1N,  53.3W, 105, -999, -999, -999, -999, -999, -999, -999, -999, -999, -999, -999, -999, -999, -999
19370916, 1800,  , HU, 23.1N,  52.6W, 100, -999, -999, -999, -999, -999, -999, -999, -999, -999, -999, -999, -999, -999, -999
19370917, 0000,  , HU, 24.7N,  52.1W, 100, -999, -999, -999, -999, -999, -999, -999, -999, -999, -999, -999, -999, -999, -999
19370917, 0600,  , HU, 26.3N,  51.8W, 100, -999, -999, -999, -999, -999, -999, -999, -999, -999, -999, -999, -999, -999, -999
19370917, 1200,  , HU, 27.7N,  51.5W,  95, -999, -999, -999, -999, -999, -999, -999, -999, -999, -999, -999, -999, -999, -999
19370917, 1800,  , HU, 29.2N,  51.2W,  95, -999, -999, -999, -999, -999, -999, -999, -999, -999, -999, -999, -999, -999, -999
19370918, 0000,  , HU, 31.1N,  50.9W,  95, -999, -999, -999, -999, -999, -999, -999, -999, -999, -999, -999, -999, -999, -999
19370918, 0600,  , HU, 33.4N,  50.3W,  95, -999, -999, -999, -999, -999, -999, -999, -999, -999, -999, -999, -999, -999, -999
19370918, 1200,  , HU, 35.8N,  49.5W,  95, -999, -999, -999, -999, -999, -999, -999, -999, -999, -999, -999, -999, -999, -999
19370918, 1800,  , HU, 38.3N,  48.9W,  90, -999, -999, -999, -999, -999, -999, -999, -999, -999, -999, -999, -999, -999, -999
19370919, 0000,  , HU, 40.8N,  48.2W,  90, -999, -999, -999, -999, -999, -999, -999, -999, -999, -999, -999, -999, -999, -999
19370919, 0600,  , HU, 43.3N,  47.5W,  85, -999, -999, -999, -999, -999, -999, -999, -999, -999, -999, -999, -999, -999, -999
19370919, 1200,  , HU, 45.7N,  46.5W,  80,  967, -999, -999, -999, -999, -999, -999, -999, -999, -999, -999, -999, -999, -999
19370919, 1800,  , EX, 47.5N,  45.0W,  75, -999, -999, -999, -999, -999, -999, -999, -999, -999, -999, -999, -999, -999, -999
19370920, 0000,  , EX, 49.5N,  41.5W,  65, -999, -999, -999, -999, -999, -999, -999, -999, -999, -999, -999, -999, -999, -999
19370920, 0600,  , EX, 51.5N,  38.0W,  55, -999, -999, -999, -999, -999, -999, -999, -999, -999, -999, -999, -999, -999, -999
19370920, 1200,  , EX, 53.5N,  34.7W,  50, -999, -999, -999, -999, -999, -999, -999, -999, -999, -999, -999, -999, -999, -999
19370920, 1800,  , EX, 55.5N,  31.3W,  50, -999, -999, -999, -999, -999, -999, -999, -999, -999, -999, -999, -999, -999, -999
AL071937,            UNNAMED,     23,
19370916, 1200,  , TS, 23.1N,  94.2W,  35, -999, -999, -999, -999, -999, -999, -999, -999, -999, -999, -999, -999, -999, -999
19370916, 1800,  , TS, 23.5N,  93.7W,  35, -999, -999, -999, -999, -999, -999, -999, -999, -999, -999, -999, -999, -999, -999
19370917, 0000,  , TS, 23.9N,  93.3W,  35, -999, -999, -999, -999, -999, -999, -999, -999, -999, -999, -999, -999, -999, -999
19370917, 0600,  , TS, 24.3N,  93.0W,  40, -999, -999, -999, -999, -999, -999, -999, -999, -999, -999, -999, -999, -999, -999
19370917, 1200,  , TS, 24.7N,  92.6W,  40, -999, -999, -999, -999, -999, -999, -999, -999, -999, -999, -999, -999, -999, -999
19370917, 1800,  , TS, 25.1N,  92.2W,  40, -999, -999, -999, -999, -999, -999, -999, -999, -999, -999, -999, -999, -999, -999
19370918, 0000,  , TS, 25.5N,  91.9W,  45, -999, -999, -999, -999, -999, -999, -999, -999, -999, -999, -999, -999, -999, -999
19370918, 0600,  , TS, 26.1N,  91.6W,  45, -999, -999, -999, -999, -999, -999, -999, -999, -999, -999, -999, -999, -999, -999
19370918, 1200,  , TS, 26.6N,  91.3W,  50, -999, -999, -999, -999, -999, -999, -999, -999, -999, -999, -999, -999, -999, -999
19370918, 1800,  , TS, 27.0N,  90.9W,  50, -999, -999, -999, -999, -999, -999, -999, -999, -999, -999, -999, -999, -999, -999
19370919, 0000,  , TS, 27.4N,  90.4W,  50, -999, -999, -999, -999, -999, -999, -999, -999, -999, -999, -999, -999, -999, -999
19370919, 0600,  , TS, 27.9N,  90.1W,  45, -999, -999, -999, -999, -999, -999, -999, -999, -999, -999, -999, -999, -999, -999
19370919, 1200,  , TS, 28.5N,  89.8W,  45, -999, -999, -999, -999, -999, -999, -999, -999, -999, -999, -999, -999, -999, -999
19370919, 1800, L, TS, 29.1N,  89.3W,  40, 1002, -999, -999, -999, -999, -999, -999, -999, -999, -999, -999, -999, -999, -999
19370920, 0000,  , TS, 29.3N,  88.3W,  40, -999, -999, -999, -999, -999, -999, -999, -999, -999, -999, -999, -999, -999, -999
19370920, 0600,  , TS, 29.4N,  87.1W,  40, -999, -999, -999, -999, -999, -999, -999, -999, -999, -999, -999, -999, -999, -999
19370920, 1200,  , TS, 29.6N,  85.9W,  35, -999, -999, -999, -999, -999, -999, -999, -999, -999, -999, -999, -999, -999, -999
19370920, 1600, L, TS, 29.7N,  85.4W,  35, -999, -999, -999, -999, -999, -999, -999, -999, -999, -999, -999, -999, -999, -999
19370920, 1800,  , TS, 29.8N,  85.1W,  35, -999, -999, -999, -999, -999, -999, -999, -999, -999, -999, -999, -999, -999, -999
19370921, 0000,  , TD, 29.9N,  84.3W,  30, -999, -999, -999, -999, -999, -999, -999, -999, -999, -999, -999, -999, -999, -999
19370921, 0600,  , TD, 30.0N,  83.4W,  25, -999, -999, -999, -999, -999, -999, -999, -999, -999, -999, -999, -999, -999, -999
19370921, 1200,  , TD, 30.1N,  82.6W,  20, -999, -999, -999, -999, -999, -999, -999, -999, -999, -999, -999, -999, -999, -999
19370921, 1800,  , TD, 30.1N,  81.8W,  20, -999, -999, -999, -999, -999, -999, -999, -999, -999, -999, -999, -999, -999, -999
AL081937,            UNNAMED,     34,
19370920, 0600,  , HU, 15.2N,  43.3W,  65, -999, -999, -999, -999, -999, -999, -999, -999, -999, -999, -999, -999, -999, -999
19370920, 1200,  , HU, 15.5N,  44.5W,  70, -999, -999, -999, -999, -999, -999, -999, -999, -999, -999, -999, -999, -999, -999
19370920, 1800,  , HU, 16.3N,  45.6W,  70, -999, -999, -999, -999, -999, -999, -999, -999, -999, -999, -999, -999, -999, -999
19370921, 0000,  , HU, 17.3N,  46.6W,  70, -999, -999, -999, -999, -999, -999, -999, -999, -999, -999, -999, -999, -999, -999
19370921, 0600,  , HU, 18.4N,  47.6W,  70, -999, -999, -999, -999, -999, -999, -999, -999, -999, -999, -999, -999, -999, -999
19370921, 1200,  , HU, 19.5N,  48.5W,  70, -999, -999, -999, -999, -999, -999, -999, -999, -999, -999, -999, -999, -999, -999
19370921, 1800,  , HU, 20.5N,  49.5W,  75, -999, -999, -999, -999, -999, -999, -999, -999, -999, -999, -999, -999, -999, -999
19370922, 0000,  , HU, 21.4N,  50.4W,  75, -999, -999, -999, -999, -999, -999, -999, -999, -999, -999, -999, -999, -999, -999
19370922, 0600,  , HU, 22.2N,  51.3W,  80, -999, -999, -999, -999, -999, -999, -999, -999, -999, -999, -999, -999, -999, -999
19370922, 1200,  , HU, 23.0N,  52.1W,  80, -999, -999, -999, -999, -999, -999, -999, -999, -999, -999, -999, -999, -999, -999
19370922, 1800,  , HU, 23.6N,  52.7W,  80, -999, -999, -999, -999, -999, -999, -999, -999, -999, -999, -999, -999, -999, -999
19370923, 0000,  , HU, 24.2N,  53.2W,  80, -999, -999, -999, -999, -999, -999, -999, -999, -999, -999, -999, -999, -999, -999
19370923, 0600,  , HU, 24.8N,  53.5W,  85, -999, -999, -999, -999, -999, -999, -999, -999, -999, -999, -999, -999, -999, -999
19370923, 1200,  , HU, 25.6N,  53.7W,  85, -999, -999, -999, -999, -999, -999, -999, -999, -999, -999, -999, -999, -999, -999
19370923, 1800,  , HU, 26.6N,  53.9W,  85, -999, -999, -999, -999, -999, -999, -999, -999, -999, -999, -999, -999, -999, -999
19370924, 0000,  , HU, 27.8N,  54.2W,  85, -999, -999, -999, -999, -999, -999, -999, -999, -999, -999, -999, -999, -999, -999
19370924, 0600,  , HU, 28.9N,  54.8W,  85, -999, -999, -999, -999, -999, -999, -999, -999, -999, -999, -999, -999, -999, -999
19370924, 1200,  , HU, 30.1N,  55.5W,  85, -999, -999, -999, -999, -999, -999, -999, -999, -999, -999, -999, -999, -999, -999
19370924, 1800,  , HU, 31.5N,  56.4W,  85, -999, -999, -999, -999, -999, -999, -999, -999, -999, -999, -999, -999, -999, -999
19370925, 0000,  , HU, 33.2N,  57.6W,  85, -999, -999, -999, -999, -999, -999, -999, -999, -999, -999, -999, -999, -999, -999
19370925, 0600,  , HU, 34.9N,  58.9W,  85, -999, -999, -999, -999, -999, -999, -999, -999, -999, -999, -999, -999, -999, -999
19370925, 1200,  , HU, 36.6N,  60.2W,  85, -999, -999, -999, -999, -999, -999, -999, -999, -999, -999, -999, -999, -999, -999
19370925, 1800,  , HU, 38.8N,  61.5W,  80, -999, -999, -999, -999, -999, -999, -999, -999, -999, -999, -999, -999, -999, -999
19370926, 0000,  , HU, 40.8N,  62.7W,  75, -999, -999, -999, -999, -999, -999, -999, -999, -999, -999, -999, -999, -999, -999
19370926, 0600,  , EX, 42.3N,  63.6W,  70, -999, -999, -999, -999, -999, -999, -999, -999, -999, -999, -999, -999, -999, -999
19370926, 1200,  , EX, 43.8N,  63.2W,  65, -999, -999, -999, -999, -999, -999, -999, -999, -999, -999, -999, -999, -999, -999
19370926, 1800,  , EX, 46.1N,  62.3W,  60, -999, -999, -999, -999, -999, -999, -999, -999, -999, -999, -999, -999, -999, -999
19370927, 0000,  , EX, 48.4N,  59.6W,  55, -999, -999, -999, -999, -999, -999, -999, -999, -999, -999, -999, -999, -999, -999
19370927, 0600,  , EX, 51.0N,  56.5W,  50, -999, -999, -999, -999, -999, -999, -999, -999, -999, -999, -999, -999, -999, -999
19370927, 1200,  , EX, 54.0N,  53.0W,  45, -999, -999, -999, -999, -999, -999, -999, -999, -999, -999, -999, -999, -999, -999
19370927, 1800,  , EX, 57.5N,  49.5W,  40, -999, -999, -999, -999, -999, -999, -999, -999, -999, -999, -999, -999, -999, -999
19370928, 0000,  , EX, 60.0N,  47.5W,  35, -999, -999, -999, -999, -999, -999, -999, -999, -999, -999, -999, -999, -999, -999
19370928, 0600,  , EX, 62.2N,  46.5W,  35, -999, -999, -999, -999, -999, -999, -999, -999, -999, -999, -999, -999, -999, -999
19370928, 1200,  , EX, 64.0N,  46.0W,  35, -999, -999, -999, -999, -999, -999, -999, -999, -999, -999, -999, -999, -999, -999
AL091937,            UNNAMED,     28,
19370926, 0600,  , TD, 23.2N,  79.4W,  30, -999, -999, -999, -999, -999, -999, -999, -999, -999, -999, -999, -999, -999, -999
19370926, 1200,  , TD, 23.7N,  79.2W,  30, -999, -999, -999, -999, -999, -999, -999, -999, -999, -999, -999, -999, -999, -999
19370926, 1800,  , TD, 24.3N,  79.0W,  30, -999, -999, -999, -999, -999, -999, -999, -999, -999, -999, -999, -999, -999, -999
19370927, 0000,  , TD, 25.5N,  78.5W,  30, -999, -999, -999, -999, -999, -999, -999, -999, -999, -999, -999, -999, -999, -999
19370927, 0600,  , TD, 27.2N,  77.8W,  30, -999, -999, -999, -999, -999, -999, -999, -999, -999, -999, -999, -999, -999, -999
19370927, 1200,  , TD, 29.0N,  77.2W,  30, -999, -999, -999, -999, -999, -999, -999, -999, -999, -999, -999, -999, -999, -999
19370927, 1800,  , TS, 30.7N,  76.7W,  35, -999, -999, -999, -999, -999, -999, -999, -999, -999, -999, -999, -999, -999, -999
19370928, 0000,  , TS, 32.4N,  76.2W,  35, -999, -999, -999, -999, -999, -999, -999, -999, -999, -999, -999, -999, -999, -999
19370928, 0600,  , TS, 33.7N,  75.0W,  40, -999, -999, -999, -999, -999, -999, -999, -999, -999, -999, -999, -999, -999, -999
19370928, 1200,  , EX, 35.4N,  73.2W,  40, -999, -999, -999, -999, -999, -999, -999, -999, -999, -999, -999, -999, -999, -999
19370928, 1800,  , EX, 37.1N,  71.3W,  45, -999, -999, -999, -999, -999, -999, -999, -999, -999, -999, -999, -999, -999, -999
19370929, 0000,  , EX, 39.0N,  69.3W,  45, -999, -999, -999, -999, -999, -999, -999, -999, -999, -999, -999, -999, -999, -999
19370929, 0600,  , EX, 40.3N,  67.2W,  40, -999, -999, -999, -999, -999, -999, -999, -999, -999, -999, -999, -999, -999, -999
19370929, 1200,  , EX, 41.3N,  65.0W,  40, -999, -999, -999, -999, -999, -999, -999, -999, -999, -999, -999, -999, -999, -999
19370929, 1800,  , EX, 42.3N,  62.5W,  35, -999, -999, -999, -999, -999, -999, -999, -999, -999, -999, -999, -999, -999, -999
19370930, 0000,  , EX, 43.5N,  59.5W,  35, -999, -999, -999, -999, -999, -999, -999, -999, -999, -999, -999, -999, -999, -999
19370930, 0600,  , EX, 45.3N,  56.5W,  35, -999, -999, -999, -999, -999, -999, -999, -999, -999, -999, -999, -999, -999, -999
19370930, 1200,  , EX, 47.5N,  53.0W,  40, -999, -999, -999, -999, -999, -999, -999, -999, -999, -999, -999, -999, -999, -999
19370930, 1800,  , EX, 49.5N,  49.9W,  45, -999, -999, -999, -999, -999, -999, -999, -999, -999, -999, -999, -999, -999, -999
19371001, 0000,  , EX, 51.0N,  47.3W,  50, -999, -999, -999, -999, -999, -999, -999, -999, -999, -999, -999, -999, -999, -999
19371001, 0600,  , EX, 52.1N,  44.7W,  55, -999, -999, -999, -999, -999, -999, -999, -999, -999, -999, -999, -999, -999, -999
19371001, 1200,  , EX, 53.2N,  41.5W,  60, -999, -999, -999, -999, -999, -999, -999, -999, -999, -999, -999, -999, -999, -999
19371001, 1800,  , EX, 54.3N,  39.5W,  65, -999, -999, -999, -999, -999, -999, -999, -999, -999, -999, -999, -999, -999, -999
19371002, 0000,  , EX, 55.4N,  37.5W,  65, -999, -999, -999, -999, -999, -999, -999, -999, -999, -999, -999, -999, -999, -999
19371002, 0600,  , EX, 57.2N,  36.5W,  60, -999, -999, -999, -999, -999, -999, -999, -999, -999, -999, -999, -999, -999, -999
19371002, 1200,  , EX, 59.0N,  35.6W,  55, -999, -999, -999, -999, -999, -999, -999, -999, -999, -999, -999, -999, -999, -999
19371002, 1800,  , EX, 60.2N,  34.8W,  50, -999, -999, -999, -999, -999, -999, -999, -999, -999, -999, -999, -999, -999, -999
19371003, 0000,  , EX, 60.6N,  34.7W,  50, -999, -999, -999, -999, -999, -999, -999, -999, -999, -999, -999, -999, -999, -999
AL101937,            UNNAMED,     11,
19371002, 0000,  , TS, 24.5N,  87.7W,  35, -999, -999, -999, -999, -999, -999, -999, -999, -999, -999, -999, -999, -999, -999
19371002, 0600,  , TS, 24.9N,  88.6W,  40, -999, -999, -999, -999, -999, -999, -999, -999, -999, -999, -999, -999, -999, -999
19371002, 1200,  , TS, 26.1N,  89.7W,  40, 1003, -999, -999, -999, -999, -999, -999, -999, -999, -999, -999, -999, -999, -999
19371002, 1800,  , TS, 27.3N,  91.0W,  40, 1002, -999, -999, -999, -999, -999, -999, -999, -999, -999, -999, -999, -999, -999
19371003, 0000,  , TS, 28.1N,  91.9W,  35, -999, -999, -999, -999, -999, -999, -999, -999, -999, -999, -999, -999, -999, -999
19371003, 0600,  , TS, 28.8N,  92.1W,  35, -999, -999, -999, -999, -999, -999, -999, -999, -999, -999, -999, -999, -999, -999
19371003, 1200, L, TS, 29.5N,  92.0W,  35, -999, -999, -999, -999, -999, -999, -999, -999, -999, -999, -999, -999, -999, -999
19371003, 1400, L, TS, 29.8N,  92.0W,  35, -999, -999, -999, -999, -999, -999, -999, -999, -999, -999, -999, -999, -999, -999
19371003, 1800,  , TD, 30.5N,  92.0W,  30, -999, -999, -999, -999, -999, -999, -999, -999, -999, -999, -999, -999, -999, -999
19371004, 0000,  , TD, 31.8N,  92.0W,  30, -999, -999, -999, -999, -999, -999, -999, -999, -999, -999, -999, -999, -999, -999
19371004, 0600,  , TD, 33.2N,  91.9W,  25, -999, -999, -999, -999, -999, -999, -999, -999, -999, -999, -999, -999, -999, -999
AL111937,            UNNAMED,     11,
19371018, 1200,  , EX, 35.4N,  45.3W,  45, -999, -999, -999, -999, -999, -999, -999, -999, -999, -999, -999, -999, -999, -999
19371018, 1800,  , EX, 36.1N,  47.1W,  55, -999, -999, -999, -999, -999, -999, -999, -999, -999, -999, -999, -999, -999, -999
19371019, 0000,  , HU, 36.8N,  48.8W,  65, -999, -999, -999, -999, -999, -999, -999, -999, -999, -999, -999, -999, -999, -999
19371019, 0600,  , HU, 37.5N,  50.4W,  70, -999, -999, -999, -999, -999, -999, -999, -999, -999, -999, -999, -999, -999, -999
19371019, 1200,  , HU, 37.8N,  51.8W,  70, -999, -999, -999, -999, -999, -999, -999, -999, -999, -999, -999, -999, -999, -999
19371019, 1800,  , HU, 38.0N,  53.0W,  65, -999, -999, -999, -999, -999, -999, -999, -999, -999, -999, -999, -999, -999, -999
19371020, 0000,  , TS, 38.2N,  54.0W,  60, -999, -999, -999, -999, -999, -999, -999, -999, -999, -999, -999, -999, -999, -999
19371020, 0600,  , TS, 38.4N,  55.0W,  55, -999, -999, -999, -999, -999, -999, -999, -999, -999, -999, -999, -999, -999, -999
19371020, 1200,  , TS, 38.6N,  56.0W,  50, -999, -999, -999, -999, -999, -999, -999, -999, -999, -999, -999, -999, -999, -999
19371020, 1800,  , TS, 39.0N,  57.4W,  45, -999, -999, -999, -999, -999, -999, -999, -999, -999, -999, -999, -999, -999, -999
19371021, 0000,  , TS, 39.8N,  58.8W,  40, -999, -999, -999, -999, -999, -999, -999, -999, -999, -999, -999, -999, -999, -999
