AL011945,            UNNAMED,     59,
19450620, 1200,  , TS, 19.0N,  85.7W,  35, -999, -999, -999, -999, -999, -999, -999, -999, -999, -999, -999, -999, -999, -999
19450620, 1800,  , TS, 19.5N,  85.9W,  40, -999, -999, -999, -999, -999, -999, -999, -999, -999, -999, -999, -999, -999, -999
19450621, 0000,  , TS, 20.0N,  86.1W,  40, -999, -999, -999, -999, -999, -999, -999, -999, -999, -999, -999, -999, -999, -999
19450621, 0600,  , TS, 20.6N,  86.2W,  40, -999, -999, -999, -999, -999, -999, -999, -999, -999, -999, -999, -999, -999, -999
19450621, 1200,  , TS, 21.4N,  86.3W,  40, -999, -999, -999, -999, -999, -999, -999, -999, -999, -999, -999, -999, -999, -999
19450621, 1800,  , TS, 22.2N,  86.3W,  40, -999, -999, -999, -999, -999, -999, -999, -999, -999, -999, -999, -999, -999, -999
19450622, 0000,  , TS, 23.0N,  86.4W,  40, -999, -999, -999, -999, -999, -999, -999, -999, -999, -999, -999, -999, -999, -999
19450622, 0600,  , TS, 23.8N,  86.4W,  45, -999, -999, -999, -999, -999, -999, -999, -999, -999, -999, -999, -999, -999, -999
19450622, 1200,  , TS, 24.5N,  86.5W,  45, -999, -999, -999, -999, -999, -999, -999, -999, -999, -999, -999, -999, -999, -999
19450622, 1800,  , TS, 25.2N,  86.6W,  50, -999, -999, -999, -999, -999, -999, -999, -999, -999, -999, -999, -999, -999, -999
19450623, 0000,  , TS, 25.9N,  86.6W,  50, -999, -999, -999, -999, -999, -999, -999, -999, -999, -999, -999, -999, -999, -999
19450623, 0600,  , TS, 26.6N,  86.6W,  55, -999, -999, -999, -999, -999, -999, -999, -999, -999, -999, -999, -999, -999, -999
19450623, 1200,  , HU, 27.2N,  86.5W,  70, -999, -999, -999, -999, -999, -999, -999, -999, -999, -999, -999, -999, -999, -999
19450623, 1800,  , HU, 27.6N,  86.0W,  85, -999, -999, -999, -999, -999, -999, -999, -999, -999, -999, -999, -999, -999, -999
19450624, 0000,  , HU, 28.0N,  85.0W,  80, -999, -999, -999, -999, -999, -999, -999, -999, -999, -999, -999, -999, -999, -999
19450624, 0600,  , HU, 28.5N,  83.5W,  70, -999, -999, -999, -999, -999, -999, -999, -999, -999, -999, -999, -999, -999, -999
19450624, 0800, L, HU, 28.6N,  82.7W,  70, -999, -999, -999, -999, -999, -999, -999, -999, -999, -999, -999, -999, -999, -999
19450624, 1200,  , TS, 29.0N,  82.0W,  50, -999, -999, -999, -999, -999, -999, -999, -999, -999, -999, -999, -999, -999, -999
19450624, 1800,  , TS, 29.8N,  81.0W,  60, -999, -999, -999, -999, -999, -999, -999, -999, -999, -999, -999, -999, -999, -999
19450625, 0000,  , HU, 30.7N,  80.1W,  65, -999, -999, -999, -999, -999, -999, -999, -999, -999, -999, -999, -999, -999, -999
19450625, 0600,  , HU, 31.7N,  79.3W,  65, -999, -999, -999, -999, -999, -999, -999, -999, -999, -999, -999, -999, -999, -999
19450625, 1200,  , HU, 32.8N,  78.5W,  65, -999, -999, -999, -999, -999, -999, -999, -999, -999, -999, -999, -999, -999, -999
19450625, 1800,  , HU, 33.8N,  77.5W,  65, -999, -999, -999, -999, -999, -999, -999, -999, -999, -999, -999, -999, -999, -999
19450626, 0000,  , HU, 34.6N,  76.7W,  65, -999, -999, -999, -999, -999, -999, -999, -999, -999, -999, -999, -999, -999, -999
19450626, 0100, L, HU, 34.7N,  76.6W,  65, -999, -999, -999, -999, -999, -999, -999, -999, -999, -999, -999, -999, -999, -999
19450626, 0600,  , HU, 35.8N,  75.5W,  65, -999, -999, -999, -999, -999, -999, -999, -999, -999, -999, -999, -999, -999, -999
19450626, 1200,  , HU, 37.3N,  73.8W,  65, -999, -999, -999, -999, -999, -999, -999, -999, -999, -999, -999, -999, -999, -999
19450626, 1800,  , HU, 38.4N,  72.3W,  65, -999, -999, -999, -999, -999, -999, -999, -999, -999, -999, -999, -999, -999, -999
19450627, 0000,  , HU, 39.4N,  71.1W,  65, -999, -999, -999, -999, -999, -999, -999, -999, -999, -999, -999, -999, -999, -999
19450627, 0600,  , EX, 40.2N,  70.1W,  65, -999, -999, -999, -999, -999, -999, -999, -999, -999, -999, -999, -999, -999, -999
19450627, 1200,  , EX, 40.8N,  69.0W,  65, -999, -999, -999, -999, -999, -999, -999, -999, -999, -999, -999, -999, -999, -999
19450627, 1800,  , EX, 41.3N,  68.1W,  55, -999, -999, -999, -999, -999, -999, -999, -999, -999, -999, -999, -999, -999, -999
19450628, 0000,  , EX, 41.7N,  67.3W,  45, -999, -999, -999, -999, -999, -999, -999, -999, -999, -999, -999, -999, -999, -999
19450628, 0600,  , EX, 41.9N,  66.5W,  45, -999, -999, -999, -999, -999, -999, -999, -999, -999, -999, -999, -999, -999, -999
19450628, 1200,  , EX, 42.2N,  65.5W,  45, -999, -999, -999, -999, -999, -999, -999, -999, -999, -999, -999, -999, -999, -999
19450628, 1800,  , EX, 42.6N,  64.4W,  40, -999, -999, -999, -999, -999, -999, -999, -999, -999, -999, -999, -999, -999, -999
19450629, 0000,  , EX, 43.1N,  63.2W,  40, -999, -999, -999, -999, -999, -999, -999, -999, -999, -999, -999, -999, -999, -999
19450629, 0600,  , EX, 43.8N,  61.7W,  40, -999, -999, -999, -999, -999, -999, -999, -999, -999, -999, -999, -999, -999, -999
19450629, 1200,  , EX, 44.8N,  60.0W,  40, -999, -999, -999, -999, -999, -999, -999, -999, -999, -999, -999, -999, -999, -999
19450629, 1800,  , EX, 45.9N,  58.3W,  40, -999, -999, -999, -999, -999, -999, -999, -999, -999, -999, -999, -999, -999, -999
19450630, 0000,  , EX, 47.1N,  56.6W,  35, -999, -999, -999, -999, -999, -999, -999, -999, -999, -999, -999, -999, -999, -999
19450630, 0600,  , EX, 48.5N,  54.8W,  35, -999, -999, -999, -999, -999, -999, -999, -999, -999, -999, -999, -999, -999, -999
19450630, 1200,  , EX, 50.0N,  53.0W,  35, -999, -999, -999, -999, -999, -999, -999, -999, -999, -999, -999, -999, -999, -999
19450630, 1800,  , EX, 51.7N,  50.5W,  35, -999, -999, -999, -999, -999, -999, -999, -999, -999, -999, -999, -999, -999, -999
19450701, 0000,  , EX, 53.6N,  47.5W,  35, -999, -999, -999, -999, -999, -999, -999, -999, -999, -999, -999, -999, -999, -999
19450701, 0600,  , EX, 55.8N,  44.2W,  35, -999, -999, -999, -999, -999, -999, -999, -999, -999, -999, -999, -999, -999, -999
19450701, 1200,  , EX, 57.8N,  41.2W,  35, -999, -999, -999, -999, -999, -999, -999, -999, -999, -999, -999, -999, -999, -999
19450701, 1800,  , EX, 59.3N,  39.0W,  35, -999, -999, -999, -999, -999, -999, -999, -999, -999, -999, -999, -999, -999, -999
19450702, 0000,  , EX, 60.3N,  37.3W,  40, -999, -999, -999, -999, -999, -999, -999, -999, -999, -999, -999, -999, -999, -999
19450702, 0600,  , EX, 60.7N,  35.8W,  40, -999, -999, -999, -999, -999, -999, -999, -999, -999, -999, -999, -999, -999, -999
19450702, 1200,  , EX, 61.0N,  34.5W,  40, -999, -999, -999, -999, -999, -999, -999, -999, -999, -999, -999, -999, -999, -999
19450702, 1800,  , EX, 61.2N,  33.3W,  40, -999, -999, -999, -999, -999, -999, -999, -999, -999, -999, -999, -999, -999, -999
19450703, 0000,  , EX, 61.4N,  32.3W,  35, -999, -999, -999, -999, -999, -999, -999, -999, -999, -999, -999, -999, -999, -999
19450703, 0600,  , EX, 61.7N,  31.3W,  35, -999, -999, -999, -999, -999, -999, -999, -999, -999, -999, -999, -999, -999, -999
19450703, 1200,  , EX, 62.0N,  30.0W,  30, -999, -999, -999, -999, -999, -999, -999, -999, -999, -999, -999, -999, -999, -999
19450703, 1800,  , EX, 62.4N,  28.6W,  30, -999, -999, -999, -999, -999, -999, -999, -999, -999, -999, -999, -999, -999, -999
19450704, 0000,  , EX, 62.9N,  27.1W,  30, -999, -999, -999, -999, -999, -999, -999, -999, -999, -999, -999, -999, -999, -999
19450704, 0600,  , EX, 63.6N,  25.6W,  30, -999, -999, -999, -999, -999, -999, -999, -999, -999, -999, -999, -999, -999, -999
19450704, 1200,  , EX, 64.5N,  24.0W,  25, -999, -999, -999, -999, -999, -999, -999, -999, -999, -999, -999, -999, -999, -999
AL021945,            UNNAMED,     13,
19450719, 0600,  , TD, 25.7N,  90.0W,  30, -999, -999, -999, -999, -999, -999, -999, -999, -999, -999, -999, -999, -999, -999
19450719, 1200,  , TD, 26.0N,  90.8W,  30, -999, -999, -999, -999, -999, -999, -999, -999, -999, -999, -999, -999, -999, -999
19450719, 1800,  , TD, 26.3N,  91.5W,  30, -999, -999, -999, -999, -999, -999, -999, -999, -999, -999, -999, -999, -999, -999
19450720, 0000,  , TS, 26.6N,  92.2W,  35, -999, -999, -999, -999, -999, -999, -999, -999, -999, -999, -999, -999, -999, -999
19450720, 0600,  , TS, 26.8N,  92.8W,  35, -999, -999, -999, -999, -999, -999, -999, -999, -999, -999, -999, -999, -999, -999
19450720, 1200,  , TS, 27.0N,  93.4W,  35, -999, -999, -999, -999, -999, -999, -999, -999, -999, -999, -999, -999, -999, -999
19450720, 1800,  , TS, 27.3N,  93.9W,  35, -999, -999, -999, -999, -999, -999, -999, -999, -999, -999, -999, -999, -999, -999
19450721, 0000,  , TS, 27.6N,  94.4W,  35, -999, -999, -999, -999, -999, -999, -999, -999, -999, -999, -999, -999, -999, -999
19450721, 0600,  , TS, 27.8N,  94.9W,  35, -999, -999, -999, -999, -999, -999, -999, -999, -999, -999, -999, -999, -999, -999
19450721, 1200,  , TS, 27.8N,  95.4W,  35, -999, -999, -999, -999, -999, -999, -999, -999, -999, -999, -999, -999, -999, -999
19450721, 1800,  , TS, 27.6N,  95.8W,  35, -999, -999, -999, -999, -999, -999, -999, -999, -999, -999, -999, -999, -999, -999
19450722, 0000,  , TD, 27.2N,  96.2W,  30, -999, -999, -999, -999, -999, -999, -999, -999, -999, -999, -999, -999, -999, -999
19450722, 0600,  , TD, 26.9N,  96.9W,  25, -999, -999, -999, -999, -999, -999, -999, -999, -999, -999, -999, -999, -999, -999
AL031945,            UNNAMED,     12,
19450802, 0000,  , TS, 13.6N,  58.3W,  35, -999, -999, -999, -999, -999, -999, -999, -999, -999, -999, -999, -999, -999, -999
19450802, 0600,  , TS, 14.1N,  58.9W,  40, -999, -999, -999, -999, -999, -999, -999, -999, -999, -999, -999, -999, -999, -999
19450802, 1200,  , TS, 14.5N,  59.7W,  40, -999, -999, -999, -999, -999, -999, -999, -999, -999, -999, -999, -999, -999, -999
19450802, 1800,  , TS, 15.0N,  60.7W,  45, -999, -999, -999, -999, -999, -999, -999, -999, -999, -999, -999, -999, -999, -999
19450803, 0000,  , TS, 15.6N,  62.0W,  45, -999, -999, -999, -999, -999, -999, -999, -999, -999, -999, -999, -999, -999, -999
19450803, 0600,  , TS, 16.1N,  63.3W,  50, -999, -999, -999, -999, -999, -999, -999, -999, -999, -999, -999, -999, -999, -999
19450803, 1200,  , TS, 16.6N,  64.7W,  50, -999, -999, -999, -999, -999, -999, -999, -999, -999, -999, -999, -999, -999, -999
19450803, 1800,  , TS, 16.9N,  66.2W,  50, -999, -999, -999, -999, -999, -999, -999, -999, -999, -999, -999, -999, -999, -999
19450804, 0000,  , TS, 17.2N,  67.5W,  50, -999, -999, -999, -999, -999, -999, -999, -999, -999, -999, -999, -999, -999, -999
19450804, 0600,  , TS, 17.6N,  68.7W,  50, -999, -999, -999, -999, -999, -999, -999, -999, -999, -999, -999, -999, -999, -999
19450804, 1200,  , TS, 18.1N,  70.0W,  50, -999, -999, -999, -999, -999, -999, -999, -999, -999, -999, -999, -999, -999, -999
19450804, 1800,  , TD, 18.7N,  71.3W,  30, -999, -999, -999, -999, -999, -999, -999, -999, -999, -999, -999, -999, -999, -999
AL041945,            UNNAMED,     15,
19450817, 1800,  , TS, 17.4N,  53.5W,  35, -999, -999, -999, -999, -999, -999, -999, -999, -999, -999, -999, -999, -999, -999
19450818, 0000,  , TS, 17.7N,  54.9W,  45, -999, -999, -999, -999, -999, -999, -999, -999, -999, -999, -999, -999, -999, -999
19450818, 0600,  , TS, 17.9N,  56.4W,  55, -999, -999, -999, -999, -999, -999, -999, -999, -999, -999, -999, -999, -999, -999
19450818, 1200,  , TS, 18.2N,  58.0W,  60, -999, -999, -999, -999, -999, -999, -999, -999, -999, -999, -999, -999, -999, -999
19450818, 1800,  , TS, 18.5N,  59.7W,  60, -999, -999, -999, -999, -999, -999, -999, -999, -999, -999, -999, -999, -999, -999
19450819, 0000,  , TS, 18.8N,  61.5W,  60, -999, -999, -999, -999, -999, -999, -999, -999, -999, -999, -999, -999, -999, -999
19450819, 0600,  , TS, 19.2N,  63.3W,  55, -999, -999, -999, -999, -999, -999, -999, -999, -999, -999, -999, -999, -999, -999
19450819, 1200,  , TS, 19.6N,  65.0W,  50, -999, -999, -999, -999, -999, -999, -999, -999, -999, -999, -999, -999, -999, -999
19450819, 1800,  , TS, 20.1N,  66.7W,  50, -999, -999, -999, -999, -999, -999, -999, -999, -999, -999, -999, -999, -999, -999
19450820, 0000,  , TS, 20.6N,  68.3W,  45, -999, -999, -999, -999, -999, -999, -999, -999, -999, -999, -999, -999, -999, -999
19450820, 0600,  , TS, 21.1N,  69.9W,  40, -999, -999, -999, -999, -999, -999, -999, -999, -999, -999, -999, -999, -999, -999
19450820, 1200,  , TS, 21.4N,  71.8W,  40, -999, -999, -999, -999, -999, -999, -999, -999, -999, -999, -999, -999, -999, -999
19450820, 1800,  , TS, 21.6N,  73.8W,  35, -999, -999, -999, -999, -999, -999, -999, -999, -999, -999, -999, -999, -999, -999
19450821, 0000,  , TD, 21.8N,  75.6W,  30, -999, -999, -999, -999, -999, -999, -999, -999, -999, -999, -999, -999, -999, -999
19450821, 0600,  , TD, 22.0N,  77.2W,  25, -999, -999, -999, -999, -999, -999, -999, -999, -999, -999, -999, -999, -999, -999
AL051945,            UNNAMED,     24,
19450824, 0000,  , TS, 20.5N,  94.4W,  40, -999, -999, -999, -999, -999, -999, -999, -999, -999, -999, -999, -999, -999, -999
19450824, 0600,  , TS, 21.3N,  94.7W,  45, -999, -999, -999, -999, -999, -999, -999, -999, -999, -999, -999, -999, -999, -999
19450824, 1200,  , TS, 22.0N,  95.0W,  50, -999, -999, -999, -999, -999, -999, -999, -999, -999, -999, -999, -999, -999, -999
19450824, 1800,  , TS, 22.6N,  95.3W,  55, -999, -999, -999, -999, -999, -999, -999, -999, -999, -999, -999, -999, -999, -999
19450825, 0000,  , TS, 23.3N,  95.6W,  60, -999, -999, -999, -999, -999, -999, -999, -999, -999, -999, -999, -999, -999, -999
19450825, 0600,  , HU, 24.0N,  95.8W,  70, -999, -999, -999, -999, -999, -999, -999, -999, -999, -999, -999, -999, -999, -999
19450825, 1200,  , HU, 24.7N,  96.0W,  80, -999, -999, -999, -999, -999, -999, -999, -999, -999, -999, -999, -999, -999, -999
19450825, 1800,  , HU, 25.3N,  96.2W,  85, -999, -999, -999, -999, -999, -999, -999, -999, -999, -999, -999, -999, -999, -999
19450826, 0000,  , HU, 25.9N,  96.4W,  90, -999, -999, -999, -999, -999, -999, -999, -999, -999, -999, -999, -999, -999, -999
19450826, 0600,  , HU, 26.5N,  96.6W,  95, -999, -999, -999, -999, -999, -999, -999, -999, -999, -999, -999, -999, -999, -999
19450826, 1200,  , HU, 27.0N,  96.8W, 100, -999, -999, -999, -999, -999, -999, -999, -999, -999, -999, -999, -999, -999, -999
19450826, 1800,  , HU, 27.3N,  96.9W, 100, -999, -999, -999, -999, -999, -999, -999, -999, -999, -999, -999, -999, -999, -999
19450827, 0000,  , HU, 27.5N,  97.0W, 100, -999, -999, -999, -999, -999, -999, -999, -999, -999, -999, -999, -999, -999, -999
19450827, 0600,  , HU, 27.8N,  97.0W, 100, -999, -999, -999, -999, -999, -999, -999, -999, -999, -999, -999, -999, -999, -999
19450827, 1200, L, HU, 28.2N,  96.7W, 100,  963, -999, -999, -999, -999, -999, -999, -999, -999, -999, -999, -999, -999,   10
19450827, 1800,  , HU, 28.6N,  96.3W,  90,  966, -999, -999, -999, -999, -999, -999, -999, -999, -999, -999, -999, -999, -999
19450828, 0000,  , HU, 28.9N,  96.1W,  75, -999, -999, -999, -999, -999, -999, -999, -999, -999, -999, -999, -999, -999, -999
19450828, 0600,  , HU, 29.4N,  96.0W,  65,  980, -999, -999, -999, -999, -999, -999, -999, -999, -999, -999, -999, -999, -999
19450828, 1200,  , TS, 29.9N,  96.1W,  50,  987, -999, -999, -999, -999, -999, -999, -999, -999, -999, -999, -999, -999, -999
19450828, 1800,  , TS, 30.5N,  96.3W,  40,  993, -999, -999, -999, -999, -999, -999, -999, -999, -999, -999, -999, -999, -999
19450829, 0000,  , TS, 31.0N,  96.6W,  35,  998, -999, -999, -999, -999, -999, -999, -999, -999, -999, -999, -999, -999, -999
19450829, 0600,  , TD, 31.5N,  97.1W,  30, 1002, -999, -999, -999, -999, -999, -999, -999, -999, -999, -999, -999, -999, -999
19450829, 1200,  , TD, 31.8N,  97.5W,  25, 1006, -999, -999, -999, -999, -999, -999, -999, -999, -999, -999, -999, -999, -999
19450829, 1800,  , TD, 32.1N,  97.9W,  20, 1009, -999, -999, -999, -999, -999, -999, -999, -999, -999, -999, -999, -999, -999
AL061945,            UNNAMED,     15,
19450829, 0600,  , TS, 13.6N,  82.3W,  35, -999, -999, -999, -999, -999, -999, -999, -999, -999, -999, -999, -999, -999, -999
19450829, 1200,  , TS, 14.2N,  81.8W,  35, -999, -999, -999, -999, -999, -999, -999, -999, -999, -999, -999, -999, -999, -999
19450829, 1800,  , TS, 14.8N,  81.5W,  40, -999, -999, -999, -999, -999, -999, -999, -999, -999, -999, -999, -999, -999, -999
19450830, 0000,  , TS, 15.5N,  81.3W,  40, -999, -999, -999, -999, -999, -999, -999, -999, -999, -999, -999, -999, -999, -999
19450830, 0600,  , TS, 16.4N,  81.5W,  45, -999, -999, -999, -999, -999, -999, -999, -999, -999, -999, -999, -999, -999, -999
19450830, 1200,  , TS, 17.2N,  82.2W,  50, -999, -999, -999, -999, -999, -999, -999, -999, -999, -999, -999, -999, -999, -999
19450830, 1800,  , TS, 17.6N,  83.2W,  50, -999, -999, -999, -999, -999, -999, -999, -999, -999, -999, -999, -999, -999, -999
19450831, 0000,  , TS, 17.7N,  84.4W,  55, -999, -999, -999, -999, -999, -999, -999, -999, -999, -999, -999, -999, -999, -999
19450831, 0600,  , TS, 17.8N,  85.6W,  55, -999, -999, -999, -999, -999, -999, -999, -999, -999, -999, -999, -999, -999, -999
19450831, 1200,  , TS, 17.7N,  86.9W,  60, -999, -999, -999, -999, -999, -999, -999, -999, -999, -999, -999, -999, -999, -999
19450831, 1800,  , TS, 17.4N,  88.2W,  60,  990, -999, -999, -999, -999, -999, -999, -999, -999, -999, -999, -999, -999, -999
19450901, 0000,  , TS, 17.2N,  89.4W,  40, -999, -999, -999, -999, -999, -999, -999, -999, -999, -999, -999, -999, -999, -999
19450901, 0600,  , TD, 17.1N,  90.4W,  30, -999, -999, -999, -999, -999, -999, -999, -999, -999, -999, -999, -999, -999, -999
19450901, 1200,  , TD, 17.0N,  91.3W,  25, -999, -999, -999, -999, -999, -999, -999, -999, -999, -999, -999, -999, -999, -999
19450901, 1800,  , TD, 17.0N,  92.0W,  25, -999, -999, -999, -999, -999, -999, -999, -999, -999, -999, -999, -999, -999, -999
AL071945,            UNNAMED,     13,
19450903, 1800,  , TD, 21.0N,  84.6W,  30, -999, -999, -999, -999, -999, -999, -999, -999, -999, -999, -999, -999, -999, -999
19450904, 0000,  , TD, 22.1N,  83.8W,  30, -999, -999, -999, -999, -999, -999, -999, -999, -999, -999, -999, -999, -999, -999
19450904, 0600,  , TD, 23.2N,  82.8W,  30, -999, -999, -999, -999, -999, -999, -999, -999, -999, -999, -999, -999, -999, -999
19450904, 1200,  , TS, 24.4N,  82.1W,  35, -999, -999, -999, -999, -999, -999, -999, -999, -999, -999, -999, -999, -999, -999
19450904, 1800,  , TS, 25.5N,  82.0W,  35, -999, -999, -999, -999, -999, -999, -999, -999, -999, -999, -999, -999, -999, -999
19450905, 0000, L, TS, 26.5N,  82.1W,  35, -999, -999, -999, -999, -999, -999, -999, -999, -999, -999, -999, -999, -999, -999
19450905, 0600,  , TS, 27.5N,  83.8W,  35, -999, -999, -999, -999, -999, -999, -999, -999, -999, -999, -999, -999, -999, -999
19450905, 1200,  , TD, 28.5N,  86.0W,  30, -999, -999, -999, -999, -999, -999, -999, -999, -999, -999, -999, -999, -999, -999
19450905, 1800,  , TD, 29.3N,  87.5W,  30, -999, -999, -999, -999, -999, -999, -999, -999, -999, -999, -999, -999, -999, -999
19450906, 0000,  , TD, 30.0N,  88.8W,  30, -999, -999, -999, -999, -999, -999, -999, -999, -999, -999, -999, -999, -999, -999
19450906, 0600,  , TD, 30.7N,  89.8W,  25, -999, -999, -999, -999, -999, -999, -999, -999, -999, -999, -999, -999, -999, -999
19450906, 1200,  , TD, 31.3N,  90.8W,  25, -999, -999, -999, -999, -999, -999, -999, -999, -999, -999, -999, -999, -999, -999
19450906, 1800,  , TD, 31.9N,  91.9W,  20, -999, -999, -999, -999, -999, -999, -999, -999, -999, -999, -999, -999, -999, -999
AL081945,            UNNAMED,     14,
19450909, 1200,  , TS, 16.4N,  58.3W,  45, -999, -999, -999, -999, -999, -999, -999, -999, -999, -999, -999, -999, -999, -999
19450909, 1800,  , TS, 17.4N,  59.2W,  45, 1009, -999, -999, -999, -999, -999, -999, -999, -999, -999, -999, -999, -999, -999
19450910, 0000,  , TS, 18.3N,  60.0W,  45, -999, -999, -999, -999, -999, -999, -999, -999, -999, -999, -999, -999, -999, -999
19450910, 0600,  , TS, 19.1N,  60.8W,  45, -999, -999, -999, -999, -999, -999, -999, -999, -999, -999, -999, -999, -999, -999
19450910, 1200,  , TS, 20.1N,  61.8W,  50, -999, -999, -999, -999, -999, -999, -999, -999, -999, -999, -999, -999, -999, -999
19450910, 1800,  , TS, 21.3N,  63.2W,  50, -999, -999, -999, -999, -999, -999, -999, -999, -999, -999, -999, -999, -999, -999
19450911, 0000,  , TS, 22.6N,  64.9W,  50, -999, -999, -999, -999, -999, -999, -999, -999, -999, -999, -999, -999, -999, -999
19450911, 0600,  , TS, 24.0N,  66.1W,  50, -999, -999, -999, -999, -999, -999, -999, -999, -999, -999, -999, -999, -999, -999
19450911, 1200,  , TS, 25.5N,  67.0W,  45, -999, -999, -999, -999, -999, -999, -999, -999, -999, -999, -999, -999, -999, -999
19450911, 1800,  , TS, 27.0N,  67.3W,  45, -999, -999, -999, -999, -999, -999, -999, -999, -999, -999, -999, -999, -999, -999
19450912, 0000,  , TS, 28.6N,  67.4W,  40, -999, -999, -999, -999, -999, -999, -999, -999, -999, -999, -999, -999, -999, -999
19450912, 0600,  , TS, 30.3N,  67.3W,  40, -999, -999, -999, -999, -999, -999, -999, -999, -999, -999, -999, -999, -999, -999
19450912, 1200,  , TS, 32.2N,  67.1W,  35, -999, -999, -999, -999, -999, -999, -999, -999, -999, -999, -999, -999, -999, -999
19450912, 1800,  , TD, 34.5N,  66.7W,  30, -999, -999, -999, -999, -999, -999, -999, -999, -999, -999, -999, -999, -999, -999
AL091945,            UNNAMED,     39,
19450912, 0000,  , HU, 19.0N,  58.5W,  65, -999, -999, -999, -999, -999, -999, -999, -999, -999, -999, -999, -999, -999, -999
19450912, 0600,  , HU, 19.1N,  59.9W,  70, -999, -999, -999, -999, -999, -999, -999, -999, -999, -999, -999, -999, -999, -999
19450912, 1200,  , HU, 19.2N,  61.3W,  75, -999, -999, -999, -999, -999, -999, -999, -999, -999, -999, -999, -999, -999, -999
19450912, 1800,  , HU, 19.3N,  62.6W,  80, -999, -999, -999, -999, -999, -999, -999, -999, -999, -999, -999, -999, -999, -999
19450913, 0000,  , HU, 19.5N,  63.8W,  85, -999, -999, -999, -999, -999, -999, -999, -999, -999, -999, -999, -999, -999, -999
19450913, 0600,  , HU, 19.8N,  64.9W,  95, -999, -999, -999, -999, -999, -999, -999, -999, -999, -999, -999, -999, -999, -999
19450913, 1200,  , HU, 20.2N,  66.2W,  95, -999, -999, -999, -999, -999, -999, -999, -999, -999, -999, -999, -999, -999, -999
19450913, 1800,  , HU, 20.6N,  68.0W, 100, -999, -999, -999, -999, -999, -999, -999, -999, -999, -999, -999, -999, -999, -999
19450914, 0000,  , HU, 21.0N,  70.0W, 100, -999, -999, -999, -999, -999, -999, -999, -999, -999, -999, -999, -999, -999, -999
19450914, 0600,  , HU, 21.3N,  71.7W, 105, -999, -999, -999, -999, -999, -999, -999, -999, -999, -999, -999, -999, -999, -999
19450914, 1200,  , HU, 21.6N,  73.0W, 105, -999, -999, -999, -999, -999, -999, -999, -999, -999, -999, -999, -999, -999, -999
19450914, 1800,  , HU, 22.0N,  74.4W, 105, -999, -999, -999, -999, -999, -999, -999, -999, -999, -999, -999, -999, -999, -999
19450915, 0000,  , HU, 22.6N,  75.8W, 105, -999, -999, -999, -999, -999, -999, -999, -999, -999, -999, -999, -999, -999, -999
19450915, 0600,  , HU, 23.4N,  77.2W, 110, -999, -999, -999, -999, -999, -999, -999, -999, -999, -999, -999, -999, -999, -999
19450915, 1200,  , HU, 24.2N,  78.6W, 115, -999, -999, -999, -999, -999, -999, -999, -999, -999, -999, -999, -999, -999, -999
19450915, 1800,  , HU, 25.1N,  80.0W, 115,  949, -999, -999, -999, -999, -999, -999, -999, -999, -999, -999, -999, -999, -999
19450915, 1930, L, HU, 25.3N,  80.3W, 115,  949, -999, -999, -999, -999, -999, -999, -999, -999, -999, -999, -999, -999,   10
19450915, 2000, L, HU, 25.4N,  80.4W, 115,  949, -999, -999, -999, -999, -999, -999, -999, -999, -999, -999, -999, -999,   10
19450916, 0000,  , HU, 25.9N,  80.9W, 100,  954, -999, -999, -999, -999, -999, -999, -999, -999, -999, -999, -999, -999, -999
19450916, 0600,  , HU, 26.6N,  81.5W,  85,  963, -999, -999, -999, -999, -999, -999, -999, -999, -999, -999, -999, -999, -999
19450916, 1200,  , HU, 27.5N,  81.8W,  75,  974, -999, -999, -999, -999, -999, -999, -999, -999, -999, -999, -999, -999, -999
19450916, 1800,  , HU, 28.5N,  81.7W,  70,  982, -999, -999, -999, -999, -999, -999, -999, -999, -999, -999, -999, -999, -999
19450917, 0000,  , HU, 29.6N,  81.5W,  65,  987, -999, -999, -999, -999, -999, -999, -999, -999, -999, -999, -999, -999, -999
19450917, 0600,  , TS, 31.0N,  81.2W,  60,  990, -999, -999, -999, -999, -999, -999, -999, -999, -999, -999, -999, -999, -999
19450917, 1100, L, TS, 32.1N,  80.9W,  60,  990, -999, -999, -999, -999, -999, -999, -999, -999, -999, -999, -999, -999, -999
19450917, 1200,  , TS, 32.3N,  80.8W,  60,  990, -999, -999, -999, -999, -999, -999, -999, -999, -999, -999, -999, -999, -999
19450917, 1800,  , TS, 33.4N,  80.3W,  50,  996, -999, -999, -999, -999, -999, -999, -999, -999, -999, -999, -999, -999, -999
19450918, 0000,  , TS, 34.4N,  79.9W,  50, 1000, -999, -999, -999, -999, -999, -999, -999, -999, -999, -999, -999, -999, -999
19450918, 0600,  , TS, 35.6N,  79.3W,  45, 1006, -999, -999, -999, -999, -999, -999, -999, -999, -999, -999, -999, -999, -999
19450918, 1200,  , EX, 36.8N,  78.5W,  40, 1012, -999, -999, -999, -999, -999, -999, -999, -999, -999, -999, -999, -999, -999
19450918, 1800,  , EX, 38.3N,  77.0W,  35, -999, -999, -999, -999, -999, -999, -999, -999, -999, -999, -999, -999, -999, -999
19450919, 0000,  , EX, 40.3N,  75.0W,  30, -999, -999, -999, -999, -999, -999, -999, -999, -999, -999, -999, -999, -999, -999
19450919, 0600,  , EX, 42.3N,  72.4W,  25, -999, -999, -999, -999, -999, -999, -999, -999, -999, -999, -999, -999, -999, -999
19450919, 1200,  , EX, 44.1N,  69.0W,  25, -999, -999, -999, -999, -999, -999, -999, -999, -999, -999, -999, -999, -999, -999
19450919, 1800,  , EX, 45.1N,  65.0W,  25, -999, -999, -999, -999, -999, -999, -999, -999, -999, -999, -999, -999, -999, -999
19450920, 0000,  , EX, 45.6N,  60.6W,  30, -999, -999, -999, -999, -999, -999, -999, -999, -999, -999, -999, -999, -999, -999
19450920, 0600,  , EX, 46.3N,  54.8W,  30, -999, -999, -999, -999, -999, -999, -999, -999, -999, -999, -999, -999, -999, -999
19450920, 1200,  , EX, 47.0N,  49.0W,  35, -999, -999, -999, -999, -999, -999, -999, -999, -999, -999, -999, -999, -999, -999
19450920, 1800,  , EX, 47.9N,  46.1W,  35, -999, -999, -999, -999, -999, -999, -999, -999, -999, -999, -999, -999, -999, -999
AL101945,            UNNAMED,     22,
19451002, 0600,  , TS, 15.5N,  81.0W,  40, -999, -999, -999, -999, -999, -999, -999, -999, -999, -999, -999, -999, -999, -999
19451002, 1200,  , TS, 15.6N,  81.5W,  50, -999, -999, -999, -999, -999, -999, -999, -999, -999, -999, -999, -999, -999, -999
19451002, 1800,  , TS, 15.8N,  82.0W,  60, -999, -999, -999, -999, -999, -999, -999, -999, -999, -999, -999, -999, -999, -999
19451003, 0000,  , HU, 16.1N,  82.5W,  65, -999, -999, -999, -999, -999, -999, -999, -999, -999, -999, -999, -999, -999, -999
19451003, 0600,  , HU, 16.4N,  83.1W,  70, -999, -999, -999, -999, -999, -999, -999, -999, -999, -999, -999, -999, -999, -999
19451003, 1200,  , HU, 16.6N,  83.8W,  70,  987, -999, -999, -999, -999, -999, -999, -999, -999, -999, -999, -999, -999, -999
19451003, 1800,  , HU, 16.8N,  84.9W,  75,  982, -999, -999, -999, -999, -999, -999, -999, -999, -999, -999, -999, -999, -999
19451004, 0000,  , HU, 16.6N,  86.1W,  80, -999, -999, -999, -999, -999, -999, -999, -999, -999, -999, -999, -999, -999, -999
19451004, 0600,  , HU, 16.4N,  87.4W,  80, -999, -999, -999, -999, -999, -999, -999, -999, -999, -999, -999, -999, -999, -999
19451004, 1200,  , HU, 16.2N,  88.7W,  80, -999, -999, -999, -999, -999, -999, -999, -999, -999, -999, -999, -999, -999, -999
19451004, 1800,  , TS, 16.0N,  90.0W,  55, -999, -999, -999, -999, -999, -999, -999, -999, -999, -999, -999, -999, -999, -999
19451005, 0000,  , TS, 15.8N,  91.3W,  35, -999, -999, -999, -999, -999, -999, -999, -999, -999, -999, -999, -999, -999, -999
19451005, 0600,  , TD, 15.7N,  92.6W,  30, -999, -999, -999, -999, -999, -999, -999, -999, -999, -999, -999, -999, -999, -999
19451005, 1200,  , TD, 15.5N,  94.0W,  30, -999, -999, -999, -999, -999, -999, -999, -999, -999, -999, -999, -999, -999, -999
19451005, 1800,  , TD, 15.5N,  95.7W,  30, -999, -999, -999, -999, -999, -999, -999, -999, -999, -999, -999, -999, -999, -999
19451006, 0000,  , TD, 15.8N,  97.7W,  30, -999, -999, -999, -999, -999, -999, -999, -999, -999, -999, -999, -999, -999, -999
19451006, 0600,  , TD, 16.3N,  99.7W,  30, -999, -999, -999, -999, -999, -999, -999, -999, -999, -999, -999, -999, -999, -999
19451006, 1200,  , TD, 17.0N, 101.5W,  30, -999, -999, -999, -999, -999, -999, -999, -999, -999, -999, -999, -999, -999, -999
19451006, 1800,  , TD, 18.0N, 102.7W,  30, -999, -999, -999, -999, -999, -999, -999, -999, -999, -999, -999, -999, -999, -999
19451007, 0000,  , TD, 19.3N, 103.5W,  30, -999, -999, -999, -999, -999, -999, -999, -999, -999, -999, -999, -999, -999, -999
19451007, 0600,  , TD, 21.0N, 104.1W,  30, -999, -999, -999, -999, -999, -999, -999, -999, -999, -999, -999, -999, -999, -999
19451007, 1200,  , TD, 23.0N, 104.5W,  25, -999, -999, -999, -999, -999, -999, -999, -999, -999, -999, -999, -999, -999, -999
AL111945,            UNNAMED,     26,
19451010, 1200,  , TD, 14.0N,  77.9W,  30, -999, -999, -999, -999, -999, -999, -999, -999, -999, -999, -999, -999, -999, -999
19451010, 1800,  , TD, 14.9N,  78.0W,  30, -999, -999, -999, -999, -999, -999, -999, -999, -999, -999, -999, -999, -999, -999
19451011, 0000,  , TS, 15.8N,  78.9W,  35, -999, -999, -999, -999, -999, -999, -999, -999, -999, -999, -999, -999, -999, -999
19451011, 0600,  , TS, 16.8N,  79.8W,  35, -999, -999, -999, -999, -999, -999, -999, -999, -999, -999, -999, -999, -999, -999
19451011, 1200,  , TS, 17.8N,  80.3W,  45, -999, -999, -999, -999, -999, -999, -999, -999, -999, -999, -999, -999, -999, -999
19451011, 1800,  , TS, 18.8N,  80.3W,  55, -999, -999, -999, -999, -999, -999, -999, -999, -999, -999, -999, -999, -999, -999
19451012, 0000,  , HU, 19.6N,  80.2W,  65, -999, -999, -999, -999, -999, -999, -999, -999, -999, -999, -999, -999, -999, -999
19451012, 0600,  , HU, 20.5N,  79.8W,  75, -999, -999, -999, -999, -999, -999, -999, -999, -999, -999, -999, -999, -999, -999
19451012, 1200,  , HU, 21.6N,  79.3W,  85, -999, -999, -999, -999, -999, -999, -999, -999, -999, -999, -999, -999, -999, -999
19451012, 1800,  , HU, 22.9N,  78.6W,  80, -999, -999, -999, -999, -999, -999, -999, -999, -999, -999, -999, -999, -999, -999
19451013, 0000,  , HU, 24.2N,  77.2W,  80, -999, -999, -999, -999, -999, -999, -999, -999, -999, -999, -999, -999, -999, -999
19451013, 0600,  , HU, 25.6N,  75.8W,  75,  982, -999, -999, -999, -999, -999, -999, -999, -999, -999, -999, -999, -999, -999
19451013, 1200,  , HU, 27.2N,  73.8W,  70, -999, -999, -999, -999, -999, -999, -999, -999, -999, -999, -999, -999, -999, -999
19451013, 1800,  , HU, 28.5N,  70.5W,  65, -999, -999, -999, -999, -999, -999, -999, -999, -999, -999, -999, -999, -999, -999
19451014, 0000,  , EX, 29.9N,  68.0W,  65, -999, -999, -999, -999, -999, -999, -999, -999, -999, -999, -999, -999, -999, -999
19451014, 0600,  , EX, 31.2N,  64.2W,  55, -999, -999, -999, -999, -999, -999, -999, -999, -999, -999, -999, -999, -999, -999
19451014, 1200,  , EX, 32.4N,  60.5W,  40, -999, -999, -999, -999, -999, -999, -999, -999, -999, -999, -999, -999, -999, -999
19451014, 1800,  , EX, 33.2N,  57.5W,  35, -999, -999, -999, -999, -999, -999, -999, -999, -999, -999, -999, -999, -999, -999
19451015, 0000,  , EX, 34.0N,  54.5W,  35, -999, -999, -999, -999, -999, -999, -999, -999, -999, -999, -999, -999, -999, -999
19451015, 0600,  , EX, 34.9N,  50.5W,  35, -999, -999, -999, -999, -999, -999, -999, -999, -999, -999, -999, -999, -999, -999
19451015, 1200,  , EX, 35.8N,  45.5W,  35, -999, -999, -999, -999, -999, -999, -999, -999, -999, -999, -999, -999, -999, -999
19451015, 1800,  , EX, 36.7N,  42.2W,  35, -999, -999, -999, -999, -999, -999, -999, -999, -999, -999, -999, -999, -999, -999
19451016, 0000,  , EX, 37.2N,  40.0W,  30, -999, -999, -999, -999, -999, -999, -999, -999, -999, -999, -999, -999, -999, -999
19451016, 0600,  , EX, 37.8N,  37.7W,  30, -999, -999, -999, -999, -999, -999, -999, -999, -999, -999, -999, -999, -999, -999
19451016, 1200,  , EX, 38.3N,  35.0W,  30, -999, -999, -999, -999, -999, -999, -999, -999, -999, -999, -999, -999, -999, -999
19451016, 1800,  , EX, 39.0N,  32.2W,  30, -999, -999, -999, -999, -999, -999, -999, -999, -999, -999, -999, -999, -999, -999
