AL011903,            UNNAMED,     24,
19030721, 0000,  , TS, 20.0N,  67.8W,  35, -999, -999, -999, -999, -999, -999, -999, -999, -999, -999, -999, -999, -999, -999
19030721, 0600,  , TS, 20.7N,  68.9W,  35, -999, -999, -999, -999, -999, -999, -999, -999, -999, -999, -999, -999, -999, -999
19030721, 1200,  , TS, 21.5N,  70.0W,  35, -999, -999, -999, -999, -999, -999, -999, -999, -999, -999, -999, -999, -999, -999
19030721, 1800,  , TS, 22.5N,  71.2W,  35, -999, -999, -999, -999, -999, -999, -999, -999, -999, -999, -999, -999, -999, -999
19030722, 0000,  , TS, 23.7N,  72.6W,  35, -999, -999, -999, -999, -999, -999, -999, -999, -999, -999, -999, -999, -999, -999
19030722, 0600,  , TS, 24.9N,  73.8W,  35, -999, -999, -999, -999, -999, -999, -999, -999, -999, -999, -999, -999, -999, -999
19030722, 1200,  , TS, 26.5N,  75.0W,  40, -999, -999, -999, -999, -999, -999, -999, -999, -999, -999, -999, -999, -999, -999
19030722, 1800,  , TS, 27.6N,  75.5W,  40, -999, -999, -999, -999, -999, -999, -999, -999, -999, -999, -999, -999, -999, -999
19030723, 0000,  , TS, 28.8N,  75.6W,  45, -999, -999, -999, -999, -999, -999, -999, -999, -999, -999, -999, -999, -999, -999
19030723, 0600,  , TS, 29.9N,  75.4W,  50, -999, -999, -999, -999, -999, -999, -999, -999, -999, -999, -999, -999, -999, -999
19030723, 1200,  , TS, 31.0N,  75.0W,  55, -999, -999, -999, -999, -999, -999, -999, -999, -999, -999, -999, -999, -999, -999
19030723, 1800,  , TS, 32.2N,  73.6W,  60, -999, -999, -999, -999, -999, -999, -999, -999, -999, -999, -999, -999, -999, -999
19030724, 0000,  , HU, 33.4N,  71.6W,  65, -999, -999, -999, -999, -999, -999, -999, -999, -999, -999, -999, -999, -999, -999
19030724, 0600,  , HU, 34.3N,  70.1W,  70, -999, -999, -999, -999, -999, -999, -999, -999, -999, -999, -999, -999, -999, -999
19030724, 1200,  , HU, 35.3N,  68.5W,  70, -999, -999, -999, -999, -999, -999, -999, -999, -999, -999, -999, -999, -999, -999
19030724, 1800,  , HU, 36.4N,  66.9W,  70, -999, -999, -999, -999, -999, -999, -999, -999, -999, -999, -999, -999, -999, -999
19030725, 0000,  , HU, 37.3N,  65.2W,  70, -999, -999, -999, -999, -999, -999, -999, -999, -999, -999, -999, -999, -999, -999
19030725, 0600,  , HU, 37.9N,  63.6W,  65, -999, -999, -999, -999, -999, -999, -999, -999, -999, -999, -999, -999, -999, -999
19030725, 1200,  , TS, 38.5N,  61.5W,  60, -999, -999, -999, -999, -999, -999, -999, -999, -999, -999, -999, -999, -999, -999
19030725, 1800,  , TS, 39.3N,  58.0W,  55, -999, -999, -999, -999, -999, -999, -999, -999, -999, -999, -999, -999, -999, -999
19030726, 0000,  , TS, 39.9N,  54.7W,  50, -999, -999, -999, -999, -999, -999, -999, -999, -999, -999, -999, -999, -999, -999
19030726, 0600,  , EX, 40.5N,  51.4W,  50, -999, -999, -999, -999, -999, -999, -999, -999, -999, -999, -999, -999, -999, -999
19030726, 1200,  , EX, 41.0N,  48.5W,  45, -999, -999, -999, -999, -999, -999, -999, -999, -999, -999, -999, -999, -999, -999
19030726, 1800,  , EX, 41.4N,  45.7W,  40, -999, -999, -999, -999, -999, -999, -999, -999, -999, -999, -999, -999, -999, -999
AL021903,            UNNAMED,     43,
19030806, 0600,  , TS, 11.8N,  42.3W,  50, -999, -999, -999, -999, -999, -999, -999, -999, -999, -999, -999, -999, -999, -999
19030806, 1200,  , TS, 12.0N,  43.5W,  50, -999, -999, -999, -999, -999, -999, -999, -999, -999, -999, -999, -999, -999, -999
19030806, 1800,  , TS, 12.3N,  44.7W,  50, -999, -999, -999, -999, -999, -999, -999, -999, -999, -999, -999, -999, -999, -999
19030807, 0000,  , TS, 12.6N,  46.0W,  55, -999, -999, -999, -999, -999, -999, -999, -999, -999, -999, -999, -999, -999, -999
19030807, 0600,  , HU, 13.1N,  47.5W,  65, -999, -999, -999, -999, -999, -999, -999, -999, -999, -999, -999, -999, -999, -999
19030807, 1200,  , HU, 13.5N,  49.0W,  70, -999, -999, -999, -999, -999, -999, -999, -999, -999, -999, -999, -999, -999, -999
19030807, 1800,  , HU, 13.7N,  50.9W,  70, -999, -999, -999, -999, -999, -999, -999, -999, -999, -999, -999, -999, -999, -999
19030808, 0000,  , HU, 13.8N,  52.6W,  70, -999, -999, -999, -999, -999, -999, -999, -999, -999, -999, -999, -999, -999, -999
19030808, 0600,  , HU, 13.8N,  54.1W,  70, -999, -999, -999, -999, -999, -999, -999, -999, -999, -999, -999, -999, -999, -999
19030808, 1200,  , HU, 14.0N,  56.0W,  70, -999, -999, -999, -999, -999, -999, -999, -999, -999, -999, -999, -999, -999, -999
19030808, 1800,  , HU, 14.3N,  57.8W,  75, -999, -999, -999, -999, -999, -999, -999, -999, -999, -999, -999, -999, -999, -999
19030809, 0000,  , HU, 14.4N,  59.8W,  80, -999, -999, -999, -999, -999, -999, -999, -999, -999, -999, -999, -999, -999, -999
19030809, 0600,  , HU, 14.5N,  61.4W,  90,  970, -999, -999, -999, -999, -999, -999, -999, -999, -999, -999, -999, -999, -999
19030809, 1200,  , HU, 14.7N,  63.0W, 100, -999, -999, -999, -999, -999, -999, -999, -999, -999, -999, -999, -999, -999, -999
19030809, 1800,  , HU, 14.9N,  64.7W, 105, -999, -999, -999, -999, -999, -999, -999, -999, -999, -999, -999, -999, -999, -999
19030810, 0000,  , HU, 15.2N,  66.4W, 105, -999, -999, -999, -999, -999, -999, -999, -999, -999, -999, -999, -999, -999, -999
19030810, 0600,  , HU, 15.6N,  68.2W, 105, -999, -999, -999, -999, -999, -999, -999, -999, -999, -999, -999, -999, -999, -999
19030810, 1200,  , HU, 16.0N,  70.0W, 105, -999, -999, -999, -999, -999, -999, -999, -999, -999, -999, -999, -999, -999, -999
19030810, 1800,  , HU, 16.6N,  72.0W, 105, -999, -999, -999, -999, -999, -999, -999, -999, -999, -999, -999, -999, -999, -999
19030811, 0000,  , HU, 17.2N,  73.8W, 105, -999, -999, -999, -999, -999, -999, -999, -999, -999, -999, -999, -999, -999, -999
19030811, 0600,  , HU, 17.7N,  75.6W, 105, -999, -999, -999, -999, -999, -999, -999, -999, -999, -999, -999, -999, -999, -999
19030811, 1200,  , HU, 18.3N,  77.3W, 105, -999, -999, -999, -999, -999, -999, -999, -999, -999, -999, -999, -999, -999, -999
19030811, 1800,  , HU, 18.6N,  78.7W, 105, -999, -999, -999, -999, -999, -999, -999, -999, -999, -999, -999, -999, -999, -999
19030812, 0000,  , HU, 19.0N,  80.0W, 105, -999, -999, -999, -999, -999, -999, -999, -999, -999, -999, -999, -999, -999, -999
19030812, 0600,  , HU, 19.4N,  81.1W, 105,  958, -999, -999, -999, -999, -999, -999, -999, -999, -999, -999, -999, -999, -999
19030812, 1200,  , HU, 19.7N,  82.5W, 105, -999, -999, -999, -999, -999, -999, -999, -999, -999, -999, -999, -999, -999, -999
19030812, 1800,  , HU, 20.1N,  84.0W, 105, -999, -999, -999, -999, -999, -999, -999, -999, -999, -999, -999, -999, -999, -999
19030813, 0000,  , HU, 20.4N,  85.6W, 105, -999, -999, -999, -999, -999, -999, -999, -999, -999, -999, -999, -999, -999, -999
19030813, 0600,  , HU, 20.8N,  87.3W,  85, -999, -999, -999, -999, -999, -999, -999, -999, -999, -999, -999, -999, -999, -999
19030813, 1200,  , HU, 21.0N,  88.4W,  70, -999, -999, -999, -999, -999, -999, -999, -999, -999, -999, -999, -999, -999, -999
19030813, 1800,  , HU, 21.2N,  89.4W,  65, -999, -999, -999, -999, -999, -999, -999, -999, -999, -999, -999, -999, -999, -999
19030814, 0000,  , HU, 21.4N,  90.4W,  70, -999, -999, -999, -999, -999, -999, -999, -999, -999, -999, -999, -999, -999, -999
19030814, 0600,  , HU, 21.7N,  91.4W,  70, -999, -999, -999, -999, -999, -999, -999, -999, -999, -999, -999, -999, -999, -999
19030814, 1200,  , HU, 22.0N,  92.5W,  70, -999, -999, -999, -999, -999, -999, -999, -999, -999, -999, -999, -999, -999, -999
19030814, 1800,  , HU, 22.1N,  93.4W,  70, -999, -999, -999, -999, -999, -999, -999, -999, -999, -999, -999, -999, -999, -999
19030815, 0000,  , HU, 22.3N,  94.3W,  70, -999, -999, -999, -999, -999, -999, -999, -999, -999, -999, -999, -999, -999, -999
19030815, 0600,  , HU, 22.6N,  95.1W,  70,  986, -999, -999, -999, -999, -999, -999, -999, -999, -999, -999, -999, -999, -999
19030815, 1200,  , HU, 23.0N,  96.0W,  70, -999, -999, -999, -999, -999, -999, -999, -999, -999, -999, -999, -999, -999, -999
19030815, 1800,  , HU, 23.1N,  96.8W,  70, -999, -999, -999, -999, -999, -999, -999, -999, -999, -999, -999, -999, -999, -999
19030816, 0000,  , HU, 23.0N,  97.6W,  70, -999, -999, -999, -999, -999, -999, -999, -999, -999, -999, -999, -999, -999, -999
19030816, 0600,  , TS, 22.8N,  98.3W,  50, -999, -999, -999, -999, -999, -999, -999, -999, -999, -999, -999, -999, -999, -999
19030816, 1200,  , TS, 22.5N,  99.0W,  40, -999, -999, -999, -999, -999, -999, -999, -999, -999, -999, -999, -999, -999, -999
19030816, 1800,  , TS, 22.0N,  99.6W,  35, -999, -999, -999, -999, -999, -999, -999, -999, -999, -999, -999, -999, -999, -999
AL031903,            UNNAMED,     33,
19030909, 0600,  , TS, 21.4N,  72.4W,  50, -999, -999, -999, -999, -999, -999, -999, -999, -999, -999, -999, -999, -999, -999
19030909, 1200,  , TS, 21.8N,  73.4W,  50, -999, -999, -999, -999, -999, -999, -999, -999, -999, -999, -999, -999, -999, -999
19030909, 1800,  , TS, 22.2N,  74.0W,  50, -999, -999, -999, -999, -999, -999, -999, -999, -999, -999, -999, -999, -999, -999
19030910, 0000,  , TS, 22.6N,  74.7W,  55, -999, -999, -999, -999, -999, -999, -999, -999, -999, -999, -999, -999, -999, -999
19030910, 0600,  , TS, 23.2N,  75.3W,  60, -999, -999, -999, -999, -999, -999, -999, -999, -999, -999, -999, -999, -999, -999
19030910, 1200,  , HU, 23.8N,  76.0W,  65, -999, -999, -999, -999, -999, -999, -999, -999, -999, -999, -999, -999, -999, -999
19030910, 1800,  , HU, 24.5N,  76.7W,  70, -999, -999, -999, -999, -999, -999, -999, -999, -999, -999, -999, -999, -999, -999
19030911, 0000,  , HU, 25.1N,  77.5W,  75, -999, -999, -999, -999, -999, -999, -999, -999, -999, -999, -999, -999, -999, -999
19030911, 0600,  , HU, 25.5N,  78.2W,  75, -999, -999, -999, -999, -999, -999, -999, -999, -999, -999, -999, -999, -999, -999
19030911, 1200,  , HU, 25.7N,  78.9W,  75, -999, -999, -999, -999, -999, -999, -999, -999, -999, -999, -999, -999, -999, -999
19030911, 1800,  , HU, 25.9N,  79.6W,  75,  976, -999, -999, -999, -999, -999, -999, -999, -999, -999, -999, -999, -999, -999
19030911, 2300, L, HU, 26.1N,  80.1W,  75,  976, -999, -999, -999, -999, -999, -999, -999, -999, -999, -999, -999, -999, -999
19030912, 0000,  , HU, 26.2N,  80.3W,  70, -999, -999, -999, -999, -999, -999, -999, -999, -999, -999, -999, -999, -999, -999
19030912, 0600,  , TS, 26.7N,  81.2W,  60, -999, -999, -999, -999, -999, -999, -999, -999, -999, -999, -999, -999, -999, -999
19030912, 1200,  , TS, 27.3N,  82.1W,  55,  988, -999, -999, -999, -999, -999, -999, -999, -999, -999, -999, -999, -999, -999
19030912, 1800,  , TS, 27.7N,  82.9W,  50, -999, -999, -999, -999, -999, -999, -999, -999, -999, -999, -999, -999, -999, -999
19030913, 0000,  , TS, 28.1N,  83.6W,  60, -999, -999, -999, -999, -999, -999, -999, -999, -999, -999, -999, -999, -999, -999
19030913, 0600,  , HU, 28.5N,  84.2W,  70, -999, -999, -999, -999, -999, -999, -999, -999, -999, -999, -999, -999, -999, -999
19030913, 1200,  , HU, 28.9N,  84.8W,  80, -999, -999, -999, -999, -999, -999, -999, -999, -999, -999, -999, -999, -999, -999
19030913, 1800,  , HU, 29.5N,  85.3W,  80, -999, -999, -999, -999, -999, -999, -999, -999, -999, -999, -999, -999, -999, -999
19030913, 2300, L, HU, 30.1N,  85.6W,  80, -999, -999, -999, -999, -999, -999, -999, -999, -999, -999, -999, -999, -999,   45
19030914, 0000,  , HU, 30.3N,  85.7W,  80, -999, -999, -999, -999, -999, -999, -999, -999, -999, -999, -999, -999, -999, -999
19030914, 0600,  , TS, 31.0N,  85.9W,  60, -999, -999, -999, -999, -999, -999, -999, -999, -999, -999, -999, -999, -999, -999
19030914, 1200,  , TS, 31.6N,  86.0W,  45, -999, -999, -999, -999, -999, -999, -999, -999, -999, -999, -999, -999, -999, -999
19030914, 1800,  , TS, 32.0N,  86.0W,  35, -999, -999, -999, -999, -999, -999, -999, -999, -999, -999, -999, -999, -999, -999
19030915, 0000,  , TS, 32.4N,  85.9W,  35, -999, -999, -999, -999, -999, -999, -999, -999, -999, -999, -999, -999, -999, -999
19030915, 0600,  , TS, 32.7N,  85.6W,  35, -999, -999, -999, -999, -999, -999, -999, -999, -999, -999, -999, -999, -999, -999
19030915, 1200,  , TS, 33.0N,  85.3W,  35, -999, -999, -999, -999, -999, -999, -999, -999, -999, -999, -999, -999, -999, -999
19030915, 1800,  , TS, 33.3N,  84.9W,  35, -999, -999, -999, -999, -999, -999, -999, -999, -999, -999, -999, -999, -999, -999
19030916, 0000,  , TD, 33.6N,  84.3W,  30, -999, -999, -999, -999, -999, -999, -999, -999, -999, -999, -999, -999, -999, -999
19030916, 0600,  , TD, 33.8N,  83.7W,  30, -999, -999, -999, -999, -999, -999, -999, -999, -999, -999, -999, -999, -999, -999
19030916, 1200,  , TD, 34.0N,  83.0W,  30, -999, -999, -999, -999, -999, -999, -999, -999, -999, -999, -999, -999, -999, -999
19030916, 1800,  , TD, 33.9N,  82.3W,  30, -999, -999, -999, -999, -999, -999, -999, -999, -999, -999, -999, -999, -999, -999
AL041903,            UNNAMED,     25,
19030912, 0000,  , TS, 22.5N,  55.6W,  60, -999, -999, -999, -999, -999, -999, -999, -999, -999, -999, -999, -999, -999, -999
19030912, 0600,  , TS, 23.3N,  56.4W,  60, -999, -999, -999, -999, -999, -999, -999, -999, -999, -999, -999, -999, -999, -999
19030912, 1200,  , TS, 24.2N,  57.3W,  60, -999, -999, -999, -999, -999, -999, -999, -999, -999, -999, -999, -999, -999, -999
19030912, 1800,  , TS, 25.4N,  58.7W,  60, -999, -999, -999, -999, -999, -999, -999, -999, -999, -999, -999, -999, -999, -999
19030913, 0000,  , TS, 26.5N,  60.4W,  60, -999, -999, -999, -999, -999, -999, -999, -999, -999, -999, -999, -999, -999, -999
19030913, 0600,  , TS, 27.4N,  62.2W,  60, -999, -999, -999, -999, -999, -999, -999, -999, -999, -999, -999, -999, -999, -999
19030913, 1200,  , TS, 28.0N,  64.0W,  60, -999, -999, -999, -999, -999, -999, -999, -999, -999, -999, -999, -999, -999, -999
19030913, 1800,  , TS, 28.4N,  65.2W,  60, -999, -999, -999, -999, -999, -999, -999, -999, -999, -999, -999, -999, -999, -999
19030914, 0000,  , TS, 28.8N,  66.5W,  60, -999, -999, -999, -999, -999, -999, -999, -999, -999, -999, -999, -999, -999, -999
19030914, 0600,  , TS, 29.1N,  67.8W,  60, -999, -999, -999, -999, -999, -999, -999, -999, -999, -999, -999, -999, -999, -999
19030914, 1200,  , TS, 29.5N,  69.0W,  60, -999, -999, -999, -999, -999, -999, -999, -999, -999, -999, -999, -999, -999, -999
19030914, 1800,  , HU, 30.1N,  70.3W,  65, -999, -999, -999, -999, -999, -999, -999, -999, -999, -999, -999, -999, -999, -999
19030915, 0000,  , HU, 30.8N,  71.5W,  70, -999, -999, -999, -999, -999, -999, -999, -999, -999, -999, -999, -999, -999, -999
19030915, 0600,  , HU, 31.6N,  72.6W,  75, -999, -999, -999, -999, -999, -999, -999, -999, -999, -999, -999, -999, -999, -999
19030915, 1200,  , HU, 32.5N,  73.3W,  80, -999, -999, -999, -999, -999, -999, -999, -999, -999, -999, -999, -999, -999, -999
19030915, 1800,  , HU, 34.1N,  74.0W,  85, -999, -999, -999, -999, -999, -999, -999, -999, -999, -999, -999, -999, -999, -999
19030916, 0000,  , HU, 36.2N,  74.5W,  80, -999, -999, -999, -999, -999, -999, -999, -999, -999, -999, -999, -999, -999, -999
19030916, 0600,  , HU, 38.0N,  74.6W,  75, -999, -999, -999, -999, -999, -999, -999, -999, -999, -999, -999, -999, -999, -999
19030916, 1100, L, HU, 39.1N,  74.7W,  70,  990, -999, -999, -999, -999, -999, -999, -999, -999, -999, -999, -999, -999, -999
19030916, 1200,  , HU, 39.3N,  74.7W,  70,  990, -999, -999, -999, -999, -999, -999, -999, -999, -999, -999, -999, -999, -999
19030916, 1800,  , TS, 40.3N,  75.0W,  55, -999, -999, -999, -999, -999, -999, -999, -999, -999, -999, -999, -999, -999, -999
19030917, 0000,  , TS, 41.1N,  75.5W,  55, -999, -999, -999, -999, -999, -999, -999, -999, -999, -999, -999, -999, -999, -999
19030917, 0600,  , TS, 41.9N,  76.3W,  45, -999, -999, -999, -999, -999, -999, -999, -999, -999, -999, -999, -999, -999, -999
19030917, 1200,  , EX, 43.0N,  77.0W,  40, -999, -999, -999, -999, -999, -999, -999, -999, -999, -999, -999, -999, -999, -999
19030917, 1800,  , EX, 44.8N,  77.0W,  30, -999, -999, -999, -999, -999, -999, -999, -999, -999, -999, -999, -999, -999, -999
AL051903,            UNNAMED,     32,
19030919, 0000,  , TD, 20.8N,  71.6W,  30, -999, -999, -999, -999, -999, -999, -999, -999, -999, -999, -999, -999, -999, -999
19030919, 0600,  , TD, 21.3N,  71.7W,  30, -999, -999, -999, -999, -999, -999, -999, -999, -999, -999, -999, -999, -999, -999
19030919, 1200,  , TD, 21.7N,  71.7W,  30, -999, -999, -999, -999, -999, -999, -999, -999, -999, -999, -999, -999, -999, -999
19030919, 1800,  , TD, 22.0N,  71.7W,  30, -999, -999, -999, -999, -999, -999, -999, -999, -999, -999, -999, -999, -999, -999
19030920, 0000,  , TD, 22.3N,  71.7W,  30, -999, -999, -999, -999, -999, -999, -999, -999, -999, -999, -999, -999, -999, -999
19030920, 0600,  , TD, 22.6N,  71.7W,  30, -999, -999, -999, -999, -999, -999, -999, -999, -999, -999, -999, -999, -999, -999
19030920, 1200,  , TD, 23.0N,  71.7W,  30, -999, -999, -999, -999, -999, -999, -999, -999, -999, -999, -999, -999, -999, -999
19030920, 1800,  , TD, 23.5N,  71.8W,  30, -999, -999, -999, -999, -999, -999, -999, -999, -999, -999, -999, -999, -999, -999
19030921, 0000,  , TD, 24.1N,  72.0W,  30, -999, -999, -999, -999, -999, -999, -999, -999, -999, -999, -999, -999, -999, -999
19030921, 0600,  , TD, 24.6N,  72.2W,  30, -999, -999, -999, -999, -999, -999, -999, -999, -999, -999, -999, -999, -999, -999
19030921, 1200,  , TD, 25.0N,  72.5W,  30, -999, -999, -999, -999, -999, -999, -999, -999, -999, -999, -999, -999, -999, -999
19030921, 1800,  , TD, 25.5N,  72.7W,  30, -999, -999, -999, -999, -999, -999, -999, -999, -999, -999, -999, -999, -999, -999
19030922, 0000,  , TD, 26.0N,  72.9W,  30, -999, -999, -999, -999, -999, -999, -999, -999, -999, -999, -999, -999, -999, -999
19030922, 0600,  , TD, 26.5N,  73.1W,  30, -999, -999, -999, -999, -999, -999, -999, -999, -999, -999, -999, -999, -999, -999
19030922, 1200,  , TS, 27.0N,  73.3W,  35, -999, -999, -999, -999, -999, -999, -999, -999, -999, -999, -999, -999, -999, -999
19030922, 1800,  , TS, 27.5N,  73.5W,  35, -999, -999, -999, -999, -999, -999, -999, -999, -999, -999, -999, -999, -999, -999
19030923, 0000,  , TS, 27.9N,  73.6W,  40, -999, -999, -999, -999, -999, -999, -999, -999, -999, -999, -999, -999, -999, -999
19030923, 0600,  , TS, 28.5N,  73.6W,  40, -999, -999, -999, -999, -999, -999, -999, -999, -999, -999, -999, -999, -999, -999
19030923, 1200,  , TS, 29.0N,  73.7W,  45, -999, -999, -999, -999, -999, -999, -999, -999, -999, -999, -999, -999, -999, -999
19030923, 1800,  , TS, 30.0N,  73.9W,  45, -999, -999, -999, -999, -999, -999, -999, -999, -999, -999, -999, -999, -999, -999
19030924, 0000,  , TS, 31.4N,  74.0W,  50, -999, -999, -999, -999, -999, -999, -999, -999, -999, -999, -999, -999, -999, -999
19030924, 0600,  , TS, 32.8N,  73.8W,  50, -999, -999, -999, -999, -999, -999, -999, -999, -999, -999, -999, -999, -999, -999
19030924, 1200,  , TS, 34.0N,  73.0W,  50, -999, -999, -999, -999, -999, -999, -999, -999, -999, -999, -999, -999, -999, -999
19030924, 1800,  , TS, 34.7N,  71.6W,  50, -999, -999, -999, -999, -999, -999, -999, -999, -999, -999, -999, -999, -999, -999
19030925, 0000,  , TS, 35.1N,  70.4W,  50, -999, -999, -999, -999, -999, -999, -999, -999, -999, -999, -999, -999, -999, -999
19030925, 0600,  , TS, 35.4N,  69.0W,  45, -999, -999, -999, -999, -999, -999, -999, -999, -999, -999, -999, -999, -999, -999
19030925, 1200,  , TS, 35.5N,  67.5W,  45, -999, -999, -999, -999, -999, -999, -999, -999, -999, -999, -999, -999, -999, -999
19030925, 1800,  , TS, 36.0N,  65.3W,  40, -999, -999, -999, -999, -999, -999, -999, -999, -999, -999, -999, -999, -999, -999
19030926, 0000,  , TS, 36.7N,  62.7W,  35, -999, -999, -999, -999, -999, -999, -999, -999, -999, -999, -999, -999, -999, -999
19030926, 0600,  , TD, 37.3N,  60.1W,  30, -999, -999, -999, -999, -999, -999, -999, -999, -999, -999, -999, -999, -999, -999
19030926, 1200,  , TD, 37.8N,  57.5W,  25, -999, -999, -999, -999, -999, -999, -999, -999, -999, -999, -999, -999, -999, -999
19030926, 1800,  , TD, 38.2N,  55.6W,  25, -999, -999, -999, -999, -999, -999, -999, -999, -999, -999, -999, -999, -999, -999
AL061903,            UNNAMED,     19,
19030926, 0600,  , TS, 22.9N,  58.8W,  40, -999, -999, -999, -999, -999, -999, -999, -999, -999, -999, -999, -999, -999, -999
19030926, 1200,  , TS, 23.3N,  60.0W,  40, -999, -999, -999, -999, -999, -999, -999, -999, -999, -999, -999, -999, -999, -999
19030926, 1800,  , TS, 23.6N,  61.6W,  40, -999, -999, -999, -999, -999, -999, -999, -999, -999, -999, -999, -999, -999, -999
19030927, 0000,  , TS, 23.9N,  62.8W,  45, -999, -999, -999, -999, -999, -999, -999, -999, -999, -999, -999, -999, -999, -999
19030927, 0600,  , TS, 24.3N,  63.8W,  50, -999, -999, -999, -999, -999, -999, -999, -999, -999, -999, -999, -999, -999, -999
19030927, 1200,  , TS, 24.8N,  64.6W,  55, -999, -999, -999, -999, -999, -999, -999, -999, -999, -999, -999, -999, -999, -999
19030927, 1800,  , TS, 26.0N,  65.3W,  60, -999, -999, -999, -999, -999, -999, -999, -999, -999, -999, -999, -999, -999, -999
19030928, 0000,  , HU, 27.3N,  65.7W,  70, -999, -999, -999, -999, -999, -999, -999, -999, -999, -999, -999, -999, -999, -999
19030928, 0600,  , HU, 28.7N,  65.7W,  80, -999, -999, -999, -999, -999, -999, -999, -999, -999, -999, -999, -999, -999, -999
19030928, 1200,  , HU, 30.0N,  65.5W,  90, -999, -999, -999, -999, -999, -999, -999, -999, -999, -999, -999, -999, -999, -999
19030928, 1800,  , HU, 32.1N,  64.2W,  95, -999, -999, -999, -999, -999, -999, -999, -999, -999, -999, -999, -999, -999, -999
19030929, 0000,  , HU, 34.1N,  62.3W,  95, -999, -999, -999, -999, -999, -999, -999, -999, -999, -999, -999, -999, -999, -999
19030929, 0600,  , HU, 36.0N,  59.1W,  95, -999, -999, -999, -999, -999, -999, -999, -999, -999, -999, -999, -999, -999, -999
19030929, 1200,  , HU, 37.5N,  56.3W,  90, -999, -999, -999, -999, -999, -999, -999, -999, -999, -999, -999, -999, -999, -999
19030929, 1800,  , HU, 39.4N,  52.8W,  85, -999, -999, -999, -999, -999, -999, -999, -999, -999, -999, -999, -999, -999, -999
19030930, 0000,  , HU, 41.2N,  48.6W,  80, -999, -999, -999, -999, -999, -999, -999, -999, -999, -999, -999, -999, -999, -999
19030930, 0600,  , EX, 42.7N,  44.8W,  75, -999, -999, -999, -999, -999, -999, -999, -999, -999, -999, -999, -999, -999, -999
19030930, 1200,  , EX, 44.5N,  40.5W,  70, -999, -999, -999, -999, -999, -999, -999, -999, -999, -999, -999, -999, -999, -999
19030930, 1800,  , EX, 46.5N,  35.5W,  60, -999, -999, -999, -999, -999, -999, -999, -999, -999, -999, -999, -999, -999, -999
AL071903,            UNNAMED,     40,
19031001, 0000,  , TS, 17.7N,  57.3W,  60, -999, -999, -999, -999, -999, -999, -999, -999, -999, -999, -999, -999, -999, -999
19031001, 0600,  , TS, 18.1N,  57.9W,  60, -999, -999, -999, -999, -999, -999, -999, -999, -999, -999, -999, -999, -999, -999
19031001, 1200,  , TS, 18.5N,  58.5W,  60, -999, -999, -999, -999, -999, -999, -999, -999, -999, -999, -999, -999, -999, -999
19031001, 1800,  , TS, 19.4N,  60.0W,  60, -999, -999, -999, -999, -999, -999, -999, -999, -999, -999, -999, -999, -999, -999
19031002, 0000,  , HU, 20.3N,  61.0W,  65, -999, -999, -999, -999, -999, -999, -999, -999, -999, -999, -999, -999, -999, -999
19031002, 0600,  , HU, 21.5N,  62.2W,  70, -999, -999, -999, -999, -999, -999, -999, -999, -999, -999, -999, -999, -999, -999
19031002, 1200,  , HU, 23.0N,  63.5W,  70, -999, -999, -999, -999, -999, -999, -999, -999, -999, -999, -999, -999, -999, -999
19031002, 1800,  , HU, 24.3N,  63.8W,  70, -999, -999, -999, -999, -999, -999, -999, -999, -999, -999, -999, -999, -999, -999
19031003, 0000,  , HU, 25.4N,  63.7W,  70, -999, -999, -999, -999, -999, -999, -999, -999, -999, -999, -999, -999, -999, -999
19031003, 0600,  , HU, 26.3N,  63.4W,  70, -999, -999, -999, -999, -999, -999, -999, -999, -999, -999, -999, -999, -999, -999
19031003, 1200,  , HU, 27.3N,  63.0W,  75, -999, -999, -999, -999, -999, -999, -999, -999, -999, -999, -999, -999, -999, -999
19031003, 1800,  , HU, 28.0N,  62.7W,  75, -999, -999, -999, -999, -999, -999, -999, -999, -999, -999, -999, -999, -999, -999
19031004, 0000,  , HU, 28.9N,  62.2W,  80, -999, -999, -999, -999, -999, -999, -999, -999, -999, -999, -999, -999, -999, -999
19031004, 0600,  , HU, 29.5N,  61.6W,  80, -999, -999, -999, -999, -999, -999, -999, -999, -999, -999, -999, -999, -999, -999
19031004, 1200,  , HU, 30.0N,  60.7W,  85, -999, -999, -999, -999, -999, -999, -999, -999, -999, -999, -999, -999, -999, -999
19031004, 1800,  , HU, 30.5N,  59.1W,  85, -999, -999, -999, -999, -999, -999, -999, -999, -999, -999, -999, -999, -999, -999
19031005, 0000,  , HU, 30.6N,  57.2W,  85, -999, -999, -999, -999, -999, -999, -999, -999, -999, -999, -999, -999, -999, -999
19031005, 0600,  , HU, 30.4N,  55.2W,  85, -999, -999, -999, -999, -999, -999, -999, -999, -999, -999, -999, -999, -999, -999
19031005, 1200,  , HU, 30.0N,  53.4W,  85, -999, -999, -999, -999, -999, -999, -999, -999, -999, -999, -999, -999, -999, -999
19031005, 1800,  , HU, 29.5N,  51.9W,  80, -999, -999, -999, -999, -999, -999, -999, -999, -999, -999, -999, -999, -999, -999
19031006, 0000,  , HU, 28.9N,  50.2W,  75, -999, -999, -999, -999, -999, -999, -999, -999, -999, -999, -999, -999, -999, -999
19031006, 0600,  , HU, 28.1N,  48.8W,  70, -999, -999, -999, -999, -999, -999, -999, -999, -999, -999, -999, -999, -999, -999
19031006, 1200,  , HU, 27.0N,  48.0W,  70, -999, -999, -999, -999, -999, -999, -999, -999, -999, -999, -999, -999, -999, -999
19031006, 1800,  , HU, 26.8N,  48.2W,  70, -999, -999, -999, -999, -999, -999, -999, -999, -999, -999, -999, -999, -999, -999
19031007, 0000,  , HU, 26.7N,  48.4W,  70, -999, -999, -999, -999, -999, -999, -999, -999, -999, -999, -999, -999, -999, -999
19031007, 0600,  , HU, 26.8N,  48.7W,  70, -999, -999, -999, -999, -999, -999, -999, -999, -999, -999, -999, -999, -999, -999
19031007, 1200,  , HU, 27.0N,  49.0W,  70, -999, -999, -999, -999, -999, -999, -999, -999, -999, -999, -999, -999, -999, -999
19031007, 1800,  , HU, 27.6N,  48.8W,  70, -999, -999, -999, -999, -999, -999, -999, -999, -999, -999, -999, -999, -999, -999
19031008, 0000,  , HU, 28.0N,  48.2W,  70, -999, -999, -999, -999, -999, -999, -999, -999, -999, -999, -999, -999, -999, -999
19031008, 0600,  , HU, 28.2N,  47.2W,  70, -999, -999, -999, -999, -999, -999, -999, -999, -999, -999, -999, -999, -999, -999
19031008, 1200,  , HU, 28.3N,  46.2W,  70, -999, -999, -999, -999, -999, -999, -999, -999, -999, -999, -999, -999, -999, -999
19031008, 1800,  , HU, 28.5N,  45.0W,  65, -999, -999, -999, -999, -999, -999, -999, -999, -999, -999, -999, -999, -999, -999
19031009, 0000,  , HU, 29.0N,  43.1W,  65, -999, -999, -999, -999, -999, -999, -999, -999, -999, -999, -999, -999, -999, -999
19031009, 0600,  , TS, 29.5N,  41.5W,  60, -999, -999, -999, -999, -999, -999, -999, -999, -999, -999, -999, -999, -999, -999
19031009, 1200,  , TS, 30.0N,  40.0W,  50, -999, -999, -999, -999, -999, -999, -999, -999, -999, -999, -999, -999, -999, -999
19031009, 1800,  , TS, 30.5N,  38.7W,  45, -999, -999, -999, -999, -999, -999, -999, -999, -999, -999, -999, -999, -999, -999
19031010, 0000,  , EX, 30.9N,  37.5W,  40, -999, -999, -999, -999, -999, -999, -999, -999, -999, -999, -999, -999, -999, -999
19031010, 0600,  , EX, 31.6N,  36.2W,  35, -999, -999, -999, -999, -999, -999, -999, -999, -999, -999, -999, -999, -999, -999
19031010, 1200,  , EX, 32.4N,  35.0W,  35, -999, -999, -999, -999, -999, -999, -999, -999, -999, -999, -999, -999, -999, -999
19031010, 1800,  , EX, 33.6N,  33.2W,  35, -999, -999, -999, -999, -999, -999, -999, -999, -999, -999, -999, -999, -999, -999
AL081903,            UNNAMED,     24,
19031005, 0000,  , TS, 25.5N,  72.5W,  35, -999, -999, -999, -999, -999, -999, -999, -999, -999, -999, -999, -999, -999, -999
19031005, 0600,  , TS, 25.7N,  72.3W,  35, -999, -999, -999, -999, -999, -999, -999, -999, -999, -999, -999, -999, -999, -999
19031005, 1200,  , TS, 26.0N,  72.0W,  40, -999, -999, -999, -999, -999, -999, -999, -999, -999, -999, -999, -999, -999, -999
19031005, 1800,  , TS, 26.3N,  71.7W,  40, -999, -999, -999, -999, -999, -999, -999, -999, -999, -999, -999, -999, -999, -999
19031006, 0000,  , TS, 26.6N,  71.3W,  40, -999, -999, -999, -999, -999, -999, -999, -999, -999, -999, -999, -999, -999, -999
19031006, 0600,  , TS, 26.9N,  70.9W,  40, -999, -999, -999, -999, -999, -999, -999, -999, -999, -999, -999, -999, -999, -999
19031006, 1200,  , TS, 27.2N,  70.5W,  40, -999, -999, -999, -999, -999, -999, -999, -999, -999, -999, -999, -999, -999, -999
19031006, 1800,  , TS, 27.5N,  70.1W,  40, -999, -999, -999, -999, -999, -999, -999, -999, -999, -999, -999, -999, -999, -999
19031007, 0000,  , TS, 27.8N,  69.7W,  40, -999, -999, -999, -999, -999, -999, -999, -999, -999, -999, -999, -999, -999, -999
19031007, 0600,  , TS, 28.1N,  69.3W,  40, -999, -999, -999, -999, -999, -999, -999, -999, -999, -999, -999, -999, -999, -999
19031007, 1200,  , TS, 28.5N,  68.8W,  40, -999, -999, -999, -999, -999, -999, -999, -999, -999, -999, -999, -999, -999, -999
19031007, 1800,  , TS, 29.0N,  68.2W,  45, -999, -999, -999, -999, -999, -999, -999, -999, -999, -999, -999, -999, -999, -999
19031008, 0000,  , TS, 29.5N,  67.4W,  50, -999, -999, -999, -999, -999, -999, -999, -999, -999, -999, -999, -999, -999, -999
19031008, 0600,  , TS, 30.0N,  66.9W,  55, -999, -999, -999, -999, -999, -999, -999, -999, -999, -999, -999, -999, -999, -999
19031008, 1200,  , TS, 30.5N,  66.5W,  60, -999, -999, -999, -999, -999, -999, -999, -999, -999, -999, -999, -999, -999, -999
19031008, 1800,  , TS, 31.1N,  66.2W,  60, -999, -999, -999, -999, -999, -999, -999, -999, -999, -999, -999, -999, -999, -999
19031009, 0000,  , TS, 31.7N,  65.9W,  60, -999, -999, -999, -999, -999, -999, -999, -999, -999, -999, -999, -999, -999, -999
19031009, 0600,  , TS, 32.3N,  65.7W,  60, -999, -999, -999, -999, -999, -999, -999, -999, -999, -999, -999, -999, -999, -999
19031009, 1200,  , TS, 33.0N,  65.5W,  60, -999, -999, -999, -999, -999, -999, -999, -999, -999, -999, -999, -999, -999, -999
19031009, 1800,  , TS, 33.7N,  65.3W,  60, -999, -999, -999, -999, -999, -999, -999, -999, -999, -999, -999, -999, -999, -999
19031010, 0000,  , TS, 34.5N,  65.2W,  55, -999, -999, -999, -999, -999, -999, -999, -999, -999, -999, -999, -999, -999, -999
19031010, 0600,  , TS, 35.3N,  65.1W,  50, -999, -999, -999, -999, -999, -999, -999, -999, -999, -999, -999, -999, -999, -999
19031010, 1200,  , EX, 36.1N,  65.0W,  50, -999, -999, -999, -999, -999, -999, -999, -999, -999, -999, -999, -999, -999, -999
19031010, 1800,  , EX, 37.2N,  64.8W,  50, -999, -999, -999, -999, -999, -999, -999, -999, -999, -999, -999, -999, -999, -999
AL091903,            UNNAMED,     27,
19031021, 0600,  , TD, 21.2N,  72.0W,  30, -999, -999, -999, -999, -999, -999, -999, -999, -999, -999, -999, -999, -999, -999
19031021, 1200,  , TD, 21.5N,  72.5W,  30, -999, -999, -999, -999, -999, -999, -999, -999, -999, -999, -999, -999, -999, -999
19031021, 1800,  , TD, 21.9N,  72.9W,  30, -999, -999, -999, -999, -999, -999, -999, -999, -999, -999, -999, -999, -999, -999
19031022, 0000,  , TD, 22.5N,  73.3W,  30, -999, -999, -999, -999, -999, -999, -999, -999, -999, -999, -999, -999, -999, -999
19031022, 0600,  , TD, 23.2N,  73.6W,  30, -999, -999, -999, -999, -999, -999, -999, -999, -999, -999, -999, -999, -999, -999
19031022, 1200,  , TD, 24.0N,  74.0W,  30, -999, -999, -999, -999, -999, -999, -999, -999, -999, -999, -999, -999, -999, -999
19031022, 1800,  , TD, 24.8N,  74.2W,  30, -999, -999, -999, -999, -999, -999, -999, -999, -999, -999, -999, -999, -999, -999
19031023, 0000,  , TD, 25.6N,  74.3W,  30, -999, -999, -999, -999, -999, -999, -999, -999, -999, -999, -999, -999, -999, -999
19031023, 0600,  , TD, 26.3N,  74.3W,  30, -999, -999, -999, -999, -999, -999, -999, -999, -999, -999, -999, -999, -999, -999
19031023, 1200,  , TS, 27.0N,  74.3W,  35, -999, -999, -999, -999, -999, -999, -999, -999, -999, -999, -999, -999, -999, -999
19031023, 1800,  , TS, 27.9N,  74.5W,  40, -999, -999, -999, -999, -999, -999, -999, -999, -999, -999, -999, -999, -999, -999
19031024, 0000,  , TS, 29.0N,  74.8W,  45, -999, -999, -999, -999, -999, -999, -999, -999, -999, -999, -999, -999, -999, -999
19031024, 0600,  , TS, 30.1N,  75.1W,  50, -999, -999, -999, -999, -999, -999, -999, -999, -999, -999, -999, -999, -999, -999
19031024, 1200,  , TS, 31.2N,  75.0W,  50, -999, -999, -999, -999, -999, -999, -999, -999, -999, -999, -999, -999, -999, -999
19031024, 1800,  , EX, 32.4N,  74.5W,  50, -999, -999, -999, -999, -999, -999, -999, -999, -999, -999, -999, -999, -999, -999
19031025, 0000,  , EX, 33.6N,  73.1W,  50, -999, -999, -999, -999, -999, -999, -999, -999, -999, -999, -999, -999, -999, -999
19031025, 0600,  , EX, 34.5N,  71.5W,  50, -999, -999, -999, -999, -999, -999, -999, -999, -999, -999, -999, -999, -999, -999
19031025, 1200,  , EX, 35.8N,  69.5W,  50, -999, -999, -999, -999, -999, -999, -999, -999, -999, -999, -999, -999, -999, -999
19031025, 1800,  , EX, 38.0N,  66.9W,  50, -999, -999, -999, -999, -999, -999, -999, -999, -999, -999, -999, -999, -999, -999
19031026, 0000,  , EX, 40.5N,  63.7W,  50, -999, -999, -999, -999, -999, -999, -999, -999, -999, -999, -999, -999, -999, -999
19031026, 0600,  , EX, 42.8N,  60.4W,  50, -999, -999, -999, -999, -999, -999, -999, -999, -999, -999, -999, -999, -999, -999
19031026, 1200,  , EX, 45.0N,  57.5W,  45, -999, -999, -999, -999, -999, -999, -999, -999, -999, -999, -999, -999, -999, -999
19031026, 1800,  , EX, 47.3N,  55.4W,  40, -999, -999, -999, -999, -999, -999, -999, -999, -999, -999, -999, -999, -999, -999
19031027, 0000,  , EX, 49.1N,  53.7W,  40, -999, -999, -999, -999, -999, -999, -999, -999, -999, -999, -999, -999, -999, -999
19031027, 0600,  , EX, 51.1N,  52.4W,  40, -999, -999, -999, -999, -999, -999, -999, -999, -999, -999, -999, -999, -999, -999
19031027, 1200,  , EX, 53.0N,  51.0W,  35, -999, -999, -999, -999, -999, -999, -999, -999, -999, -999, -999, -999, -999, -999
19031027, 1800,  , EX, 55.2N,  49.5W,  35, -999, -999, -999, -999, -999, -999, -999, -999, -999, -999, -999, -999, -999, -999
AL101903,            UNNAMED,     35,
19031117, 0600,  , TS, 19.0N,  37.0W,  35, -999, -999, -999, -999, -999, -999, -999, -999, -999, -999, -999, -999, -999, -999
19031117, 1200,  , TS, 19.5N,  38.5W,  35, -999, -999, -999, -999, -999, -999, -999, -999, -999, -999, -999, -999, -999, -999
19031117, 1800,  , TS, 19.9N,  39.7W,  35, -999, -999, -999, -999, -999, -999, -999, -999, -999, -999, -999, -999, -999, -999
19031118, 0000,  , TS, 20.4N,  41.3W,  35, -999, -999, -999, -999, -999, -999, -999, -999, -999, -999, -999, -999, -999, -999
19031118, 0600,  , TS, 21.1N,  42.9W,  35, -999, -999, -999, -999, -999, -999, -999, -999, -999, -999, -999, -999, -999, -999
19031118, 1200,  , TS, 21.9N,  44.4W,  35, -999, -999, -999, -999, -999, -999, -999, -999, -999, -999, -999, -999, -999, -999
19031118, 1800,  , TS, 22.8N,  45.6W,  35, -999, -999, -999, -999, -999, -999, -999, -999, -999, -999, -999, -999, -999, -999
19031119, 0000,  , TS, 23.7N,  46.8W,  35, -999, -999, -999, -999, -999, -999, -999, -999, -999, -999, -999, -999, -999, -999
19031119, 0600,  , TS, 24.5N,  48.0W,  40, -999, -999, -999, -999, -999, -999, -999, -999, -999, -999, -999, -999, -999, -999
19031119, 1200,  , TS, 25.5N,  49.3W,  45, -999, -999, -999, -999, -999, -999, -999, -999, -999, -999, -999, -999, -999, -999
19031119, 1800,  , TS, 26.4N,  49.8W,  50, -999, -999, -999, -999, -999, -999, -999, -999, -999, -999, -999, -999, -999, -999
19031120, 0000,  , TS, 27.3N,  49.6W,  60, -999, -999, -999, -999, -999, -999, -999, -999, -999, -999, -999, -999, -999, -999
19031120, 0600,  , HU, 28.2N,  49.3W,  65, -999, -999, -999, -999, -999, -999, -999, -999, -999, -999, -999, -999, -999, -999
19031120, 1200,  , HU, 29.0N,  48.5W,  70, -999, -999, -999, -999, -999, -999, -999, -999, -999, -999, -999, -999, -999, -999
19031120, 1800,  , HU, 29.2N,  47.7W,  70, -999, -999, -999, -999, -999, -999, -999, -999, -999, -999, -999, -999, -999, -999
19031121, 0000,  , HU, 29.3N,  47.1W,  70, -999, -999, -999, -999, -999, -999, -999, -999, -999, -999, -999, -999, -999, -999
19031121, 0600,  , HU, 29.3N,  46.2W,  70, -999, -999, -999, -999, -999, -999, -999, -999, -999, -999, -999, -999, -999, -999
19031121, 1200,  , HU, 29.3N,  45.4W,  70, -999, -999, -999, -999, -999, -999, -999, -999, -999, -999, -999, -999, -999, -999
19031121, 1800,  , HU, 29.5N,  44.7W,  70, -999, -999, -999, -999, -999, -999, -999, -999, -999, -999, -999, -999, -999, -999
19031122, 0000,  , HU, 29.7N,  44.1W,  70, -999, -999, -999, -999, -999, -999, -999, -999, -999, -999, -999, -999, -999, -999
19031122, 0600,  , HU, 30.0N,  43.6W,  70, -999, -999, -999, -999, -999, -999, -999, -999, -999, -999, -999, -999, -999, -999
19031122, 1200,  , HU, 30.4N,  43.2W,  70, -999, -999, -999, -999, -999, -999, -999, -999, -999, -999, -999, -999, -999, -999
19031122, 1800,  , HU, 31.3N,  42.9W,  70, -999, -999, -999, -999, -999, -999, -999, -999, -999, -999, -999, -999, -999, -999
19031123, 0000,  , HU, 32.8N,  42.7W,  70, -999, -999, -999, -999, -999, -999, -999, -999, -999, -999, -999, -999, -999, -999
19031123, 0600,  , HU, 34.3N,  42.5W,  70, -999, -999, -999, -999, -999, -999, -999, -999, -999, -999, -999, -999, -999, -999
19031123, 1200,  , HU, 35.4N,  42.3W,  70, -999, -999, -999, -999, -999, -999, -999, -999, -999, -999, -999, -999, -999, -999
19031123, 1800,  , HU, 36.3N,  42.1W,  70, -999, -999, -999, -999, -999, -999, -999, -999, -999, -999, -999, -999, -999, -999
19031124, 0000,  , HU, 37.0N,  41.9W,  70, -999, -999, -999, -999, -999, -999, -999, -999, -999, -999, -999, -999, -999, -999
19031124, 0600,  , HU, 37.7N,  41.7W,  70, -999, -999, -999, -999, -999, -999, -999, -999, -999, -999, -999, -999, -999, -999
19031124, 1200,  , HU, 38.5N,  41.4W,  70, -999, -999, -999, -999, -999, -999, -999, -999, -999, -999, -999, -999, -999, -999
19031124, 1800,  , HU, 39.4N,  40.9W,  70, -999, -999, -999, -999, -999, -999, -999, -999, -999, -999, -999, -999, -999, -999
19031125, 0000,  , HU, 40.3N,  40.5W,  65, -999, -999, -999, -999, -999, -999, -999, -999, -999, -999, -999, -999, -999, -999
19031125, 0600,  , HU, 41.3N,  40.0W,  65, -999, -999, -999, -999, -999, -999, -999, -999, -999, -999, -999, -999, -999, -999
19031125, 1200,  , HU, 42.2N,  39.6W,  65, -999, -999, -999, -999, -999, -999, -999, -999, -999, -999, -999, -999, -999, -999
19031125, 1800,  , EX, 43.5N,  38.9W,  50, -999, -999, -999, -999, -999, -999, -999, -999, -999, -999, -999, -999, -999, -999
