AL012010,               ALEX,     32,
20100624, 1800,  , LO, 15.9N,  82.0W,  25, 1007,    0,    0,    0,    0,    0,    0,    0,    0,    0,    0,    0,    0, -999
20100625, 0000,  , LO, 16.0N,  82.1W,  25, 1006,    0,    0,    0,    0,    0,    0,    0,    0,    0,    0,    0,    0, -999
20100625, 0600,  , LO, 16.1N,  82.3W,  25, 1006,    0,    0,    0,    0,    0,    0,    0,    0,    0,    0,    0,    0, -999
20100625, 1200,  , LO, 16.2N,  82.5W,  30, 1005,    0,    0,    0,    0,    0,    0,    0,    0,    0,    0,    0,    0, -999
20100625, 1800,  , TD, 16.4N,  83.1W,  30, 1005,    0,    0,    0,    0,    0,    0,    0,    0,    0,    0,    0,    0, -999
20100626, 0000,  , TD, 16.6N,  83.9W,  30, 1004,    0,    0,    0,    0,    0,    0,    0,    0,    0,    0,    0,    0, -999
20100626, 0600,  , TS, 16.7N,  84.9W,  40, 1004,   90,   90,    0,    0,    0,    0,    0,    0,    0,    0,    0,    0, -999
20100626, 1200,  , TS, 16.9N,  86.1W,  40, 1004,   90,   90,    0,    0,    0,    0,    0,    0,    0,    0,    0,    0, -999
20100626, 1800,  , TS, 17.2N,  87.2W,  55,  996,  100,   75,   30,   30,    0,    0,   20,    0,    0,    0,    0,    0, -999
20100627, 0000, L, TS, 17.5N,  88.2W,  55,  995,   90,   75,   30,   30,    0,   15,   15,    0,    0,    0,    0,    0, -999
20100627, 0600,  , TS, 18.0N,  89.1W,  55,  991,   90,   90,   30,   30,    0,   15,   15,    0,    0,    0,    0,    0, -999
20100627, 1200,  , TS, 18.5N,  90.0W,  45,  992,   60,   30,   30,   60,    0,    0,    0,    0,    0,    0,    0,    0, -999
20100627, 1800,  , TS, 18.9N,  90.7W,  35,  993,   30,   30,   30,   30,    0,    0,    0,    0,    0,    0,    0,    0, -999
20100628, 0000,  , TS, 19.2N,  91.1W,  40,  991,   60,   30,   30,   60,    0,    0,    0,    0,    0,    0,    0,    0, -999
20100628, 0600,  , TS, 19.5N,  91.4W,  40,  991,   60,   30,   30,   60,    0,    0,    0,    0,    0,    0,    0,    0, -999
20100628, 1200,  , TS, 20.0N,  91.6W,  50,  989,   60,   30,   30,   60,   25,    0,    0,    0,    0,    0,    0,    0, -999
20100628, 1800,  , TS, 20.3N,  91.7W,  50,  990,   60,   30,   30,   60,   25,    0,    0,    0,    0,    0,    0,    0, -999
20100629, 0000,  , TS, 20.7N,  91.7W,  55,  987,   60,   60,   30,   60,   25,    0,    0,    0,    0,    0,    0,    0, -999
20100629, 0600,  , TS, 21.5N,  91.9W,  55,  985,   90,   90,   30,   60,   45,   20,   15,   20,    0,    0,    0,    0, -999
20100629, 1200,  , TS, 22.4N,  92.7W,  60,  983,  120,  100,   50,  100,   60,   30,   15,   20,    0,    0,    0,    0, -999
20100629, 1800,  , TS, 22.9N,  93.6W,  60,  981,  150,  100,   50,  100,   60,   30,   15,   20,    0,    0,    0,    0, -999
20100630, 0000,  , HU, 23.0N,  94.4W,  65,  973,  150,  150,   75,  130,   80,   80,   30,   40,   15,   15,   15,   15, -999
20100630, 0600,  , HU, 23.1N,  94.8W,  70,  966,  180,  150,   90,  130,   80,   80,   30,   40,   20,   20,   15,   15, -999
20100630, 1200,  , HU, 23.5N,  95.2W,  75,  958,  180,  150,  100,  130,   80,   80,   30,   40,   50,   20,   15,   15, -999
20100630, 1500, T, HU, 24.0N,  95.5W,  75,  958,  180,  150,  100,  130,   80,   80,   30,   40,   50,   20,   15,   15, -999
20100630, 1800,  , HU, 24.3N,  96.2W,  80,  962,  180,  180,  120,  130,   90,   80,   60,   40,   50,   30,   15,   15, -999
20100701, 0000,  , HU, 24.3N,  97.3W,  90,  948,  180,  180,  120,  120,   90,   90,   60,   50,   50,   30,   15,   15, -999
20100701, 0200, L, HU, 24.2N,  97.7W,  95,  946,  180,  180,  120,  120,   90,   90,   60,   50,   50,   30,   15,   15, -999
20100701, 0600,  , HU, 24.1N,  98.4W,  75,  963,  180,  180,  120,   90,   75,   75,   30,   30,   20,   20,   10,   10, -999
20100701, 1200,  , TS, 23.5N,  99.5W,  60,  977,  120,  120,  120,   75,   50,   50,   25,   25,    0,    0,    0,    0, -999
20100701, 1800,  , TS, 23.1N, 100.7W,  40,  987,   60,   60,  105,   60,    0,    0,    0,    0,    0,    0,    0,    0, -999
20100702, 0000,  , TD, 23.2N, 101.9W,  30,  997,    0,    0,    0,    0,    0,    0,    0,    0,    0,    0,    0,    0, -999
AL022010,                TWO,     13,
20100707, 0600,  , LO, 21.5N,  91.1W,  25, 1006,    0,    0,    0,    0,    0,    0,    0,    0,    0,    0,    0,    0, -999
20100707, 1200,  , LO, 22.1N,  92.0W,  25, 1006,    0,    0,    0,    0,    0,    0,    0,    0,    0,    0,    0,    0, -999
20100707, 1800,  , LO, 22.8N,  92.8W,  30, 1006,    0,    0,    0,    0,    0,    0,    0,    0,    0,    0,    0,    0, -999
20100708, 0000,  , TD, 23.7N,  93.7W,  30, 1005,    0,    0,    0,    0,    0,    0,    0,    0,    0,    0,    0,    0, -999
20100708, 0600,  , TD, 24.7N,  95.0W,  30, 1006,    0,    0,    0,    0,    0,    0,    0,    0,    0,    0,    0,    0, -999
20100708, 1200,  , TD, 26.1N,  96.6W,  30, 1006,    0,    0,    0,    0,    0,    0,    0,    0,    0,    0,    0,    0, -999
20100708, 1400, L, TD, 26.1N,  97.1W,  30, 1006,    0,    0,    0,    0,    0,    0,    0,    0,    0,    0,    0,    0, -999
20100708, 1800,  , TD, 26.1N,  97.8W,  25, 1007,    0,    0,    0,    0,    0,    0,    0,    0,    0,    0,    0,    0, -999
20100709, 0000,  , TD, 25.9N,  98.8W,  25, 1007,    0,    0,    0,    0,    0,    0,    0,    0,    0,    0,    0,    0, -999
20100709, 0600,  , LO, 26.1N,  99.7W,  20, 1008,    0,    0,    0,    0,    0,    0,    0,    0,    0,    0,    0,    0, -999
20100709, 1200,  , LO, 26.5N, 100.6W,  20, 1009,    0,    0,    0,    0,    0,    0,    0,    0,    0,    0,    0,    0, -999
20100709, 1800,  , LO, 27.3N, 101.3W,  20, 1010,    0,    0,    0,    0,    0,    0,    0,    0,    0,    0,    0,    0, -999
20100710, 0000,  , LO, 28.1N, 102.2W,  20, 1010,    0,    0,    0,    0,    0,    0,    0,    0,    0,    0,    0,    0, -999
AL032010,             BONNIE,     18,
20100722, 0600,  , TD, 21.5N,  73.8W,  30, 1009,    0,    0,    0,    0,    0,    0,    0,    0,    0,    0,    0,    0, -999
20100722, 1200,  , TD, 21.7N,  74.4W,  30, 1008,    0,    0,    0,    0,    0,    0,    0,    0,    0,    0,    0,    0, -999
20100722, 1800,  , TD, 22.2N,  74.9W,  30, 1007,    0,    0,    0,    0,    0,    0,    0,    0,    0,    0,    0,    0, -999
20100722, 2315, L, TS, 23.0N,  75.7W,  35, 1006,   30,    0,    0,    0,    0,    0,    0,    0,    0,    0,    0,    0, -999
20100723, 0000,  , TS, 23.1N,  75.9W,  35, 1006,   40,    0,    0,    0,    0,    0,    0,    0,    0,    0,    0,    0, -999
20100723, 0515, L, TS, 23.7N,  77.5W,  40, 1005,   70,    0,    0,   40,    0,    0,    0,    0,    0,    0,    0,    0, -999
20100723, 0600,  , TS, 23.8N,  77.8W,  40, 1005,   75,    0,    0,   45,    0,    0,    0,    0,    0,    0,    0,    0, -999
20100723, 1200,  , TS, 24.8N,  79.7W,  35, 1006,   75,   45,    0,   45,    0,    0,    0,    0,    0,    0,    0,    0, -999
20100723, 1430, L, TS, 25.4N,  80.2W,  35, 1007,   75,   40,    0,   40,    0,    0,    0,    0,    0,    0,    0,    0, -999
20100723, 1800,  , TD, 25.8N,  81.1W,  30, 1008,    0,    0,    0,    0,    0,    0,    0,    0,    0,    0,    0,    0, -999
20100724, 0000,  , TD, 26.3N,  82.6W,  30, 1010,    0,    0,    0,    0,    0,    0,    0,    0,    0,    0,    0,    0, -999
20100724, 0600,  , TD, 26.7N,  84.4W,  30, 1013,    0,    0,    0,    0,    0,    0,    0,    0,    0,    0,    0,    0, -999
20100724, 1200,  , TD, 27.5N,  85.9W,  25, 1013,    0,    0,    0,    0,    0,    0,    0,    0,    0,    0,    0,    0, -999
20100724, 1800,  , TD, 28.1N,  87.1W,  25, 1013,    0,    0,    0,    0,    0,    0,    0,    0,    0,    0,    0,    0, -999
20100725, 0000,  , LO, 28.6N,  88.3W,  25, 1012,    0,    0,    0,    0,    0,    0,    0,    0,    0,    0,    0,    0, -999
20100725, 0600,  , LO, 29.2N,  89.5W,  25, 1012,    0,    0,    0,    0,    0,    0,    0,    0,    0,    0,    0,    0, -999
20100725, 1200,  , LO, 29.8N,  90.5W,  20, 1012,    0,    0,    0,    0,    0,    0,    0,    0,    0,    0,    0,    0, -999
20100725, 1800,  , LO, 30.1N,  91.0W,  15, 1014,    0,    0,    0,    0,    0,    0,    0,    0,    0,    0,    0,    0, -999
AL042010,              COLIN,     25,
20100802, 1200,  , TD, 12.5N,  40.7W,  30, 1007,    0,    0,    0,    0,    0,    0,    0,    0,    0,    0,    0,    0, -999
20100802, 1800,  , TD, 12.9N,  42.4W,  30, 1007,    0,    0,    0,    0,    0,    0,    0,    0,    0,    0,    0,    0, -999
20100803, 0000,  , TD, 13.3N,  44.4W,  30, 1007,    0,    0,    0,    0,    0,    0,    0,    0,    0,    0,    0,    0, -999
20100803, 0600,  , TS, 13.7N,  46.6W,  35, 1006,   30,    0,    0,   30,    0,    0,    0,    0,    0,    0,    0,    0, -999
20100803, 1200,  , TS, 14.3N,  49.3W,  35, 1007,   30,    0,    0,   30,    0,    0,    0,    0,    0,    0,    0,    0, -999
20100803, 1800,  , DB, 15.3N,  52.2W,  35, 1009,   60,    0,    0,   45,    0,    0,    0,    0,    0,    0,    0,    0, -999
20100804, 0000,  , DB, 16.1N,  54.8W,  35, 1009,   90,    0,    0,   60,    0,    0,    0,    0,    0,    0,    0,    0, -999
20100804, 0600,  , DB, 17.0N,  57.2W,  35, 1009,  120,    0,    0,   60,    0,    0,    0,    0,    0,    0,    0,    0, -999
20100804, 1200,  , DB, 18.0N,  59.5W,  35, 1009,  150,    0,    0,   45,    0,    0,    0,    0,    0,    0,    0,    0, -999
20100804, 1800,  , DB, 19.2N,  61.1W,  40, 1009,  120,    0,    0,    0,    0,    0,    0,    0,    0,    0,    0,    0, -999
20100805, 0000,  , DB, 20.4N,  62.5W,  40, 1009,  120,    0,    0,    0,    0,    0,    0,    0,    0,    0,    0,    0, -999
20100805, 0600,  , DB, 21.7N,  63.7W,  40, 1009,  120,    0,    0,    0,    0,    0,    0,    0,    0,    0,    0,    0, -999
20100805, 1200,  , TS, 23.0N,  64.9W,  40, 1008,   90,    0,    0,    0,    0,    0,    0,    0,    0,    0,    0,    0, -999
20100805, 1800,  , TS, 24.4N,  65.8W,  45, 1007,   90,   60,    0,    0,    0,    0,    0,    0,    0,    0,    0,    0, -999
20100805, 2100, I, TS, 25.0N,  66.1W,  50, 1005,   90,   60,    0,    0,   25,   25,    0,    0,    0,    0,    0,    0, -999
20100806, 0000,  , TS, 25.6N,  66.6W,  50, 1006,   90,   60,    0,    0,   25,   25,    0,    0,    0,    0,    0,    0, -999
20100806, 0600,  , TS, 26.4N,  67.2W,  40, 1007,   90,   90,    0,    0,    0,    0,    0,    0,    0,    0,    0,    0, -999
20100806, 1200,  , TS, 27.0N,  67.1W,  40, 1007,   90,   90,    0,    0,    0,    0,    0,    0,    0,    0,    0,    0, -999
20100806, 1800,  , TS, 27.7N,  66.9W,  40, 1008,   90,   90,    0,    0,    0,    0,    0,    0,    0,    0,    0,    0, -999
20100807, 0000,  , TS, 28.5N,  66.6W,  40, 1008,   90,   90,    0,    0,    0,    0,    0,    0,    0,    0,    0,    0, -999
20100807, 0600,  , TS, 28.9N,  66.4W,  35, 1009,   90,   90,    0,    0,    0,    0,    0,    0,    0,    0,    0,    0, -999
20100807, 1200,  , TS, 29.1N,  66.2W,  35, 1010,   90,   90,    0,    0,    0,    0,    0,    0,    0,    0,    0,    0, -999
20100807, 1800,  , TS, 29.3N,  65.9W,  35, 1012,   90,   90,    0,    0,    0,    0,    0,    0,    0,    0,    0,    0, -999
20100808, 0000,  , TD, 29.7N,  65.7W,  30, 1012,    0,    0,    0,    0,    0,    0,    0,    0,    0,    0,    0,    0, -999
20100808, 0600,  , TD, 30.3N,  65.7W,  30, 1013,    0,    0,    0,    0,    0,    0,    0,    0,    0,    0,    0,    0, -999
AL052010,               FIVE,     32,
20100810, 0600,  , LO, 25.7N,  83.0W,  25, 1008,    0,    0,    0,    0,    0,    0,    0,    0,    0,    0,    0,    0, -999
20100810, 1200,  , LO, 25.7N,  83.3W,  25, 1008,    0,    0,    0,    0,    0,    0,    0,    0,    0,    0,    0,    0, -999
20100810, 1800,  , TD, 25.9N,  83.7W,  30, 1008,    0,    0,    0,    0,    0,    0,    0,    0,    0,    0,    0,    0, -999
20100811, 0000,  , TD, 26.1N,  84.1W,  30, 1008,    0,    0,    0,    0,    0,    0,    0,    0,    0,    0,    0,    0, -999
20100811, 0600,  , LO, 26.5N,  85.0W,  30, 1008,    0,    0,    0,    0,    0,    0,    0,    0,    0,    0,    0,    0, -999
20100811, 1200,  , LO, 27.1N,  86.1W,  25, 1008,    0,    0,    0,    0,    0,    0,    0,    0,    0,    0,    0,    0, -999
20100811, 1800,  , LO, 28.0N,  87.5W,  25, 1009,    0,    0,    0,    0,    0,    0,    0,    0,    0,    0,    0,    0, -999
20100812, 0000,  , LO, 29.0N,  88.4W,  25, 1009,    0,    0,    0,    0,    0,    0,    0,    0,    0,    0,    0,    0, -999
20100812, 0600,  , LO, 29.4N,  88.8W,  25, 1008,    0,    0,    0,    0,    0,    0,    0,    0,    0,    0,    0,    0, -999
20100812, 1200,  , LO, 29.7N,  89.0W,  25, 1008,    0,    0,    0,    0,    0,    0,    0,    0,    0,    0,    0,    0, -999
20100812, 1800,  , LO, 29.8N,  89.0W,  25, 1008,    0,    0,    0,    0,    0,    0,    0,    0,    0,    0,    0,    0, -999
20100813, 0000,  , LO, 30.0N,  88.9W,  25, 1007,    0,    0,    0,    0,    0,    0,    0,    0,    0,    0,    0,    0, -999
20100813, 0600,  , LO, 30.4N,  88.8W,  25, 1007,    0,    0,    0,    0,    0,    0,    0,    0,    0,    0,    0,    0, -999
20100813, 1200,  , LO, 30.8N,  88.6W,  25, 1008,    0,    0,    0,    0,    0,    0,    0,    0,    0,    0,    0,    0, -999
20100813, 1800,  , LO, 31.4N,  88.0W,  25, 1008,    0,    0,    0,    0,    0,    0,    0,    0,    0,    0,    0,    0, -999
20100814, 0000,  , LO, 32.0N,  87.3W,  20, 1009,    0,    0,    0,    0,    0,    0,    0,    0,    0,    0,    0,    0, -999
20100814, 0600,  , LO, 32.5N,  86.5W,  15, 1010,    0,    0,    0,    0,    0,    0,    0,    0,    0,    0,    0,    0, -999
20100814, 1200,  , LO, 32.8N,  85.9W,  15, 1011,    0,    0,    0,    0,    0,    0,    0,    0,    0,    0,    0,    0, -999
20100814, 1800,  , LO, 33.0N,  85.4W,  15, 1012,    0,    0,    0,    0,    0,    0,    0,    0,    0,    0,    0,    0, -999
20100815, 0000,  , LO, 32.8N,  85.0W,  15, 1012,    0,    0,    0,    0,    0,    0,    0,    0,    0,    0,    0,    0, -999
20100815, 0600,  , LO, 32.5N,  84.9W,  15, 1013,    0,    0,    0,    0,    0,    0,    0,    0,    0,    0,    0,    0, -999
20100815, 1200,  , LO, 32.0N,  85.0W,  15, 1013,    0,    0,    0,    0,    0,    0,    0,    0,    0,    0,    0,    0, -999
20100815, 1800,  , LO, 31.5N,  85.1W,  20, 1013,    0,    0,    0,    0,    0,    0,    0,    0,    0,    0,    0,    0, -999
20100816, 0000,  , LO, 30.8N,  85.3W,  20, 1011,    0,    0,    0,    0,    0,    0,    0,    0,    0,    0,    0,    0, -999
20100816, 0600,  , LO, 30.0N,  85.6W,  20, 1010,    0,    0,    0,    0,    0,    0,    0,    0,    0,    0,    0,    0, -999
20100816, 1200,  , LO, 29.3N,  86.0W,  20, 1009,    0,    0,    0,    0,    0,    0,    0,    0,    0,    0,    0,    0, -999
20100816, 1800,  , LO, 29.3N,  86.8W,  25, 1008,    0,    0,    0,    0,    0,    0,    0,    0,    0,    0,    0,    0, -999
20100817, 0000,  , LO, 29.6N,  87.7W,  25, 1007,    0,    0,    0,    0,    0,    0,    0,    0,    0,    0,    0,    0, -999
20100817, 0600,  , LO, 30.0N,  88.6W,  25, 1008,    0,    0,    0,    0,    0,    0,    0,    0,    0,    0,    0,    0, -999
20100817, 1200,  , LO, 30.7N,  89.4W,  25, 1008,    0,    0,    0,    0,    0,    0,    0,    0,    0,    0,    0,    0, -999
20100817, 1800,  , LO, 31.3N,  90.3W,  20, 1009,    0,    0,    0,    0,    0,    0,    0,    0,    0,    0,    0,    0, -999
20100818, 0000,  , LO, 31.7N,  91.0W,  15, 1010,    0,    0,    0,    0,    0,    0,    0,    0,    0,    0,    0,    0, -999
AL062010,           DANIELLE,     51,
20100821, 1200,  , LO, 10.7N,  31.1W,  25, 1009,    0,    0,    0,    0,    0,    0,    0,    0,    0,    0,    0,    0, -999
20100821, 1800,  , TD, 11.0N,  31.7W,  25, 1008,    0,    0,    0,    0,    0,    0,    0,    0,    0,    0,    0,    0, -999
20100822, 0000,  , TD, 11.4N,  32.4W,  30, 1007,    0,    0,    0,    0,    0,    0,    0,    0,    0,    0,    0,    0, -999
20100822, 0600,  , TS, 11.8N,  33.1W,  35, 1005,   30,   30,    0,    0,    0,    0,    0,    0,    0,    0,    0,    0, -999
20100822, 1200,  , TS, 12.4N,  33.9W,  35, 1005,   30,   30,    0,    0,    0,    0,    0,    0,    0,    0,    0,    0, -999
20100822, 1800,  , TS, 13.2N,  34.8W,  35, 1004,   30,   30,    0,    0,    0,    0,    0,    0,    0,    0,    0,    0, -999
20100823, 0000,  , TS, 13.8N,  35.9W,  45, 1000,   30,   30,   45,   45,    0,    0,    0,    0,    0,    0,    0,    0, -999
20100823, 0600,  , TS, 14.2N,  37.4W,  50,  997,   45,   45,   45,   60,   20,    0,    0,   20,    0,    0,    0,    0, -999
20100823, 1200,  , TS, 14.7N,  39.1W,  55,  994,   45,   45,   45,   60,   20,    0,    0,   20,    0,    0,    0,    0, -999
20100823, 1800,  , HU, 15.2N,  40.9W,  65,  987,   60,   45,   45,   60,   20,   20,    0,   20,   15,   10,    0,   15, -999
20100824, 0000,  , HU, 15.4N,  42.6W,  75,  982,   75,   60,   60,   75,   40,   30,   20,   40,   20,   15,    0,   20, -999
20100824, 0600,  , HU, 15.6N,  44.2W,  80,  977,   90,   60,   60,   90,   50,   35,   25,   40,   25,   15,   10,   25, -999
20100824, 1200,  , HU, 16.2N,  45.8W,  70,  984,  120,   90,   60,   90,   60,   45,   30,   60,   25,   15,   10,   25, -999
20100824, 1800,  , HU, 17.0N,  47.5W,  65,  987,  120,   90,   60,   90,   60,   45,   30,   45,   25,   15,   10,   25, -999
20100825, 0000,  , HU, 17.7N,  49.0W,  70,  984,  120,   90,   60,   90,   60,   45,   30,   45,   25,   15,    0,   25, -999
20100825, 0600,  , HU, 18.4N,  50.4W,  70,  984,  120,   90,   60,   90,   60,   45,   30,   45,   25,   15,   10,   25, -999
20100825, 1200,  , HU, 19.4N,  51.6W,  70,  984,  120,   90,   60,   90,   60,   45,   30,   45,   25,   15,   10,   25, -999
20100825, 1800,  , HU, 20.7N,  52.6W,  75,  980,  120,   90,   60,   90,   60,   45,   30,   45,   25,   15,   10,   25, -999
20100826, 0000,  , HU, 22.0N,  53.6W,  80,  977,  150,  105,   90,  120,   75,   50,   40,   60,   35,   25,   20,   30, -999
20100826, 0600,  , HU, 23.1N,  54.6W,  85,  973,  150,  105,   90,  120,   75,   50,   40,   60,   35,   25,   20,   30, -999
20100826, 1200,  , HU, 24.0N,  55.4W,  85,  973,  150,  105,   90,  120,   75,   50,   40,   60,   35,   25,   20,   30, -999
20100826, 1800,  , HU, 24.8N,  56.4W,  90,  970,  150,  105,   90,  120,   75,   50,   40,   60,   40,   25,   20,   40, -999
20100827, 0000,  , HU, 25.6N,  57.3W,  95,  966,  180,  120,  105,  120,   90,   60,   50,   75,   40,   35,   20,   40, -999
20100827, 0600,  , HU, 26.2N,  58.3W, 110,  953,  180,  120,  105,  120,   90,   60,   60,   90,   50,   40,   30,   45, -999
20100827, 1200,  , HU, 26.5N,  59.3W, 110,  948,  180,  120,  105,  150,   90,   60,   60,   90,   50,   40,   30,   45, -999
20100827, 1800,  , HU, 27.1N,  60.1W, 115,  942,  180,  150,  130,  150,   90,   75,   75,   90,   50,   50,   35,   50, -999
20100828, 0000,  , HU, 27.7N,  60.5W, 105,  946,  180,  150,  130,  150,   90,   75,   75,   90,   50,   50,   35,   50, -999
20100828, 0600,  , HU, 28.3N,  61.0W,  95,  950,  180,  150,  150,  150,   90,   75,   75,   90,   50,   50,   35,   50, -999
20100828, 1200,  , HU, 28.9N,  60.8W,  95,  952,  180,  150,  150,  150,   90,   75,   75,   90,   50,   50,   35,   50, -999
20100828, 1800,  , HU, 29.6N,  60.2W,  90,  955,  210,  150,  150,  150,   90,   75,   75,   90,   60,   60,   40,   55, -999
20100829, 0000,  , HU, 30.9N,  59.2W,  85,  958,  210,  180,  180,  180,   90,   75,   75,   90,   60,   60,   40,   55, -999
20100829, 0600,  , HU, 32.4N,  57.9W,  80,  964,  210,  180,  180,  180,   90,   75,   90,   90,   60,   60,   40,   55, -999
20100829, 1200,  , HU, 34.7N,  56.2W,  75,  966,  210,  240,  180,  180,   90,  120,   90,   90,   45,   60,   45,   40, -999
20100829, 1800,  , HU, 37.3N,  55.0W,  75,  968,  210,  270,  180,  210,  120,  150,   90,   90,   60,   75,   60,    0, -999
20100830, 0000,  , HU, 38.7N,  53.8W,  70,  969,  210,  270,  180,  210,  120,  150,   90,   90,   60,   75,   60,    0, -999
20100830, 0600,  , HU, 40.0N,  52.8W,  65,  970,  240,  270,  180,  240,  120,  150,   90,   90,   60,   75,   60,    0, -999
20100830, 1200,  , HU, 40.6N,  51.6W,  65,  970,  240,  270,  180,  210,  120,  150,   90,   90,   60,   75,   60,    0, -999
20100830, 1800,  , TS, 41.0N,  50.2W,  60,  973,  240,  270,  240,  210,   90,  150,   90,   90,    0,    0,    0,    0, -999
20100831, 0000,  , LO, 41.1N,  48.0W,  60,  976,  240,  300,  300,  240,   90,  150,   90,   90,    0,    0,    0,    0, -999
20100831, 0600,  , LO, 41.2N,  44.8W,  55,  981,  270,  360,  300,  240,   90,  150,   90,   90,    0,    0,    0,    0, -999
20100831, 1200,  , LO, 41.3N,  41.0W,  55,  985,  270,  300,  300,  210,   45,  150,   90,   90,    0,    0,    0,    0, -999
20100831, 1800,  , EX, 42.1N,  35.9W,  50,  987,  180,  240,  240,  180,   45,  150,   90,   90,    0,    0,    0,    0, -999
20100901, 0000,  , EX, 43.5N,  30.4W,  45,  988,  180,  180,  180,   90,    0,    0,    0,    0,    0,    0,    0,    0, -999
20100901, 0600,  , EX, 44.8N,  26.3W,  40,  990,  180,  120,  120,   90,    0,    0,    0,    0,    0,    0,    0,    0, -999
20100901, 1200,  , EX, 46.2N,  24.0W,  40,  991,  180,  120,  120,   90,    0,    0,    0,    0,    0,    0,    0,    0, -999
20100901, 1800,  , EX, 47.9N,  22.0W,  40,  992,  180,  120,  120,   90,    0,    0,    0,    0,    0,    0,    0,    0, -999
20100902, 0000,  , EX, 49.5N,  20.7W,  40,  994,  240,    0,    0,    0,    0,    0,    0,    0,    0,    0,    0,    0, -999
20100902, 0600,  , EX, 51.1N,  19.9W,  40,  995,  240,    0,    0,    0,    0,    0,    0,    0,    0,    0,    0,    0, -999
20100902, 1200,  , EX, 53.0N,  20.3W,  35,  996,  240,    0,    0,    0,    0,    0,    0,    0,    0,    0,    0,    0, -999
20100902, 1800,  , EX, 55.0N,  21.5W,  35,  998,  180,    0,    0,    0,    0,    0,    0,    0,    0,    0,    0,    0, -999
20100903, 0000,  , EX, 57.5N,  23.0W,  30,  998,    0,    0,    0,    0,    0,    0,    0,    0,    0,    0,    0,    0, -999
AL072010,               EARL,     55,
20100824, 0000,  , LO, 12.4N,  19.3W,  25, 1009,    0,    0,    0,    0,    0,    0,    0,    0,    0,    0,    0,    0, -999
20100824, 0600,  , LO, 12.8N,  20.9W,  25, 1009,    0,    0,    0,    0,    0,    0,    0,    0,    0,    0,    0,    0, -999
20100824, 1200,  , LO, 13.2N,  22.6W,  30, 1008,    0,    0,    0,    0,    0,    0,    0,    0,    0,    0,    0,    0, -999
20100824, 1800,  , LO, 13.6N,  24.3W,  30, 1008,    0,    0,    0,    0,    0,    0,    0,    0,    0,    0,    0,    0, -999
20100825, 0000,  , LO, 13.9N,  26.0W,  30, 1008,    0,    0,    0,    0,    0,    0,    0,    0,    0,    0,    0,    0, -999
20100825, 0600,  , TD, 14.1N,  27.8W,  30, 1007,    0,    0,    0,    0,    0,    0,    0,    0,    0,    0,    0,    0, -999
20100825, 1200,  , TS, 14.3N,  29.7W,  35, 1006,   50,   30,    0,   50,    0,    0,    0,    0,    0,    0,    0,    0, -999
20100825, 1800,  , TS, 14.5N,  31.5W,  35, 1006,   50,   30,    0,   50,    0,    0,    0,    0,    0,    0,    0,    0, -999
20100826, 0000,  , TS, 14.7N,  33.0W,  35, 1006,   50,   30,    0,   50,    0,    0,    0,    0,    0,    0,    0,    0, -999
20100826, 0600,  , TS, 14.9N,  34.5W,  40, 1004,   50,   30,    0,   50,    0,    0,    0,    0,    0,    0,    0,    0, -999
20100826, 1200,  , TS, 15.1N,  36.0W,  40, 1004,   75,   50,    0,   75,    0,    0,    0,    0,    0,    0,    0,    0, -999
20100826, 1800,  , TS, 15.3N,  37.7W,  40, 1004,   75,   50,    0,   75,    0,    0,    0,    0,    0,    0,    0,    0, -999
20100827, 0000,  , TS, 15.5N,  39.4W,  40, 1004,   75,   60,    0,   75,    0,    0,    0,    0,    0,    0,    0,    0, -999
20100827, 0600,  , TS, 15.7N,  41.2W,  40, 1004,   75,   60,   30,   75,    0,    0,    0,    0,    0,    0,    0,    0, -999
20100827, 1200,  , TS, 15.8N,  43.1W,  40, 1004,   75,   60,   30,   75,    0,    0,    0,    0,    0,    0,    0,    0, -999
20100827, 1800,  , TS, 15.9N,  45.0W,  40, 1004,  100,   80,   50,  100,    0,    0,    0,    0,    0,    0,    0,    0, -999
20100828, 0000,  , TS, 16.0N,  47.0W,  45, 1000,  100,   80,   50,  100,    0,    0,    0,    0,    0,    0,    0,    0, -999
20100828, 0600,  , TS, 16.1N,  49.0W,  50,  996,  100,   80,   50,  100,   40,   30,    0,   40,    0,    0,    0,    0, -999
20100828, 1200,  , TS, 16.2N,  51.0W,  50,  996,  100,   80,   60,  100,   40,   30,    0,   40,    0,    0,    0,    0, -999
20100828, 1800,  , TS, 16.3N,  53.0W,  50,  996,  100,   80,   60,  100,   40,   30,    0,   40,    0,    0,    0,    0, -999
20100829, 0000,  , TS, 16.5N,  54.8W,  55,  991,  120,  100,   80,  100,   60,   40,   30,   50,    0,    0,    0,    0, -999
20100829, 0600,  , TS, 16.7N,  56.5W,  55,  991,  130,  100,   80,  100,   60,   40,   30,   60,    0,    0,    0,    0, -999
20100829, 1200,  , HU, 17.0N,  58.0W,  65,  985,  130,  100,   80,  100,   60,   60,   30,   60,   30,   20,    0,   20, -999
20100829, 1800,  , HU, 17.3N,  59.3W,  75,  978,  150,  120,   90,  120,   80,   70,   40,   70,   40,   30,    0,   20, -999
20100830, 0000,  , HU, 17.7N,  60.6W,  85,  971,  150,  120,  100,  120,   80,   80,   40,   70,   40,   30,   20,   30, -999
20100830, 0600,  , HU, 18.1N,  61.9W,  95,  967,  150,  120,  100,  120,   80,   80,   40,   70,   50,   40,   30,   30, -999
20100830, 1200,  , HU, 18.5N,  63.1W, 105,  965,  170,  140,  120,  150,  100,  100,   50,   80,   50,   40,   30,   40, -999
20100830, 1800,  , HU, 19.0N,  64.2W, 115,  954,  170,  150,  120,  150,  100,  100,   50,   80,   60,   50,   30,   40, -999
20100831, 0000,  , HU, 19.6N,  65.3W, 115,  938,  180,  150,  120,  150,  100,  100,   50,   80,   60,   50,   30,   40, -999
20100831, 0600,  , HU, 20.2N,  66.4W, 115,  931,  180,  150,  120,  170,  100,  100,   50,   80,   60,   50,   30,   50, -999
20100831, 1200,  , HU, 20.9N,  67.5W, 115,  935,  180,  150,  120,  170,  100,  100,   60,   80,   70,   60,   30,   50, -999
20100831, 1800,  , HU, 21.6N,  68.4W, 115,  940,  200,  180,  120,  200,  120,  120,   70,  100,   80,   60,   40,   60, -999
20100901, 0000,  , HU, 22.5N,  69.4W, 110,  940,  200,  180,  120,  200,  120,  120,   80,  100,   80,   70,   40,   60, -999
20100901, 0600,  , HU, 23.6N,  70.5W, 105,  941,  220,  180,  120,  220,  120,  120,   80,  100,   80,   70,   40,   60, -999
20100901, 1200,  , HU, 24.7N,  71.6W, 110,  942,  220,  180,  120,  220,  120,  120,   80,  100,   80,   70,   40,   60, -999
20100901, 1800,  , HU, 25.9N,  72.7W, 115,  941,  220,  180,  120,  220,  120,  120,   80,  100,   80,   70,   40,   60, -999
20100902, 0000,  , HU, 27.2N,  73.5W, 120,  932,  200,  180,  120,  200,  120,  120,   80,  100,   80,   70,   40,   60, -999
20100902, 0600,  , HU, 28.6N,  74.3W, 125,  927,  200,  180,  120,  180,  120,  120,   80,  100,   80,   70,   40,   60, -999
20100902, 1200,  , HU, 30.1N,  74.8W, 115,  935,  200,  180,  120,  180,  120,  120,   80,  100,   80,   70,   40,   50, -999
20100902, 1800,  , HU, 31.7N,  75.1W, 100,  943,  180,  180,  120,  150,  100,  100,   80,   80,   70,   60,   40,   40, -999
20100903, 0000,  , HU, 33.0N,  74.9W,  90,  949,  180,  180,  120,  150,  100,  100,   80,   80,   70,   60,   50,   40, -999
20100903, 0600,  , HU, 34.5N,  74.2W,  85,  955,  180,  180,  150,  150,  100,  100,   80,   80,   60,   60,   50,   40, -999
20100903, 1200,  , HU, 36.1N,  73.4W,  75,  959,  180,  180,  150,  150,  100,  100,   80,   80,   60,   60,   50,   40, -999
20100903, 1800,  , HU, 37.6N,  72.2W,  70,  960,  180,  180,  150,  120,  100,  120,  100,   80,   60,   60,   60,   30, -999
20100904, 0000,  , TS, 39.1N,  70.6W,  60,  961,  180,  180,  150,  120,  100,  120,  100,   80,    0,    0,    0,    0, -999
20100904, 0600,  , TS, 40.7N,  68.4W,  60,  961,  180,  180,  150,  110,  100,  120,  100,   70,    0,    0,    0,    0, -999
20100904, 1200,  , HU, 43.0N,  65.7W,  65,  961,  180,  180,  150,  110,  100,  120,  100,   70,    0,   60,    0,    0, -999
20100904, 1500, L, HU, 44.3N,  64.5W,  65,  962,  180,  180,  150,  110,  100,  120,  100,   70,    0,   60,    0,    0, -999
20100904, 1800,  , HU, 45.5N,  63.2W,  65,  965,  180,  200,  150,   90,  100,  120,   80,    0,    0,   60,    0,    0, -999
20100904, 1900, L, TS, 46.0N,  62.7W,  60,  967,  180,  200,  150,   90,  100,  120,   80,    0,    0,    0,    0,    0, -999
20100905, 0000,  , EX, 48.4N,  60.2W,  55,  971,  200,  220,  120,   90,  100,  120,   60,    0,    0,    0,    0,    0, -999
20100905, 0600,  , EX, 50.6N,  57.5W,  50,  978,  240,  240,   90,   90,  120,  120,    0,    0,    0,    0,    0,    0, -999
20100905, 1200,  , EX, 52.4N,  55.4W,  45,  987,  240,  240,   90,   90,    0,    0,    0,    0,    0,    0,    0,    0, -999
20100905, 1800,  , EX, 54.0N,  54.1W,  40,  992,  240,  220,   90,   90,    0,    0,    0,    0,    0,    0,    0,    0, -999
20100906, 0000,  , EX, 55.7N,  53.5W,  35,  994,  240,  180,   90,   90,    0,    0,    0,    0,    0,    0,    0,    0, -999
AL082010,              FIONA,     24,
20100830, 0000,  , LO, 14.0N,  41.8W,  25, 1007,    0,    0,    0,    0,    0,    0,    0,    0,    0,    0,    0,    0, -999
20100830, 0600,  , LO, 14.1N,  43.8W,  30, 1007,    0,    0,    0,    0,    0,    0,    0,    0,    0,    0,    0,    0, -999
20100830, 1200,  , TD, 14.4N,  45.7W,  30, 1007,    0,    0,    0,    0,    0,    0,    0,    0,    0,    0,    0,    0, -999
20100830, 1800,  , TS, 14.9N,  47.7W,  35, 1007,  105,    0,    0,    0,    0,    0,    0,    0,    0,    0,    0,    0, -999
20100831, 0000,  , TS, 15.5N,  50.0W,  35, 1007,   90,    0,    0,    0,    0,    0,    0,    0,    0,    0,    0,    0, -999
20100831, 0600,  , TS, 15.9N,  52.5W,  35, 1006,   90,    0,    0,    0,    0,    0,    0,    0,    0,    0,    0,    0, -999
20100831, 1200,  , TS, 16.1N,  54.8W,  35, 1006,   90,    0,    0,    0,    0,    0,    0,    0,    0,    0,    0,    0, -999
20100831, 1800,  , TS, 16.3N,  56.9W,  40, 1006,   90,   90,    0,   45,    0,    0,    0,    0,    0,    0,    0,    0, -999
20100901, 0000,  , TS, 16.6N,  58.5W,  45, 1004,   90,   90,    0,   45,    0,    0,    0,    0,    0,    0,    0,    0, -999
20100901, 0600,  , TS, 17.2N,  59.8W,  50, 1001,   90,  120,    0,   45,   30,   30,    0,    0,    0,    0,    0,    0, -999
20100901, 1200,  , TS, 18.2N,  61.0W,  50,  998,   90,  120,    0,   60,   30,   30,    0,    0,    0,    0,    0,    0, -999
20100901, 1800,  , TS, 19.5N,  62.5W,  55,  999,   90,  120,    0,   60,   30,   30,    0,    0,    0,    0,    0,    0, -999
20100902, 0000,  , TS, 21.0N,  63.8W,  50, 1000,   90,  120,    0,    0,   30,   30,    0,    0,    0,    0,    0,    0, -999
20100902, 0600,  , TS, 22.3N,  64.9W,  45, 1001,  105,  105,    0,    0,    0,    0,    0,    0,    0,    0,    0,    0, -999
20100902, 1200,  , TS, 23.6N,  65.9W,  45, 1002,  105,  105,    0,    0,    0,    0,    0,    0,    0,    0,    0,    0, -999
20100902, 1800,  , TS, 25.0N,  66.6W,  45, 1003,   90,   90,    0,    0,    0,    0,    0,    0,    0,    0,    0,    0, -999
20100903, 0000,  , TS, 26.3N,  67.0W,  40, 1005,   75,   90,    0,    0,    0,    0,    0,    0,    0,    0,    0,    0, -999
20100903, 0600,  , TS, 27.5N,  67.0W,  40, 1007,   75,   90,    0,    0,    0,    0,    0,    0,    0,    0,    0,    0, -999
20100903, 1200,  , TS, 28.5N,  66.7W,  35, 1010,   60,   60,    0,    0,    0,    0,    0,    0,    0,    0,    0,    0, -999
20100903, 1800,  , TS, 29.6N,  66.0W,  35, 1011,   60,   60,    0,    0,    0,    0,    0,    0,    0,    0,    0,    0, -999
20100904, 0000,  , LO, 30.7N,  65.0W,  35, 1011,   45,   45,    0,    0,    0,    0,    0,    0,    0,    0,    0,    0, -999
20100904, 0600,  , LO, 31.8N,  63.9W,  30, 1011,    0,    0,    0,    0,    0,    0,    0,    0,    0,    0,    0,    0, -999
20100904, 1200,  , LO, 32.9N,  62.9W,  25, 1011,    0,    0,    0,    0,    0,    0,    0,    0,    0,    0,    0,    0, -999
20100904, 1800,  , LO, 34.1N,  62.0W,  25, 1011,    0,    0,    0,    0,    0,    0,    0,    0,    0,    0,    0,    0, -999
AL092010,             GASTON,     30,
20100901, 0000,  , LO, 12.2N,  32.2W,  25, 1008,    0,    0,    0,    0,    0,    0,    0,    0,    0,    0,    0,    0, -999
20100901, 0600,  , TD, 12.4N,  33.6W,  30, 1007,    0,    0,    0,    0,    0,    0,    0,    0,    0,    0,    0,    0, -999
20100901, 1200,  , TS, 12.7N,  35.0W,  35, 1005,    0,    0,    0,   35,    0,    0,    0,    0,    0,    0,    0,    0, -999
20100901, 1800,  , TS, 12.9N,  36.1W,  35, 1005,    0,    0,    0,   35,    0,    0,    0,    0,    0,    0,    0,    0, -999
20100902, 0000,  , TD, 13.1N,  37.2W,  30, 1006,    0,    0,    0,    0,    0,    0,    0,    0,    0,    0,    0,    0, -999
20100902, 0600,  , TD, 13.2N,  38.0W,  30, 1007,    0,    0,    0,    0,    0,    0,    0,    0,    0,    0,    0,    0, -999
20100902, 1200,  , TD, 13.3N,  38.8W,  30, 1008,    0,    0,    0,    0,    0,    0,    0,    0,    0,    0,    0,    0, -999
20100902, 1800,  , LO, 13.5N,  39.5W,  25, 1009,    0,    0,    0,    0,    0,    0,    0,    0,    0,    0,    0,    0, -999
20100903, 0000,  , LO, 13.8N,  40.1W,  25, 1009,    0,    0,    0,    0,    0,    0,    0,    0,    0,    0,    0,    0, -999
20100903, 0600,  , LO, 14.1N,  40.6W,  25, 1009,    0,    0,    0,    0,    0,    0,    0,    0,    0,    0,    0,    0, -999
20100903, 1200,  , LO, 14.5N,  41.3W,  25, 1009,    0,    0,    0,    0,    0,    0,    0,    0,    0,    0,    0,    0, -999
20100903, 1800,  , LO, 15.0N,  42.0W,  25, 1008,    0,    0,    0,    0,    0,    0,    0,    0,    0,    0,    0,    0, -999
20100904, 0000,  , LO, 15.4N,  43.0W,  25, 1008,    0,    0,    0,    0,    0,    0,    0,    0,    0,    0,    0,    0, -999
20100904, 0600,  , LO, 15.9N,  44.2W,  30, 1008,    0,    0,    0,    0,    0,    0,    0,    0,    0,    0,    0,    0, -999
20100904, 1200,  , LO, 16.3N,  45.5W,  30, 1008,    0,    0,    0,    0,    0,    0,    0,    0,    0,    0,    0,    0, -999
20100904, 1800,  , LO, 16.5N,  46.6W,  30, 1008,    0,    0,    0,    0,    0,    0,    0,    0,    0,    0,    0,    0, -999
20100905, 0000,  , LO, 16.7N,  47.7W,  25, 1009,    0,    0,    0,    0,    0,    0,    0,    0,    0,    0,    0,    0, -999
20100905, 0600,  , LO, 16.8N,  48.8W,  25, 1009,    0,    0,    0,    0,    0,    0,    0,    0,    0,    0,    0,    0, -999
20100905, 1200,  , LO, 16.9N,  50.0W,  30, 1008,    0,    0,    0,    0,    0,    0,    0,    0,    0,    0,    0,    0, -999
20100905, 1800,  , LO, 17.0N,  51.2W,  30, 1008,    0,    0,    0,    0,    0,    0,    0,    0,    0,    0,    0,    0, -999
20100906, 0000,  , LO, 17.1N,  52.6W,  30, 1008,    0,    0,    0,    0,    0,    0,    0,    0,    0,    0,    0,    0, -999
20100906, 0600,  , LO, 17.3N,  54.0W,  30, 1009,    0,    0,    0,    0,    0,    0,    0,    0,    0,    0,    0,    0, -999
20100906, 1200,  , LO, 17.4N,  55.5W,  30, 1009,    0,    0,    0,    0,    0,    0,    0,    0,    0,    0,    0,    0, -999
20100906, 1800,  , LO, 17.5N,  57.2W,  25, 1010,    0,    0,    0,    0,    0,    0,    0,    0,    0,    0,    0,    0, -999
20100907, 0000,  , LO, 17.4N,  59.0W,  25, 1010,    0,    0,    0,    0,    0,    0,    0,    0,    0,    0,    0,    0, -999
20100907, 0600,  , LO, 17.1N,  60.8W,  25, 1010,    0,    0,    0,    0,    0,    0,    0,    0,    0,    0,    0,    0, -999
20100907, 1200,  , LO, 16.8N,  62.7W,  25, 1010,    0,    0,    0,    0,    0,    0,    0,    0,    0,    0,    0,    0, -999
20100907, 1800,  , LO, 16.8N,  64.6W,  25, 1010,    0,    0,    0,    0,    0,    0,    0,    0,    0,    0,    0,    0, -999
20100908, 0000,  , LO, 17.0N,  66.3W,  25, 1010,    0,    0,    0,    0,    0,    0,    0,    0,    0,    0,    0,    0, -999
20100908, 0600,  , LO, 17.4N,  67.7W,  25, 1010,    0,    0,    0,    0,    0,    0,    0,    0,    0,    0,    0,    0, -999
AL102010,            HERMINE,     23,
20100904, 1800,  , LO, 17.5N,  95.6W,  20, 1006,    0,    0,    0,    0,    0,    0,    0,    0,    0,    0,    0,    0, -999
20100905, 0000,  , LO, 18.3N,  95.6W,  20, 1006,    0,    0,    0,    0,    0,    0,    0,    0,    0,    0,    0,    0, -999
20100905, 0600,  , LO, 19.0N,  95.6W,  20, 1006,    0,    0,    0,    0,    0,    0,    0,    0,    0,    0,    0,    0, -999
20100905, 1200,  , LO, 19.5N,  95.6W,  20, 1006,    0,    0,    0,    0,    0,    0,    0,    0,    0,    0,    0,    0, -999
20100905, 1800,  , TD, 20.0N,  95.5W,  25, 1004,    0,    0,    0,    0,    0,    0,    0,    0,    0,    0,    0,    0, -999
20100906, 0000,  , TD, 20.7N,  95.0W,  30, 1002,    0,    0,    0,    0,    0,    0,    0,    0,    0,    0,    0,    0, -999
20100906, 0600,  , TS, 21.8N,  95.1W,  40, 1001,   90,   60,    0,    0,    0,    0,    0,    0,    0,    0,    0,    0, -999
20100906, 1200,  , TS, 23.0N,  95.6W,  45,  998,   90,   90,    0,   30,    0,    0,    0,    0,    0,    0,    0,    0, -999
20100906, 1800,  , TS, 24.0N,  96.5W,  50,  995,   90,   90,   20,   30,   30,   30,    0,   20,    0,    0,    0,    0, -999
20100907, 0000,  , TS, 24.9N,  97.2W,  55,  991,   90,   60,   20,   30,   20,   20,    0,    0,    0,    0,    0,    0, -999
20100907, 0200, L, TS, 25.3N,  97.4W,  60,  989,   90,   60,   20,   30,   20,   20,    0,    0,    0,    0,    0,    0, -999
20100907, 0600,  , TS, 26.2N,  97.7W,  55,  990,   90,   75,   20,   30,   15,   15,    0,   15,    0,    0,    0,    0, -999
20100907, 1200,  , TS, 27.7N,  98.1W,  45,  991,   90,   90,    0,    0,    0,    0,    0,    0,    0,    0,    0,    0, -999
20100907, 1800,  , TS, 29.4N,  98.6W,  40,  996,   40,   40,    0,    0,    0,    0,    0,    0,    0,    0,    0,    0, -999
20100908, 0000,  , TD, 30.6N,  99.1W,  30, 1003,    0,    0,    0,    0,    0,    0,    0,    0,    0,    0,    0,    0, -999
20100908, 0600,  , TD, 31.6N,  99.5W,  25, 1004,    0,    0,    0,    0,    0,    0,    0,    0,    0,    0,    0,    0, -999
20100908, 1200,  , TD, 32.7N,  99.5W,  20, 1005,    0,    0,    0,    0,    0,    0,    0,    0,    0,    0,    0,    0, -999
20100908, 1800,  , TD, 33.7N,  98.7W,  20, 1005,    0,    0,    0,    0,    0,    0,    0,    0,    0,    0,    0,    0, -999
20100909, 0000,  , TD, 34.7N,  97.9W,  20, 1005,    0,    0,    0,    0,    0,    0,    0,    0,    0,    0,    0,    0, -999
20100909, 0600,  , TD, 35.5N,  97.2W,  20, 1005,    0,    0,    0,    0,    0,    0,    0,    0,    0,    0,    0,    0, -999
20100909, 1200,  , TD, 36.3N,  96.4W,  20, 1005,    0,    0,    0,    0,    0,    0,    0,    0,    0,    0,    0,    0, -999
20100909, 1800,  , LO, 37.0N,  95.5W,  20, 1005,    0,    0,    0,    0,    0,    0,    0,    0,    0,    0,    0,    0, -999
20100910, 0000,  , LO, 37.5N,  95.0W,  20, 1005,    0,    0,    0,    0,    0,    0,    0,    0,    0,    0,    0,    0, -999
AL112010,               IGOR,     61,
20100908, 0600,  , TD, 14.0N,  22.7W,  30, 1006,    0,    0,    0,    0,    0,    0,    0,    0,    0,    0,    0,    0, -999
20100908, 1200,  , TS, 13.8N,  23.3W,  40, 1005,    0,   45,   45,   30,    0,    0,    0,    0,    0,    0,    0,    0, -999
20100908, 1800,  , TS, 13.8N,  23.7W,  40, 1005,    0,   45,   45,   30,    0,    0,    0,    0,    0,    0,    0,    0, -999
20100909, 0000,  , TS, 13.8N,  24.1W,  40, 1005,    0,   45,   45,   30,    0,    0,    0,    0,    0,    0,    0,    0, -999
20100909, 0600,  , TS, 13.9N,  24.8W,  35, 1005,    0,   45,   45,   30,    0,    0,    0,    0,    0,    0,    0,    0, -999
20100909, 1200,  , TD, 14.2N,  25.5W,  30, 1006,    0,    0,    0,    0,    0,    0,    0,    0,    0,    0,    0,    0, -999
20100909, 1800,  , TD, 14.7N,  26.4W,  30, 1006,    0,    0,    0,    0,    0,    0,    0,    0,    0,    0,    0,    0, -999
20100910, 0000,  , TD, 15.4N,  27.5W,  30, 1004,    0,    0,    0,    0,    0,    0,    0,    0,    0,    0,    0,    0, -999
20100910, 0600,  , TD, 15.9N,  28.7W,  30, 1004,    0,    0,    0,    0,    0,    0,    0,    0,    0,    0,    0,    0, -999
20100910, 1200,  , TS, 16.3N,  30.4W,  35, 1004,    0,    0,   30,   30,    0,    0,    0,    0,    0,    0,    0,    0, -999
20100910, 1800,  , TS, 16.6N,  32.5W,  40, 1002,    0,    0,   40,   40,    0,    0,    0,    0,    0,    0,    0,    0, -999
20100911, 0000,  , TS, 16.9N,  34.8W,  50,  999,    0,    0,   40,   40,    0,    0,    0,   20,    0,    0,    0,    0, -999
20100911, 0600,  , TS, 17.1N,  37.0W,  60,  995,   40,   40,   40,   40,   20,    0,    0,   20,    0,    0,    0,    0, -999
20100911, 1200,  , TS, 17.3N,  38.7W,  60,  995,  100,   60,   60,  100,   45,   30,    0,   30,    0,    0,    0,    0, -999
20100911, 1800,  , TS, 17.4N,  40.4W,  60,  995,  100,   60,   60,  100,   45,   30,    0,   30,    0,    0,    0,    0, -999
20100912, 0000,  , HU, 17.6N,  42.0W,  65,  987,  100,   60,   60,  100,   45,   30,   20,   30,   15,    0,    0,   15, -999
20100912, 0600,  , HU, 17.7N,  43.5W,  70,  985,  100,   60,   60,  100,   45,   30,   20,   30,   15,    0,    0,   15, -999
20100912, 1200,  , HU, 17.7N,  44.9W,  90,  970,  120,   80,   80,  120,   50,   40,   30,   40,   30,   15,   15,   20, -999
20100912, 1800,  , HU, 17.7N,  46.1W, 115,  948,  140,  110,   90,  130,   70,   60,   40,   60,   30,   30,   15,   30, -999
20100913, 0000,  , HU, 17.7N,  47.3W, 130,  935,  140,  110,   90,  130,   70,   60,   40,   60,   30,   30,   15,   30, -999
20100913, 0600,  , HU, 17.6N,  48.3W, 130,  935,  150,  140,   90,  130,   70,   60,   50,   60,   30,   30,   15,   30, -999
20100913, 1200,  , HU, 17.6N,  49.3W, 130,  933,  150,  140,  100,  130,   80,   60,   50,   80,   45,   30,   30,   45, -999
20100913, 1800,  , HU, 17.6N,  50.2W, 125,  937,  180,  140,  110,  140,   90,   70,   60,   80,   45,   30,   30,   45, -999
20100914, 0000,  , HU, 17.7N,  50.9W, 125,  937,  180,  140,  110,  140,   90,   70,   60,   80,   45,   30,   30,   45, -999
20100914, 0600,  , HU, 17.9N,  51.5W, 115,  945,  180,  140,  110,  140,   90,   70,   60,   80,   45,   30,   30,   45, -999
20100914, 1200,  , HU, 18.2N,  52.1W, 115,  945,  180,  140,  110,  140,   90,   70,   60,   80,   45,   30,   30,   45, -999
20100914, 1800,  , HU, 18.6N,  52.8W, 125,  933,  210,  150,  130,  160,   90,   70,   60,   90,   45,   30,   30,   45, -999
20100915, 0000,  , HU, 18.9N,  53.5W, 135,  924,  210,  150,  130,  160,  100,   70,   60,   90,   45,   30,   30,   45, -999
20100915, 0600,  , HU, 19.2N,  54.1W, 125,  935,  210,  150,  130,  160,  100,   80,   60,   90,   45,   30,   30,   45, -999
20100915, 1200,  , HU, 19.5N,  54.7W, 115,  945,  210,  150,  130,  160,  100,   80,   60,   90,   45,   30,   30,   45, -999
20100915, 1800,  , HU, 19.8N,  55.3W, 115,  942,  210,  175,  140,  175,  120,   80,   60,  100,   45,   45,   30,   45, -999
20100916, 0000,  , HU, 20.1N,  56.0W, 120,  936,  240,  210,  180,  210,  120,   90,   80,  100,   60,   45,   45,   60, -999
20100916, 0600,  , HU, 20.4N,  56.5W, 125,  929,  240,  210,  180,  210,  130,   90,   80,  110,   60,   45,   45,   60, -999
20100916, 1200,  , HU, 20.8N,  57.1W, 120,  934,  240,  210,  180,  210,  130,   90,   80,  110,   60,   45,   45,   60, -999
20100916, 1800,  , HU, 21.4N,  57.8W, 115,  940,  250,  210,  180,  225,  140,  110,  100,  120,   90,   60,   45,   75, -999
20100917, 0000,  , HU, 21.8N,  58.4W, 115,  935,  250,  210,  180,  225,  140,  110,  100,  120,   90,   60,   45,   75, -999
20100917, 0600,  , HU, 22.2N,  59.1W, 110,  935,  250,  210,  180,  240,  140,  110,  100,  120,   90,   60,   45,   75, -999
20100917, 1200,  , HU, 22.8N,  59.9W, 100,  945,  250,  210,  180,  240,  140,  110,  100,  120,   90,   60,   45,   75, -999
20100917, 1800,  , HU, 23.5N,  60.7W,  90,  947,  300,  210,  200,  240,  160,  110,  130,  120,   90,   60,   45,   75, -999
20100918, 0000,  , HU, 24.2N,  61.6W,  90,  947,  300,  210,  200,  240,  160,  110,  130,  120,   90,   60,   45,   75, -999
20100918, 0600,  , HU, 24.9N,  62.5W,  85,  939,  300,  210,  200,  240,  160,  110,  130,  130,   90,   60,   45,   75, -999
20100918, 1200,  , HU, 25.7N,  63.3W,  85,  939,  300,  210,  200,  240,  160,  110,  130,  130,   90,   60,   45,   75, -999
20100918, 1800,  , HU, 26.6N,  64.0W,  80,  945,  300,  225,  200,  240,  160,  110,  110,  130,   80,   50,   45,   75, -999
20100919, 0000,  , HU, 27.5N,  64.6W,  80,  945,  300,  225,  200,  240,  160,  110,  110,  150,   80,   45,   45,   75, -999
20100919, 0600,  , HU, 28.4N,  65.2W,  75,  949,  300,  225,  200,  260,  160,  130,  120,  140,   75,   45,   60,   75, -999
20100919, 1200,  , HU, 29.6N,  65.6W,  75,  949,  300,  250,  200,  300,  160,  130,  120,  140,   75,   45,   60,   75, -999
20100919, 1800,  , HU, 30.8N,  65.9W,  70,  952,  300,  250,  200,  300,  180,  150,  120,  150,   75,   60,   60,   75, -999
20100920, 0000,  , HU, 31.9N,  65.7W,  65,  953,  300,  250,  200,  300,  180,  150,  120,  150,   75,   60,   75,   75, -999
20100920, 0600,  , HU, 33.2N,  65.2W,  65,  957,  350,  300,  250,  300,  180,  150,  120,  160,   75,   50,   75,   75, -999
20100920, 1200,  , HU, 35.1N,  64.2W,  65,  960,  350,  300,  250,  300,  180,  150,  120,  160,   75,   50,   75,   75, -999
20100920, 1800,  , HU, 37.2N,  62.6W,  65,  960,  350,  300,  250,  300,  180,  150,  120,  160,   75,   45,   60,   75, -999
20100921, 0000,  , HU, 39.0N,  60.4W,  65,  960,  400,  350,  300,  350,  200,  180,  140,  160,   75,   45,   60,   75, -999
20100921, 0600,  , HU, 41.5N,  57.0W,  65,  960,  400,  350,  300,  350,  210,  180,  140,  160,   75,   45,   60,   75, -999
20100921, 1200,  , HU, 44.8N,  54.4W,  65,  955,  400,  350,  350,  350,  200,  180,  140,  160,   75,   45,   60,   75, -999
20100921, 1500, L, HU, 46.6N,  53.2W,  75,  950,  400,  350,  350,  350,  200,  180,  140,  160,   75,   45,   60,   75, -999
20100921, 1800,  , EX, 48.5N,  52.1W,  75,  950,  450,  400,  350,  400,  220,  210,  160,  180,    0,   75,   75,   75, -999
20100922, 0000,  , EX, 51.5N,  50.5W,  75,  950,  450,  400,  350,  400,  220,  210,  160,  180,    0,   75,   75,   75, -999
20100922, 0600,  , EX, 53.5N,  49.5W,  70,  950,  450,  400,  350,  400,  220,  210,  160,  180,    0,   75,   75,   75, -999
20100922, 1200,  , EX, 55.5N,  49.4W,  70,  950,  450,  400,  350,  400,  220,  240,  160,  180,    0,   75,   75,   75, -999
20100922, 1800,  , EX, 57.0N,  50.0W,  65,  955,  450,  400,  350,  400,  220,  240,  160,  180,    0,   75,   75,   75, -999
20100923, 0000,  , EX, 58.5N,  51.0W,  60,  960,  450,  400,  350,  400,  220,  240,  160,  180,    0,    0,    0,    0, -999
AL122010,              JULIA,     51,
20100912, 0600,  , TD, 12.9N,  20.5W,  30, 1007,    0,    0,    0,    0,    0,    0,    0,    0,    0,    0,    0,    0, -999
20100912, 1200,  , TD, 13.0N,  21.3W,  30, 1006,    0,    0,    0,    0,    0,    0,    0,    0,    0,    0,    0,    0, -999
20100912, 1800,  , TS, 13.1N,  22.1W,  35, 1005,   45,   45,    0,   60,    0,    0,    0,    0,    0,    0,    0,    0, -999
20100913, 0000,  , TS, 13.5N,  23.1W,  40, 1004,   45,   45,   45,   60,    0,    0,    0,    0,    0,    0,    0,    0, -999
20100913, 0600,  , TS, 14.0N,  24.2W,  40, 1004,   45,   45,   45,   60,    0,    0,    0,    0,    0,    0,    0,    0, -999
20100913, 1200,  , TS, 14.5N,  25.4W,  40, 1004,   45,   45,   45,   60,    0,    0,    0,    0,    0,    0,    0,    0, -999
20100913, 1800,  , TS, 15.0N,  26.5W,  45, 1003,   45,   45,   45,   60,    0,    0,    0,    0,    0,    0,    0,    0, -999
20100914, 0000,  , TS, 15.3N,  27.5W,  45, 1002,   60,   45,   45,   60,    0,    0,    0,    0,    0,    0,    0,    0, -999
20100914, 0600,  , TS, 15.6N,  28.4W,  60,  994,   60,   45,   45,   60,   30,   20,   20,   20,    0,    0,    0,    0, -999
20100914, 1200,  , HU, 15.9N,  29.2W,  70,  987,   75,   60,   45,   60,   30,   30,   20,   30,   20,   20,    0,   20, -999
20100914, 1800,  , HU, 16.1N,  29.9W,  80,  979,   75,   60,   60,   60,   30,   30,   20,   30,   20,   20,    0,   20, -999
20100915, 0000,  , HU, 16.4N,  30.6W,  90,  973,   90,   60,   60,   60,   30,   30,   20,   30,   20,   20,    0,   20, -999
20100915, 0600,  , HU, 16.9N,  31.4W, 110,  956,   90,   75,   75,   75,   40,   30,   30,   30,   30,   20,   20,   20, -999
20100915, 1200,  , HU, 17.7N,  32.2W, 120,  948,  105,   75,   75,   90,   40,   30,   30,   30,   30,   20,   20,   20, -999
20100915, 1800,  , HU, 18.8N,  33.0W, 115,  951,  105,   90,   75,  105,   50,   40,   30,   40,   30,   20,   20,   30, -999
20100916, 0000,  , HU, 19.9N,  34.1W, 105,  958,  105,   90,   75,  105,   50,   40,   30,   40,   30,   20,   20,   30, -999
20100916, 0600,  , HU, 20.9N,  35.8W, 100,  962,  120,  105,   75,  120,   60,   50,   30,   50,   30,   20,   20,   30, -999
20100916, 1200,  , HU, 21.8N,  37.7W,  90,  970,  120,  105,   75,  120,   60,   50,   30,   50,   30,   20,   20,   30, -999
20100916, 1800,  , HU, 22.7N,  40.0W,  80,  977,  120,  105,   75,  120,   60,   50,   30,   50,   30,   20,   20,   30, -999
20100917, 0000,  , HU, 23.1N,  42.0W,  75,  981,  105,  105,   75,  105,   60,   50,   30,   50,   30,   20,   20,   30, -999
20100917, 0600,  , HU, 23.5N,  44.0W,  75,  981,  105,  105,   75,  105,   60,   50,   30,   50,   30,   20,   20,   30, -999
20100917, 1200,  , HU, 23.9N,  45.8W,  70,  983,  105,  105,   75,  105,   60,   50,   30,   50,   30,   20,   20,   30, -999
20100917, 1800,  , HU, 24.6N,  47.4W,  65,  986,  120,  105,   75,  105,   60,   50,   30,   50,   30,   20,    0,   30, -999
20100918, 0000,  , TS, 25.6N,  48.7W,  60,  988,  135,  120,   75,  105,   70,   50,   30,   40,    0,    0,    0,    0, -999
20100918, 0600,  , TS, 26.9N,  49.8W,  55,  991,  150,  135,   75,  105,   80,   60,   30,   40,    0,    0,    0,    0, -999
20100918, 1200,  , TS, 28.3N,  50.7W,  50,  994,  150,  150,   75,  105,   90,   60,    0,    0,    0,    0,    0,    0, -999
20100918, 1800,  , TS, 29.8N,  51.4W,  50,  993,  150,  165,   75,  105,  100,   70,    0,    0,    0,    0,    0,    0, -999
20100919, 0000,  , TS, 31.4N,  51.8W,  55,  989,  150,  180,   75,  105,  100,   80,    0,   30,    0,    0,    0,    0, -999
20100919, 0600,  , TS, 32.8N,  52.0W,  50,  993,  150,  180,   75,  105,  100,   80,    0,   30,    0,    0,    0,    0, -999
20100919, 1200,  , TS, 33.9N,  51.4W,  45,  995,  150,  180,   90,  105,    0,    0,    0,    0,    0,    0,    0,    0, -999
20100919, 1800,  , TS, 34.6N,  50.2W,  45,  995,  150,  195,  105,  105,    0,    0,    0,    0,    0,    0,    0,    0, -999
20100920, 0000,  , TS, 34.9N,  49.2W,  45,  995,  150,  210,  120,  105,    0,    0,    0,    0,    0,    0,    0,    0, -999
20100920, 0600,  , TS, 34.9N,  48.0W,  40,  997,  150,  195,  105,  105,    0,    0,    0,    0,    0,    0,    0,    0, -999
20100920, 1200,  , TS, 34.7N,  46.9W,  40,  999,  150,  180,   90,  120,    0,    0,    0,    0,    0,    0,    0,    0, -999
20100920, 1800,  , LO, 34.6N,  46.0W,  40, 1002,  135,  150,   75,  120,    0,    0,    0,    0,    0,    0,    0,    0, -999
20100921, 0000,  , LO, 34.4N,  45.1W,  40, 1003,  135,  120,    0,  120,    0,    0,    0,    0,    0,    0,    0,    0, -999
20100921, 0600,  , LO, 34.4N,  44.1W,  35, 1004,  120,   90,    0,  105,    0,    0,    0,    0,    0,    0,    0,    0, -999
20100921, 1200,  , LO, 34.5N,  43.0W,  35, 1005,   90,    0,    0,   75,    0,    0,    0,    0,    0,    0,    0,    0, -999
20100921, 1800,  , LO, 34.5N,  41.9W,  30, 1006,    0,    0,    0,    0,    0,    0,    0,    0,    0,    0,    0,    0, -999
20100922, 0000,  , LO, 34.3N,  40.9W,  30, 1007,    0,    0,    0,    0,    0,    0,    0,    0,    0,    0,    0,    0, -999
20100922, 0600,  , LO, 33.9N,  39.9W,  30, 1007,    0,    0,    0,    0,    0,    0,    0,    0,    0,    0,    0,    0, -999
20100922, 1200,  , LO, 33.6N,  38.8W,  30, 1007,    0,    0,    0,    0,    0,    0,    0,    0,    0,    0,    0,    0, -999
20100922, 1800,  , LO, 33.2N,  38.0W,  30, 1008,    0,    0,    0,    0,    0,    0,    0,    0,    0,    0,    0,    0, -999
20100923, 0000,  , LO, 33.0N,  37.8W,  30, 1008,    0,    0,    0,    0,    0,    0,    0,    0,    0,    0,    0,    0, -999
20100923, 0600,  , LO, 32.7N,  37.7W,  30, 1009,    0,    0,    0,    0,    0,    0,    0,    0,    0,    0,    0,    0, -999
20100923, 1200,  , LO, 32.4N,  37.8W,  30, 1009,    0,    0,    0,    0,    0,    0,    0,    0,    0,    0,    0,    0, -999
20100923, 1800,  , LO, 32.0N,  38.6W,  30, 1010,    0,    0,    0,    0,    0,    0,    0,    0,    0,    0,    0,    0, -999
20100924, 0000,  , LO, 31.5N,  40.0W,  30, 1010,    0,    0,    0,    0,    0,    0,    0,    0,    0,    0,    0,    0, -999
20100924, 0600,  , LO, 31.2N,  41.6W,  30, 1011,    0,    0,    0,    0,    0,    0,    0,    0,    0,    0,    0,    0, -999
20100924, 1200,  , LO, 30.9N,  43.1W,  30, 1011,    0,    0,    0,    0,    0,    0,    0,    0,    0,    0,    0,    0, -999
20100924, 1800,  , LO, 30.6N,  44.3W,  30, 1012,    0,    0,    0,    0,    0,    0,    0,    0,    0,    0,    0,    0, -999
AL132010,               KARL,     22,
20100913, 1800,  , LO, 16.3N,  78.5W,  25, 1005,    0,    0,    0,    0,    0,    0,    0,    0,    0,    0,    0,    0, -999
20100914, 0000,  , LO, 16.6N,  79.8W,  25, 1004,    0,    0,    0,    0,    0,    0,    0,    0,    0,    0,    0,    0, -999
20100914, 0600,  , LO, 17.0N,  81.1W,  25, 1003,    0,    0,    0,    0,    0,    0,    0,    0,    0,    0,    0,    0, -999
20100914, 1200,  , TD, 17.6N,  82.3W,  30, 1003,    0,    0,    0,    0,    0,    0,    0,    0,    0,    0,    0,    0, -999
20100914, 1800,  , TS, 18.1N,  83.6W,  35, 1001,   10,   10,    0,    0,    0,    0,    0,    0,    0,    0,    0,    0, -999
20100915, 0000,  , TS, 18.3N,  85.0W,  40,  999,   25,   15,    0,   15,    0,    0,    0,    0,    0,    0,    0,    0, -999
20100915, 0600,  , TS, 18.3N,  86.2W,  55,  997,   40,   30,   30,   40,   30,   25,   25,   30,    0,    0,    0,    0, -999
20100915, 1200,  , TS, 18.5N,  87.6W,  55,  991,   45,   30,   30,   45,   30,   25,   25,   30,    0,    0,    0,    0, -999
20100915, 1245, L, TS, 18.5N,  87.8W,  55,  991,   45,   30,   30,   45,   30,   25,   25,   30,    0,    0,    0,    0, -999
20100915, 1800,  , TS, 18.8N,  88.8W,  45,  994,   35,   20,   20,   35,    0,    0,    0,    0,    0,    0,    0,    0, -999
20100916, 0000,  , TS, 19.2N,  90.1W,  40,  997,    0,    0,   50,   50,    0,    0,    0,    0,    0,    0,    0,    0, -999
20100916, 0600,  , TS, 19.4N,  91.1W,  45,  994,   15,   15,   60,   50,    0,    0,    0,    0,    0,    0,    0,    0, -999
20100916, 1200,  , TS, 19.6N,  92.2W,  55,  986,   45,   50,   60,   50,   25,    0,    0,   25,    0,    0,    0,    0, -999
20100916, 1800,  , HU, 19.6N,  93.3W,  70,  982,   60,   50,   50,   60,   25,   15,   15,   25,   10,    0,    0,   10, -999
20100917, 0000,  , HU, 19.7N,  94.1W,  85,  971,   90,   50,   50,   75,   30,   15,   15,   25,   15,    0,    0,   10, -999
20100917, 0600,  , HU, 19.7N,  94.9W,  95,  966,   90,   70,   70,   90,   40,   40,   40,   40,   20,   15,   15,   20, -999
20100917, 1200,  , HU, 19.6N,  95.6W, 110,  956,   80,   70,   70,   80,   40,   30,   30,   40,   20,   15,   15,   20, -999
20100917, 1500, T, HU, 19.4N,  96.0W, 110,  970,   80,   70,   70,   80,   40,   30,   30,   40,   20,   15,   15,   20, -999
20100917, 1645, L, HU, 19.3N,  96.2W, 100,  976,   80,   70,   70,   80,   40,   30,   30,   40,   20,   15,   15,   20, -999
20100917, 1800,  , HU, 19.2N,  96.4W,  90,  979,   80,   70,   50,   80,   40,   30,   25,   40,   20,   15,   10,   20, -999
20100918, 0000,  , TS, 18.7N,  97.1W,  60,  995,   30,   30,   30,   30,   15,   15,   15,   15,    0,    0,    0,    0, -999
20100918, 0600,  , TD, 18.6N,  97.4W,  25, 1005,    0,    0,    0,    0,    0,    0,    0,    0,    0,    0,    0,    0, -999
AL142010,               LISA,     38,
20100920, 0000,  , LO, 15.2N,  32.0W,  25, 1008,    0,    0,    0,    0,    0,    0,    0,    0,    0,    0,    0,    0, -999
20100920, 0600,  , LO, 15.5N,  32.1W,  25, 1007,    0,    0,    0,    0,    0,    0,    0,    0,    0,    0,    0,    0, -999
20100920, 1200,  , LO, 15.9N,  32.1W,  25, 1007,    0,    0,    0,    0,    0,    0,    0,    0,    0,    0,    0,    0, -999
20100920, 1800,  , TD, 16.3N,  32.0W,  30, 1006,    0,    0,    0,    0,    0,    0,    0,    0,    0,    0,    0,    0, -999
20100921, 0000,  , TS, 16.8N,  31.9W,  35, 1005,   35,   35,    0,   20,    0,    0,    0,    0,    0,    0,    0,    0, -999
20100921, 0600,  , TS, 17.3N,  31.8W,  40, 1003,   35,   35,    0,   20,    0,    0,    0,    0,    0,    0,    0,    0, -999
20100921, 1200,  , TS, 17.7N,  31.7W,  40, 1002,   35,   35,   25,   25,    0,    0,    0,    0,    0,    0,    0,    0, -999
20100921, 1800,  , TS, 17.8N,  31.5W,  40, 1002,   35,   35,   35,   35,    0,    0,    0,    0,    0,    0,    0,    0, -999
20100922, 0000,  , TS, 17.6N,  31.3W,  35, 1003,   40,   40,   40,   40,    0,    0,    0,    0,    0,    0,    0,    0, -999
20100922, 0600,  , TS, 17.3N,  30.9W,  35, 1003,   40,   40,   40,   40,    0,    0,    0,    0,    0,    0,    0,    0, -999
20100922, 1200,  , TS, 17.3N,  30.4W,  35, 1003,   40,   40,   40,   40,    0,    0,    0,    0,    0,    0,    0,    0, -999
20100922, 1800,  , TD, 17.4N,  30.0W,  30, 1005,    0,    0,    0,    0,    0,    0,    0,    0,    0,    0,    0,    0, -999
20100923, 0000,  , TD, 17.5N,  29.7W,  30, 1005,    0,    0,    0,    0,    0,    0,    0,    0,    0,    0,    0,    0, -999
20100923, 0600,  , TD, 17.5N,  29.3W,  30, 1005,    0,    0,    0,    0,    0,    0,    0,    0,    0,    0,    0,    0, -999
20100923, 1200,  , TS, 17.5N,  28.8W,  35, 1004,   40,   40,    0,   40,    0,    0,    0,    0,    0,    0,    0,    0, -999
20100923, 1800,  , TS, 17.6N,  28.3W,  35, 1003,   40,   40,   20,   40,    0,    0,    0,    0,    0,    0,    0,    0, -999
20100924, 0000,  , TS, 17.9N,  28.0W,  35, 1002,   40,   40,   20,   40,    0,    0,    0,    0,    0,    0,    0,    0, -999
20100924, 0600,  , TS, 18.3N,  27.7W,  40, 1001,   40,   40,   30,   40,    0,    0,    0,    0,    0,    0,    0,    0, -999
20100924, 1200,  , TS, 19.0N,  27.6W,  50,  998,   40,   40,   30,   40,   15,   15,    0,    0,    0,    0,    0,    0, -999
20100924, 1800,  , TS, 19.7N,  27.7W,  60,  993,   50,   40,   30,   40,   15,   15,   10,   15,    0,    0,    0,    0, -999
20100924, 2100, S, HU, 20.0N,  27.7W,  65,  988,   50,   40,   30,   40,   20,   15,   10,   20,   10,   10,    0,   10, -999
20100925, 0000,  , HU, 20.4N,  27.8W,  75,  982,   50,   40,   30,   40,   20,   15,   10,   20,   10,   10,    0,   10, -999
20100925, 0600,  , HU, 21.3N,  28.0W,  70,  986,   50,   40,   30,   40,   20,   15,   10,   20,   10,   10,    0,   10, -999
20100925, 1200,  , TS, 22.3N,  28.3W,  60,  990,   50,   40,   30,   40,   20,   15,   10,   20,    0,    0,    0,    0, -999
20100925, 1800,  , TS, 23.2N,  28.6W,  50,  996,   50,   40,   30,   40,   15,    0,    0,   15,    0,    0,    0,    0, -999
20100926, 0000,  , TS, 24.0N,  28.8W,  40, 1002,   50,   40,   20,   40,    0,    0,    0,    0,    0,    0,    0,    0, -999
20100926, 0600,  , TS, 24.8N,  28.9W,  35, 1004,   50,   40,    0,   40,    0,    0,    0,    0,    0,    0,    0,    0, -999
20100926, 1200,  , TD, 25.3N,  29.0W,  30, 1006,    0,    0,    0,    0,    0,    0,    0,    0,    0,    0,    0,    0, -999
20100926, 1800,  , LO, 25.8N,  29.2W,  30, 1007,    0,    0,    0,    0,    0,    0,    0,    0,    0,    0,    0,    0, -999
20100927, 0000,  , LO, 26.3N,  29.6W,  30, 1008,    0,    0,    0,    0,    0,    0,    0,    0,    0,    0,    0,    0, -999
20100927, 0600,  , LO, 26.8N,  30.1W,  30, 1009,    0,    0,    0,    0,    0,    0,    0,    0,    0,    0,    0,    0, -999
20100927, 1200,  , LO, 27.4N,  30.6W,  30, 1011,    0,    0,    0,    0,    0,    0,    0,    0,    0,    0,    0,    0, -999
20100927, 1800,  , LO, 28.0N,  31.1W,  30, 1013,    0,    0,    0,    0,    0,    0,    0,    0,    0,    0,    0,    0, -999
20100928, 0000,  , LO, 28.6N,  31.5W,  30, 1013,    0,    0,    0,    0,    0,    0,    0,    0,    0,    0,    0,    0, -999
20100928, 0600,  , LO, 29.1N,  31.7W,  30, 1015,    0,    0,    0,    0,    0,    0,    0,    0,    0,    0,    0,    0, -999
20100928, 1200,  , LO, 29.5N,  31.7W,  30, 1015,    0,    0,    0,    0,    0,    0,    0,    0,    0,    0,    0,    0, -999
20100928, 1800,  , LO, 29.9N,  31.6W,  25, 1016,    0,    0,    0,    0,    0,    0,    0,    0,    0,    0,    0,    0, -999
20100929, 0000,  , LO, 30.2N,  31.5W,  25, 1016,    0,    0,    0,    0,    0,    0,    0,    0,    0,    0,    0,    0, -999
AL152010,            MATTHEW,     16,
20100923, 1200,  , TD, 13.7N,  74.8W,  30, 1008,    0,    0,    0,    0,    0,    0,    0,    0,    0,    0,    0,    0, -999
20100923, 1800,  , TS, 13.9N,  76.2W,  35, 1007,   90,    0,    0,    0,    0,    0,    0,    0,    0,    0,    0,    0, -999
20100924, 0000,  , TS, 14.0N,  77.7W,  40, 1005,   75,    0,    0,   40,    0,    0,    0,    0,    0,    0,    0,    0, -999
20100924, 0600,  , TS, 14.0N,  79.3W,  45, 1003,   75,    0,    0,   40,    0,    0,    0,    0,    0,    0,    0,    0, -999
20100924, 1200,  , TS, 14.2N,  81.1W,  45, 1001,  105,    0,    0,   75,    0,    0,    0,    0,    0,    0,    0,    0, -999
20100924, 1800,  , TS, 14.6N,  83.0W,  50,  998,  150,   30,    0,  120,   45,    0,    0,    0,    0,    0,    0,    0, -999
20100924, 1900, L, TS, 14.7N,  83.3W,  50,  998,  150,   30,    0,  120,   45,    0,    0,    0,    0,    0,    0,    0, -999
20100925, 0000,  , TS, 15.2N,  84.6W,  50,  998,  150,   75,    0,  120,   45,    0,    0,    0,    0,    0,    0,    0, -999
20100925, 0600,  , TS, 15.8N,  86.1W,  45,  998,  150,    0,    0,  120,    0,    0,    0,    0,    0,    0,    0,    0, -999
20100925, 1200,  , TS, 16.3N,  87.7W,  35, 1000,  120,    0,    0,   30,    0,    0,    0,    0,    0,    0,    0,    0, -999
20100925, 1500, L, TS, 16.5N,  88.4W,  35, 1000,  120,    0,    0,   30,    0,    0,    0,    0,    0,    0,    0,    0, -999
20100925, 1800,  , TD, 16.7N,  89.4W,  30, 1000,    0,    0,    0,    0,    0,    0,    0,    0,    0,    0,    0,    0, -999
20100926, 0000,  , TD, 17.0N,  90.8W,  30, 1001,    0,    0,    0,    0,    0,    0,    0,    0,    0,    0,    0,    0, -999
20100926, 0600,  , TD, 17.3N,  91.9W,  25, 1002,    0,    0,    0,    0,    0,    0,    0,    0,    0,    0,    0,    0, -999
20100926, 1200,  , LO, 17.5N,  92.8W,  20, 1002,    0,    0,    0,    0,    0,    0,    0,    0,    0,    0,    0,    0, -999
20100926, 1800,  , LO, 17.2N,  93.3W,  20, 1003,    0,    0,    0,    0,    0,    0,    0,    0,    0,    0,    0,    0, -999
AL162010,             NICOLE,     12,
20100928, 0000,  , LO, 19.4N,  84.1W,  25, 1003,    0,    0,    0,    0,    0,    0,    0,    0,    0,    0,    0,    0, -999
20100928, 0600,  , LO, 19.8N,  83.5W,  30, 1003,    0,    0,    0,    0,    0,    0,    0,    0,    0,    0,    0,    0, -999
20100928, 1200,  , TS, 20.4N,  83.0W,  35, 1001,    0,  300,    0,    0,    0,    0,    0,    0,    0,    0,    0,    0, -999
20100928, 1800,  , TS, 21.0N,  82.7W,  40,  999,    0,  300,    0,    0,    0,    0,    0,    0,    0,    0,    0,    0, -999
20100929, 0000,  , TS, 21.4N,  82.2W,  35,  997,    0,  300,    0,    0,    0,    0,    0,    0,    0,    0,    0,    0, -999
20100929, 0600,  , TS, 21.7N,  81.6W,  35,  996,    0,  300,  300,    0,    0,    0,    0,    0,    0,    0,    0,    0, -999
20100929, 1200,  , TS, 21.9N,  81.0W,  40,  995,    0,  300,  300,    0,    0,    0,    0,    0,    0,    0,    0,    0, -999
20100929, 1500, S, LO, 22.2N,  80.5W,  40,  995,    0,  300,  300,    0,    0,    0,    0,    0,    0,    0,    0,    0, -999
20100929, 1800,  , LO, 23.3N,  80.1W,  40,  994,  120,  300,    0,    0,    0,    0,    0,    0,    0,    0,    0,    0, -999
20100930, 0000,  , LO, 24.7N,  79.6W,  40,  994,  120,  300,    0,    0,    0,    0,    0,    0,    0,    0,    0,    0, -999
20100930, 0600,  , EX, 26.1N,  79.0W,  40,  995,  180,  300,    0,    0,    0,    0,    0,    0,    0,    0,    0,    0, -999
20100930, 1200,  , EX, 27.4N,  78.5W,  40,  996,  180,  300,    0,    0,    0,    0,    0,    0,    0,    0,    0,    0, -999
AL172010,               OTTO,     47,
20101006, 0600,  , SD, 22.0N,  67.2W,  30, 1000,    0,    0,    0,    0,    0,    0,    0,    0,    0,    0,    0,    0, -999
20101006, 1200,  , SS, 22.6N,  67.8W,  40,  995,  100,  100,   80,   80,    0,    0,    0,    0,    0,    0,    0,    0, -999
20101006, 1800,  , SS, 23.0N,  68.1W,  50,  991,  100,  100,   80,   80,    0,   40,   40,    0,    0,    0,    0,    0, -999
20101007, 0000,  , SS, 23.2N,  68.2W,  55,  989,  100,  100,   80,   80,    0,   40,   40,    0,    0,    0,    0,    0, -999
20101007, 0600,  , SS, 23.4N,  68.3W,  50,  990,  100,  100,   80,   80,    0,   40,   40,    0,    0,    0,    0,    0, -999
20101007, 1200,  , TS, 23.6N,  68.3W,  45,  994,  100,  100,   80,   80,    0,    0,    0,    0,    0,    0,    0,    0, -999
20101007, 1800,  , TS, 23.8N,  67.8W,  50,  992,  100,  120,   80,   60,   30,   30,    0,    0,    0,    0,    0,    0, -999
20101008, 0000,  , TS, 24.0N,  67.0W,  55,  989,  100,  150,   80,   60,   40,   40,    0,    0,    0,    0,    0,    0, -999
20101008, 0600,  , TS, 24.4N,  66.1W,  60,  986,  100,  150,   80,   60,   40,   40,    0,    0,    0,    0,    0,    0, -999
20101008, 1200,  , HU, 25.2N,  64.8W,  65,  983,  100,  170,   80,   60,   40,   50,   40,    0,   20,   25,   15,    0, -999
20101008, 1800,  , HU, 26.2N,  63.3W,  70,  980,  100,  170,   80,   60,   40,   60,   40,    0,   20,   25,   15,    0, -999
20101009, 0000,  , HU, 27.2N,  61.7W,  75,  976,  110,  190,   60,   70,   40,   60,   40,    0,   20,   25,   15,    0, -999
20101009, 0600,  , HU, 28.5N,  59.7W,  75,  978,  110,  190,   60,   70,   50,   70,   40,    0,   25,   30,   15,    0, -999
20101009, 1200,  , HU, 30.0N,  57.3W,  70,  981,  110,  190,   60,   70,   50,   70,   40,    0,   25,   30,   15,    0, -999
20101009, 1800,  , HU, 31.4N,  54.3W,  65,  985,  110,  190,   60,   70,   50,   70,   40,    0,   25,   30,   15,    0, -999
20101010, 0000,  , TS, 32.7N,  50.9W,  60,  988,  110,  190,   90,   70,   50,   70,   40,    0,    0,    0,    0,    0, -999
20101010, 0600,  , EX, 34.3N,  47.0W,  55,  988,  120,  220,  120,   80,   50,   90,   60,    0,    0,    0,    0,    0, -999
20101010, 1200,  , EX, 36.4N,  42.6W,  55,  988,  120,  220,  120,   80,   50,   90,   90,    0,    0,    0,    0,    0, -999
20101010, 1800,  , EX, 38.2N,  38.1W,  55,  988,  120,  240,  180,   80,   50,   90,   90,    0,    0,    0,    0,    0, -999
20101011, 0000,  , EX, 40.3N,  33.8W,  50,  992,  120,  240,  240,   60,    0,   90,  120,    0,    0,    0,    0,    0, -999
20101011, 0600,  , EX, 42.0N,  30.8W,  45,  995,  150,  200,  240,   60,    0,    0,    0,    0,    0,    0,    0,    0, -999
20101011, 1200,  , EX, 43.1N,  28.1W,  40,  998,  150,  150,  240,    0,    0,    0,    0,    0,    0,    0,    0,    0, -999
20101011, 1800,  , EX, 43.5N,  26.3W,  40,  998,  150,  150,  240,    0,    0,    0,    0,    0,    0,    0,    0,    0, -999
20101012, 0000,  , EX, 43.4N,  25.3W,  35, 1002,  100,  100,  200,    0,    0,    0,    0,    0,    0,    0,    0,    0, -999
20101012, 0600,  , EX, 42.4N,  24.6W,  35, 1004,  100,    0,  150,    0,    0,    0,    0,    0,    0,    0,    0,    0, -999
20101012, 1200,  , EX, 41.4N,  24.0W,  35, 1004,  100,    0,    0,  100,    0,    0,    0,    0,    0,    0,    0,    0, -999
20101012, 1800,  , EX, 40.3N,  23.5W,  35, 1006,    0,    0,    0,  100,    0,    0,    0,    0,    0,    0,    0,    0, -999
20101013, 0000,  , EX, 39.3N,  23.0W,  35, 1004,    0,    0,    0,  100,    0,    0,    0,    0,    0,    0,    0,    0, -999
20101013, 0600,  , EX, 38.4N,  22.7W,  35, 1004,    0,    0,    0,  100,    0,    0,    0,    0,    0,    0,    0,    0, -999
20101013, 1200,  , EX, 37.6N,  22.6W,  35, 1004,    0,    0,    0,  100,    0,    0,    0,    0,    0,    0,    0,    0, -999
20101013, 1800,  , EX, 36.7N,  22.4W,  35, 1004,    0,    0,    0,  100,    0,    0,    0,    0,    0,    0,    0,    0, -999
20101014, 0000,  , EX, 35.8N,  22.2W,  35, 1004,    0,    0,    0,  100,    0,    0,    0,    0,    0,    0,    0,    0, -999
20101014, 0600,  , LO, 35.0N,  22.0W,  30, 1005,    0,    0,    0,    0,    0,    0,    0,    0,    0,    0,    0,    0, -999
20101014, 1200,  , LO, 34.4N,  21.4W,  30, 1005,    0,    0,    0,    0,    0,    0,    0,    0,    0,    0,    0,    0, -999
20101014, 1800,  , LO, 34.0N,  20.6W,  30, 1005,    0,    0,    0,    0,    0,    0,    0,    0,    0,    0,    0,    0, -999
20101015, 0000,  , LO, 33.8N,  19.9W,  30, 1006,    0,    0,    0,    0,    0,    0,    0,    0,    0,    0,    0,    0, -999
20101015, 0600,  , LO, 33.6N,  19.2W,  30, 1006,    0,    0,    0,    0,    0,    0,    0,    0,    0,    0,    0,    0, -999
20101015, 1200,  , LO, 33.4N,  18.5W,  30, 1006,    0,    0,    0,    0,    0,    0,    0,    0,    0,    0,    0,    0, -999
20101015, 1800,  , LO, 33.2N,  17.8W,  30, 1006,    0,    0,    0,    0,    0,    0,    0,    0,    0,    0,    0,    0, -999
20101016, 0000,  , LO, 33.0N,  17.1W,  25, 1006,    0,    0,    0,    0,    0,    0,    0,    0,    0,    0,    0,    0, -999
20101016, 0600,  , LO, 32.8N,  16.5W,  25, 1006,    0,    0,    0,    0,    0,    0,    0,    0,    0,    0,    0,    0, -999
20101016, 1200,  , LO, 32.6N,  15.9W,  25, 1007,    0,    0,    0,    0,    0,    0,    0,    0,    0,    0,    0,    0, -999
20101016, 1800,  , LO, 32.4N,  15.3W,  25, 1007,    0,    0,    0,    0,    0,    0,    0,    0,    0,    0,    0,    0, -999
20101017, 0000,  , LO, 32.3N,  14.7W,  25, 1008,    0,    0,    0,    0,    0,    0,    0,    0,    0,    0,    0,    0, -999
20101017, 0600,  , LO, 32.1N,  14.5W,  25, 1010,    0,    0,    0,    0,    0,    0,    0,    0,    0,    0,    0,    0, -999
20101017, 1200,  , LO, 31.9N,  14.6W,  20, 1010,    0,    0,    0,    0,    0,    0,    0,    0,    0,    0,    0,    0, -999
20101017, 1800,  , LO, 31.7N,  14.7W,  20, 1012,    0,    0,    0,    0,    0,    0,    0,    0,    0,    0,    0,    0, -999
AL182010,              PAULA,     21,
20101011, 0000,  , TD, 13.9N,  81.8W,  30, 1006,    0,    0,    0,    0,    0,    0,    0,    0,    0,    0,    0,    0, -999
20101011, 0600,  , TS, 14.4N,  82.5W,  35, 1005,   30,   30,    0,   30,    0,    0,    0,    0,    0,    0,    0,    0, -999
20101011, 1200, L, TS, 15.0N,  83.2W,  45, 1004,   30,   30,    0,   45,    0,    0,    0,    0,    0,    0,    0,    0, -999
20101011, 1800,  , TS, 15.7N,  83.8W,  60, 1001,   30,   30,   20,   60,    0,    0,    0,   40,    0,    0,    0,    0, -999
20101012, 0000,  , HU, 16.5N,  84.4W,  65,  996,   45,   45,   30,   45,   20,   20,    0,   30,   10,   10,    0,   10, -999
20101012, 0600,  , HU, 17.3N,  85.0W,  65,  991,   45,   60,   30,   30,   20,   20,   20,   20,   10,   10,   10,   10, -999
20101012, 1200,  , HU, 18.1N,  85.6W,  75,  986,   45,   60,   30,   30,   20,   20,   20,   20,   10,   10,   10,   10, -999
20101012, 1800,  , HU, 18.8N,  85.9W,  90,  981,   50,   50,   45,   45,   25,   25,   20,   20,   20,   15,   15,   15, -999
20101013, 0000,  , HU, 19.6N,  86.0W,  90,  981,   50,   50,   45,   45,   25,   25,   20,   20,   20,   15,   15,   15, -999
20101013, 0600,  , HU, 20.3N,  86.0W,  85,  984,   50,   45,   45,   45,   25,   25,   20,   20,   15,   15,   10,   10, -999
20101013, 1200,  , HU, 20.9N,  85.9W,  85,  987,   50,   45,   45,   45,   25,   25,   20,   20,   15,   15,   10,   10, -999
20101013, 1800,  , HU, 21.4N,  85.8W,  75,  990,   45,   45,   45,   40,   20,   20,   15,   15,   10,   10,   10,   10, -999
20101014, 0000,  , HU, 21.8N,  85.6W,  75,  993,   45,   45,   45,   40,   20,   20,   15,   15,   10,   10,   10,    0, -999
20101014, 0600,  , HU, 22.2N,  85.2W,  70,  995,   45,   45,   45,   40,   20,   20,   20,   15,   10,   10,   10,    0, -999
20101014, 1200,  , TS, 22.6N,  84.5W,  60,  999,   45,   45,   45,   40,   20,   20,   20,   15,    0,    0,    0,    0, -999
20101014, 1500, L, TS, 22.7N,  83.9W,  55, 1000,   45,   45,   45,   40,   20,   20,   20,   15,    0,    0,    0,    0, -999
20101014, 1800,  , TS, 22.8N,  83.5W,  50, 1001,   60,   30,   30,   40,   45,   15,    0,    0,    0,    0,    0,    0, -999
20101015, 0000,  , TS, 22.9N,  82.0W,  40, 1004,   60,   20,   20,   30,    0,    0,    0,    0,    0,    0,    0,    0, -999
20101015, 0600,  , TD, 22.9N,  80.9W,  30, 1008,    0,    0,    0,    0,    0,    0,    0,    0,    0,    0,    0,    0, -999
20101015, 1200,  , LO, 22.9N,  79.9W,  25, 1009,    0,    0,    0,    0,    0,    0,    0,    0,    0,    0,    0,    0, -999
20101015, 1800,  , LO, 23.0N,  79.1W,  20, 1009,    0,    0,    0,    0,    0,    0,    0,    0,    0,    0,    0,    0, -999
AL192010,            RICHARD,     29,
20101019, 1800,  , LO, 17.2N,  83.4W,  30, 1008,    0,    0,    0,    0,    0,    0,    0,    0,    0,    0,    0,    0, -999
20101020, 0000,  , LO, 17.7N,  83.2W,  30, 1008,    0,    0,    0,    0,    0,    0,    0,    0,    0,    0,    0,    0, -999
20101020, 0600,  , TD, 17.8N,  82.8W,  30, 1008,    0,    0,    0,    0,    0,    0,    0,    0,    0,    0,    0,    0, -999
20101020, 1200,  , TD, 17.8N,  82.3W,  30, 1008,    0,    0,    0,    0,    0,    0,    0,    0,    0,    0,    0,    0, -999
20101020, 1800,  , TD, 17.6N,  81.8W,  30, 1008,    0,    0,    0,    0,    0,    0,    0,    0,    0,    0,    0,    0, -999
20101021, 0000,  , TD, 17.3N,  81.3W,  30, 1007,    0,    0,    0,    0,    0,    0,    0,    0,    0,    0,    0,    0, -999
20101021, 0600,  , TD, 17.0N,  80.9W,  30, 1007,    0,    0,    0,    0,    0,    0,    0,    0,    0,    0,    0,    0, -999
20101021, 1200,  , TS, 16.7N,  80.6W,  35, 1006,   90,   90,    0,    0,    0,    0,    0,    0,    0,    0,    0,    0, -999
20101021, 1800,  , TS, 16.3N,  80.4W,  35, 1006,   90,   90,    0,    0,    0,    0,    0,    0,    0,    0,    0,    0, -999
20101022, 0000,  , TS, 16.0N,  80.5W,  35, 1007,   90,   90,    0,    0,    0,    0,    0,    0,    0,    0,    0,    0, -999
20101022, 0600,  , TS, 15.9N,  80.7W,  35, 1005,   90,   90,    0,    0,    0,    0,    0,    0,    0,    0,    0,    0, -999
20101022, 1200,  , TS, 15.8N,  81.0W,  35, 1006,   90,    0,    0,    0,    0,    0,    0,    0,    0,    0,    0,    0, -999
20101022, 1800,  , TS, 15.8N,  81.5W,  40, 1006,   75,    0,    0,   60,    0,    0,    0,    0,    0,    0,    0,    0, -999
20101023, 0000,  , TS, 15.8N,  82.1W,  40, 1006,   75,    0,    0,   60,    0,    0,    0,    0,    0,    0,    0,    0, -999
20101023, 0600,  , TS, 15.8N,  82.6W,  45, 1004,   75,    0,    0,   60,    0,    0,    0,    0,    0,    0,    0,    0, -999
20101023, 1200,  , TS, 15.9N,  83.1W,  50, 1000,   75,   60,    0,   60,   20,    0,    0,   20,    0,    0,    0,    0, -999
20101023, 1800,  , TS, 16.0N,  83.6W,  55,  998,   90,   60,    0,   60,   20,    0,    0,   20,    0,    0,    0,    0, -999
20101024, 0000,  , TS, 16.2N,  84.3W,  60,  995,   90,   60,   40,   70,   20,   10,   10,   20,    0,    0,    0,    0, -999
20101024, 0600,  , HU, 16.5N,  85.2W,  65,  992,   90,   60,   40,   70,   20,   10,   10,   20,   10,    0,    0,    0, -999
20101024, 1200,  , HU, 16.8N,  86.3W,  75,  990,   90,   60,   50,   70,   30,   20,   20,   30,   15,   10,   10,   15, -999
20101024, 1800,  , HU, 17.0N,  87.3W,  80,  984,   90,   60,   50,   70,   30,   20,   20,   30,   15,   10,   10,   15, -999
20101025, 0000,  , HU, 17.2N,  88.2W,  85,  977,   90,   60,   50,   60,   30,   20,   20,   30,   15,   10,   10,   15, -999
20101025, 0030, L, HU, 17.2N,  88.3W,  85,  977,   90,   60,   50,   60,   30,   20,   20,   30,   15,   10,   10,   15, -999
20101025, 0600,  , HU, 17.4N,  89.2W,  65,  988,   70,   60,   40,   50,   25,   20,   10,   15,   15,    0,    0,    0, -999
20101025, 1200,  , TS, 17.7N,  90.0W,  40,  997,   60,   60,   40,   50,    0,    0,    0,    0,    0,    0,    0,    0, -999
20101025, 1800,  , TD, 18.0N,  90.8W,  30, 1000,    0,    0,    0,    0,    0,    0,    0,    0,    0,    0,    0,    0, -999
20101026, 0000,  , LO, 18.4N,  91.5W,  25, 1002,    0,    0,    0,    0,    0,    0,    0,    0,    0,    0,    0,    0, -999
20101026, 0600,  , LO, 19.1N,  92.3W,  25, 1004,    0,    0,    0,    0,    0,    0,    0,    0,    0,    0,    0,    0, -999
20101026, 1200,  , LO, 20.1N,  92.9W,  20, 1004,    0,    0,    0,    0,    0,    0,    0,    0,    0,    0,    0,    0, -999
AL202010,              SHARY,      9,
20101028, 1800,  , TD, 25.6N,  61.2W,  30, 1006,    0,    0,    0,    0,    0,    0,    0,    0,    0,    0,    0,    0, -999
20101029, 0000,  , TS, 26.8N,  63.0W,  35, 1004,   90,   45,    0,   90,    0,    0,    0,    0,    0,    0,    0,    0, -999
20101029, 0600,  , TS, 28.1N,  64.6W,  40, 1002,   90,   45,    0,   90,    0,    0,    0,    0,    0,    0,    0,    0, -999
20101029, 1200,  , TS, 29.3N,  65.9W,  50,  998,   60,   45,   45,   90,    0,   30,    0,    0,    0,    0,    0,    0, -999
20101029, 1800,  , TS, 30.2N,  65.8W,  55,  993,   60,   75,   60,   60,    0,   30,    0,    0,    0,    0,    0,    0, -999
20101030, 0000,  , HU, 31.3N,  64.0W,  65,  990,   60,   90,   60,   40,    0,   40,   30,    0,    0,   10,    0,    0, -999
20101030, 0600,  , HU, 32.9N,  60.9W,  65,  989,   75,   90,   75,   40,    0,   40,   30,    0,    0,   10,    0,    0, -999
20101030, 1200,  , HU, 35.1N,  57.2W,  65,  991,   75,   90,   75,   40,    0,   40,   30,    0,    0,   10,    0,    0, -999
20101030, 1800,  , EX, 37.0N,  53.5W,  55,  993,   75,   90,   75,   40,    0,   40,   30,    0,    0,    0,    0,    0, -999
AL212010,              TOMAS,     54,
20101029, 0600,  , TD,  9.0N,  53.7W,  30, 1006,    0,    0,    0,    0,    0,    0,    0,    0,    0,    0,    0,    0, -999
20101029, 1200,  , TS,  9.8N,  55.3W,  35, 1003,   75,   40,    0,   75,    0,    0,    0,    0,    0,    0,    0,    0, -999
20101029, 1800,  , TS, 10.8N,  56.8W,  45,  998,   90,   50,   50,   90,    0,    0,    0,    0,    0,    0,    0,    0, -999
20101030, 0000,  , TS, 11.9N,  57.8W,  55,  999,   90,   50,   50,   90,   30,    0,    0,   30,    0,    0,    0,    0, -999
20101030, 0600,  , TS, 12.7N,  58.9W,  60,  997,   90,   50,   50,   90,   30,    0,    0,   30,    0,    0,    0,    0, -999
20101030, 0900, L, TS, 13.0N,  59.5W,  60,  997,   90,   50,   50,   90,   30,    0,    0,   30,    0,    0,    0,    0, -999
20101030, 1200,  , HU, 13.1N,  60.1W,  65,  993,  120,   60,   50,   90,   50,   30,   20,   40,   20,   20,    0,    0, -999
20101030, 1800,  , HU, 13.3N,  61.0W,  80,  990,  120,   60,   50,   90,   50,   30,   20,   40,   20,   20,    0,    0, -999
20101030, 2000, L, HU, 13.4N,  61.2W,  85,  987,  120,   60,   50,   90,   50,   30,   20,   40,   20,   20,    0,    0, -999
20101031, 0000,  , HU, 13.5N,  61.7W,  85,  982,  120,   60,   50,   90,   50,   30,   20,   40,   30,   20,   10,   20, -999
20101031, 0600,  , HU, 13.8N,  62.4W,  85,  983,  120,   60,   50,   90,   60,   30,   20,   50,   30,   20,   10,   20, -999
20101031, 1200,  , HU, 14.0N,  63.3W,  80,  988,  120,   60,   50,   90,   60,   30,   20,   50,   30,   20,   10,   20, -999
20101031, 1800,  , HU, 14.2N,  64.4W,  65,  994,  120,   60,   50,   90,   50,   30,   20,   40,   15,    0,    0,   15, -999
20101101, 0000,  , TS, 14.1N,  65.8W,  55,  997,  150,   60,   50,   90,   50,   30,   20,   50,    0,    0,    0,    0, -999
20101101, 0600,  , TS, 13.9N,  67.1W,  45, 1003,  150,   60,   30,   90,    0,    0,    0,    0,    0,    0,    0,    0, -999
20101101, 1200,  , TS, 13.6N,  68.2W,  40, 1005,  120,   40,   20,   60,    0,    0,    0,    0,    0,    0,    0,    0, -999
20101101, 1800,  , TS, 13.5N,  69.2W,  40, 1005,  100,   40,   20,   60,    0,    0,    0,    0,    0,    0,    0,    0, -999
20101102, 0000,  , TS, 13.5N,  70.3W,  40, 1005,  100,   40,    0,   40,    0,    0,    0,    0,    0,    0,    0,    0, -999
20101102, 0600,  , TS, 13.5N,  71.4W,  45, 1003,  100,   40,    0,   30,    0,    0,    0,    0,    0,    0,    0,    0, -999
20101102, 1200,  , TS, 13.5N,  72.5W,  40, 1004,  100,   40,    0,   30,    0,    0,    0,    0,    0,    0,    0,    0, -999
20101102, 1800,  , TS, 13.6N,  73.4W,  35, 1006,   90,    0,    0,   30,    0,    0,    0,    0,    0,    0,    0,    0, -999
20101103, 0000,  , TD, 13.8N,  73.9W,  30, 1006,    0,    0,    0,    0,    0,    0,    0,    0,    0,    0,    0,    0, -999
20101103, 0600,  , TD, 14.0N,  74.3W,  30, 1006,    0,    0,    0,    0,    0,    0,    0,    0,    0,    0,    0,    0, -999
20101103, 1200,  , TD, 14.3N,  74.7W,  30, 1006,    0,    0,    0,    0,    0,    0,    0,    0,    0,    0,    0,    0, -999
20101103, 1800,  , TS, 14.7N,  75.1W,  35, 1004,   60,   60,    0,    0,    0,    0,    0,    0,    0,    0,    0,    0, -999
20101104, 0000,  , TS, 15.1N,  75.5W,  40, 1003,   60,   60,    0,    0,    0,    0,    0,    0,    0,    0,    0,    0, -999
20101104, 0600,  , TS, 15.5N,  75.9W,  40,  998,   75,   60,    0,    0,    0,    0,    0,    0,    0,    0,    0,    0, -999
20101104, 1200,  , TS, 15.9N,  76.2W,  45,  996,   75,   60,    0,    0,    0,    0,    0,    0,    0,    0,    0,    0, -999
20101104, 1800,  , TS, 16.4N,  76.2W,  50,  995,  100,   90,    0,    0,   30,   30,    0,    0,    0,    0,    0,    0, -999
20101105, 0000,  , TS, 17.0N,  75.7W,  60,  989,  120,  120,    0,    0,   30,   30,    0,    0,    0,    0,    0,    0, -999
20101105, 0600,  , HU, 17.7N,  75.2W,  70,  985,  120,  120,   30,   30,   30,   30,    0,    0,   15,   15,    0,    0, -999
20101105, 1200,  , HU, 18.7N,  74.7W,  75,  987,  120,  120,   50,   50,   40,   30,   20,   30,   15,   15,   15,   15, -999
20101105, 1800,  , HU, 19.7N,  74.0W,  70,  992,  100,  120,   50,   50,   40,   40,   20,   30,   15,   15,    0,    0, -999
20101106, 0000,  , TS, 20.4N,  73.1W,  60,  995,  100,  100,   50,   50,   40,   40,   20,   30,    0,    0,    0,    0, -999
20101106, 0600,  , TS, 21.4N,  71.8W,  60,  992,  100,  100,   50,   50,   40,   40,   20,   30,    0,    0,    0,    0, -999
20101106, 0730, L, TS, 21.7N,  71.6W,  60,  992,  100,  100,   50,   50,   40,   40,   20,   30,    0,    0,    0,    0, -999
20101106, 1200,  , TS, 22.6N,  70.9W,  60,  990,  100,  100,   50,   50,   40,   40,   20,   30,    0,    0,    0,    0, -999
20101106, 1800,  , HU, 23.8N,  70.3W,  65,  988,  100,  100,   75,   75,   40,   40,   20,   30,   20,   20,    0,    0, -999
20101107, 0000,  , HU, 24.9N,  69.8W,  70,  987,  100,  100,   75,   75,   40,   40,   20,   30,   20,   20,    0,    0, -999
20101107, 0600,  , HU, 25.4N,  69.6W,  65,  990,  100,  100,   75,   75,   40,   40,   20,   30,   20,   20,    0,    0, -999
20101107, 1200,  , TS, 25.7N,  69.5W,  60,  992,  100,  100,  125,  125,   25,   25,   20,   30,    0,    0,    0,    0, -999
20101107, 1800,  , TS, 26.0N,  69.3W,  50,  992,  100,  100,  125,  125,    0,    0,   40,   40,    0,    0,    0,    0, -999
20101108, 0000,  , EX, 26.0N,  68.5W,  50,  992,  125,  100,  150,  200,    0,    0,   40,   40,    0,    0,    0,    0, -999
20101108, 0600,  , EX, 25.8N,  67.5W,  50,  992,  125,  100,  150,  200,    0,    0,   40,   40,    0,    0,    0,    0, -999
20101108, 1200,  , EX, 25.6N,  66.2W,  50,  992,  125,  100,  150,  200,    0,    0,   40,    0,    0,    0,    0,    0, -999
20101108, 1800,  , EX, 25.8N,  64.5W,  45,  993,  125,  125,  150,  200,    0,    0,    0,    0,    0,    0,    0,    0, -999
20101109, 0000,  , EX, 26.5N,  62.3W,  45,  993,  125,  125,  150,  200,    0,    0,    0,    0,    0,    0,    0,    0, -999
20101109, 0600,  , EX, 27.9N,  60.4W,  45,  994,  125,  125,  150,  200,    0,    0,    0,    0,    0,    0,    0,    0, -999
20101109, 1200,  , EX, 29.4N,  58.6W,  45,  994,  125,  150,  150,  150,    0,    0,    0,    0,    0,    0,    0,    0, -999
20101109, 1800,  , EX, 31.0N,  56.9W,  45,  994,  125,  150,  150,  150,    0,    0,    0,    0,    0,    0,    0,    0, -999
20101110, 0000,  , EX, 33.3N,  55.4W,  45,  994,  125,  150,  150,  150,    0,    0,    0,    0,    0,    0,    0,    0, -999
20101110, 0600,  , EX, 36.0N,  54.0W,  45,  994,  125,  150,  150,  150,    0,    0,    0,    0,    0,    0,    0,    0, -999
20101110, 1200,  , EX, 39.0N,  53.5W,  35,  995,  125,  150,  100,  150,    0,    0,    0,    0,    0,    0,    0,    0, -999
20101110, 1800,  , EX, 42.0N,  53.5W,  35,  995,  125,  150,    0,  150,    0,    0,    0,    0,    0,    0,    0,    0, -999
