AL011916,            UNNAMED,     19,
19160513, 1200,  , TD, 21.0N,  80.0W,  25, -999, -999, -999, -999, -999, -999, -999, -999, -999, -999, -999, -999, -999, -999
19160513, 1800,  , TD, 22.4N,  80.4W,  30, -999, -999, -999, -999, -999, -999, -999, -999, -999, -999, -999, -999, -999, -999
19160514, 0000,  , TD, 23.8N,  80.7W,  30, -999, -999, -999, -999, -999, -999, -999, -999, -999, -999, -999, -999, -999, -999
19160514, 0600, L, TS, 25.1N,  81.0W,  35, 1006, -999, -999, -999, -999, -999, -999, -999, -999, -999, -999, -999, -999, -999
19160514, 1200,  , TS, 26.2N,  81.3W,  40, -999, -999, -999, -999, -999, -999, -999, -999, -999, -999, -999, -999, -999, -999
19160514, 1800,  , TS, 27.2N,  81.6W,  40, 1004, -999, -999, -999, -999, -999, -999, -999, -999, -999, -999, -999, -999, -999
19160515, 0000,  , TS, 27.8N,  81.9W,  40, -999, -999, -999, -999, -999, -999, -999, -999, -999, -999, -999, -999, -999, -999
19160515, 0600,  , TS, 28.3N,  82.1W,  35, -999, -999, -999, -999, -999, -999, -999, -999, -999, -999, -999, -999, -999, -999
19160515, 1200,  , TS, 29.0N,  82.2W,  35, -999, -999, -999, -999, -999, -999, -999, -999, -999, -999, -999, -999, -999, -999
19160515, 1800,  , TS, 29.9N,  81.9W,  35, -999, -999, -999, -999, -999, -999, -999, -999, -999, -999, -999, -999, -999, -999
19160516, 0000,  , TS, 31.0N,  81.4W,  35, -999, -999, -999, -999, -999, -999, -999, -999, -999, -999, -999, -999, -999, -999
19160516, 0600,  , TS, 32.2N,  80.6W,  35, -999, -999, -999, -999, -999, -999, -999, -999, -999, -999, -999, -999, -999, -999
19160516, 1200,  , TS, 33.5N,  79.5W,  35, -999, -999, -999, -999, -999, -999, -999, -999, -999, -999, -999, -999, -999, -999
19160516, 1800,  , TS, 35.2N,  78.1W,  35, -999, -999, -999, -999, -999, -999, -999, -999, -999, -999, -999, -999, -999, -999
19160517, 0000,  , EX, 37.1N,  76.4W,  40, -999, -999, -999, -999, -999, -999, -999, -999, -999, -999, -999, -999, -999, -999
19160517, 0600,  , EX, 39.0N,  74.5W,  45, -999, -999, -999, -999, -999, -999, -999, -999, -999, -999, -999, -999, -999, -999
19160517, 1200,  , EX, 41.0N,  72.5W,  50,  990, -999, -999, -999, -999, -999, -999, -999, -999, -999, -999, -999, -999, -999
19160517, 1800,  , EX, 43.0N,  71.0W,  50, -999, -999, -999, -999, -999, -999, -999, -999, -999, -999, -999, -999, -999, -999
19160518, 0000,  , EX, 45.0N,  70.5W,  40, -999, -999, -999, -999, -999, -999, -999, -999, -999, -999, -999, -999, -999, -999
AL021916,            UNNAMED,     51,
19160628, 1200,  , TD, 12.5N,  79.5W,  25, -999, -999, -999, -999, -999, -999, -999, -999, -999, -999, -999, -999, -999, -999
19160628, 1800,  , TD, 12.5N,  79.8W,  25, -999, -999, -999, -999, -999, -999, -999, -999, -999, -999, -999, -999, -999, -999
19160629, 0000,  , TD, 12.5N,  80.1W,  25, -999, -999, -999, -999, -999, -999, -999, -999, -999, -999, -999, -999, -999, -999
19160629, 0600,  , TD, 12.5N,  80.5W,  25, -999, -999, -999, -999, -999, -999, -999, -999, -999, -999, -999, -999, -999, -999
19160629, 1200,  , TD, 12.7N,  80.9W,  25, -999, -999, -999, -999, -999, -999, -999, -999, -999, -999, -999, -999, -999, -999
19160629, 1800,  , TD, 13.0N,  81.3W,  25, -999, -999, -999, -999, -999, -999, -999, -999, -999, -999, -999, -999, -999, -999
19160630, 0000,  , TD, 13.5N,  81.7W,  30, -999, -999, -999, -999, -999, -999, -999, -999, -999, -999, -999, -999, -999, -999
19160630, 0600,  , TD, 14.0N,  82.1W,  30, -999, -999, -999, -999, -999, -999, -999, -999, -999, -999, -999, -999, -999, -999
19160630, 1200,  , TD, 14.5N,  82.5W,  30, -999, -999, -999, -999, -999, -999, -999, -999, -999, -999, -999, -999, -999, -999
19160630, 1800,  , TD, 15.0N,  82.8W,  30, -999, -999, -999, -999, -999, -999, -999, -999, -999, -999, -999, -999, -999, -999
19160701, 0000,  , TD, 15.5N,  83.0W,  30, -999, -999, -999, -999, -999, -999, -999, -999, -999, -999, -999, -999, -999, -999
19160701, 0600,  , TD, 16.0N,  83.1W,  30, -999, -999, -999, -999, -999, -999, -999, -999, -999, -999, -999, -999, -999, -999
19160701, 1200,  , TD, 16.5N,  83.3W,  30, -999, -999, -999, -999, -999, -999, -999, -999, -999, -999, -999, -999, -999, -999
19160701, 1800,  , TD, 16.9N,  83.7W,  30, -999, -999, -999, -999, -999, -999, -999, -999, -999, -999, -999, -999, -999, -999
19160702, 0000,  , TS, 17.2N,  84.1W,  35, -999, -999, -999, -999, -999, -999, -999, -999, -999, -999, -999, -999, -999, -999
19160702, 0600,  , TS, 17.6N,  84.6W,  35, -999, -999, -999, -999, -999, -999, -999, -999, -999, -999, -999, -999, -999, -999
19160702, 1200,  , TS, 18.0N,  85.0W,  40, -999, -999, -999, -999, -999, -999, -999, -999, -999, -999, -999, -999, -999, -999
19160702, 1800,  , TS, 18.5N,  85.2W,  45, -999, -999, -999, -999, -999, -999, -999, -999, -999, -999, -999, -999, -999, -999
19160703, 0000,  , TS, 18.9N,  85.3W,  50, -999, -999, -999, -999, -999, -999, -999, -999, -999, -999, -999, -999, -999, -999
19160703, 0600,  , TS, 19.4N,  85.5W,  55, -999, -999, -999, -999, -999, -999, -999, -999, -999, -999, -999, -999, -999, -999
19160703, 1200,  , TS, 20.0N,  85.7W,  60, -999, -999, -999, -999, -999, -999, -999, -999, -999, -999, -999, -999, -999, -999
19160703, 1800,  , HU, 20.7N,  86.0W,  65, -999, -999, -999, -999, -999, -999, -999, -999, -999, -999, -999, -999, -999, -999
19160704, 0000,  , HU, 21.5N,  86.4W,  70, -999, -999, -999, -999, -999, -999, -999, -999, -999, -999, -999, -999, -999, -999
19160704, 0600,  , HU, 22.4N,  86.7W,  75, -999, -999, -999, -999, -999, -999, -999, -999, -999, -999, -999, -999, -999, -999
19160704, 1200,  , HU, 23.5N,  87.0W,  80, -999, -999, -999, -999, -999, -999, -999, -999, -999, -999, -999, -999, -999, -999
19160704, 1800,  , HU, 24.8N,  87.2W,  85, -999, -999, -999, -999, -999, -999, -999, -999, -999, -999, -999, -999, -999, -999
19160705, 0000,  , HU, 26.3N,  87.3W,  90, -999, -999, -999, -999, -999, -999, -999, -999, -999, -999, -999, -999, -999, -999
19160705, 0600,  , HU, 27.6N,  87.5W,  95, -999, -999, -999, -999, -999, -999, -999, -999, -999, -999, -999, -999, -999, -999
19160705, 1200,  , HU, 28.8N,  87.7W, 100, -999, -999, -999, -999, -999, -999, -999, -999, -999, -999, -999, -999, -999, -999
19160705, 1800,  , HU, 29.9N,  88.0W, 105,  950, -999, -999, -999, -999, -999, -999, -999, -999, -999, -999, -999, -999, -999
19160705, 2100, L, HU, 30.4N,  88.4W, 105,  950, -999, -999, -999, -999, -999, -999, -999, -999, -999, -999, -999, -999,   20
19160706, 0000,  , HU, 30.8N,  88.6W,  80, -999, -999, -999, -999, -999, -999, -999, -999, -999, -999, -999, -999, -999, -999
19160706, 0600,  , TS, 31.7N,  89.4W,  55, -999, -999, -999, -999, -999, -999, -999, -999, -999, -999, -999, -999, -999, -999
19160706, 1200,  , TS, 32.4N,  90.0W,  45,  994, -999, -999, -999, -999, -999, -999, -999, -999, -999, -999, -999, -999, -999
19160706, 1800,  , TS, 32.8N,  90.1W,  40, -999, -999, -999, -999, -999, -999, -999, -999, -999, -999, -999, -999, -999, -999
19160707, 0000,  , TS, 33.1N,  90.2W,  40, -999, -999, -999, -999, -999, -999, -999, -999, -999, -999, -999, -999, -999, -999
19160707, 0600,  , TS, 33.4N,  90.2W,  40, -999, -999, -999, -999, -999, -999, -999, -999, -999, -999, -999, -999, -999, -999
19160707, 1200,  , TS, 33.7N,  90.1W,  40, -999, -999, -999, -999, -999, -999, -999, -999, -999, -999, -999, -999, -999, -999
19160707, 1800,  , TS, 33.8N,  89.4W,  40, -999, -999, -999, -999, -999, -999, -999, -999, -999, -999, -999, -999, -999, -999
19160708, 0000,  , TS, 33.7N,  88.5W,  40, -999, -999, -999, -999, -999, -999, -999, -999, -999, -999, -999, -999, -999, -999
19160708, 0600,  , TS, 33.5N,  87.6W,  40, -999, -999, -999, -999, -999, -999, -999, -999, -999, -999, -999, -999, -999, -999
19160708, 1200,  , TS, 33.2N,  86.9W,  35, -999, -999, -999, -999, -999, -999, -999, -999, -999, -999, -999, -999, -999, -999
19160708, 1800,  , TS, 33.2N,  86.6W,  35, -999, -999, -999, -999, -999, -999, -999, -999, -999, -999, -999, -999, -999, -999
19160709, 0000,  , TD, 33.4N,  86.4W,  30, -999, -999, -999, -999, -999, -999, -999, -999, -999, -999, -999, -999, -999, -999
19160709, 0600,  , TD, 33.7N,  86.2W,  30, -999, -999, -999, -999, -999, -999, -999, -999, -999, -999, -999, -999, -999, -999
19160709, 1200,  , TD, 34.0N,  86.0W,  25, -999, -999, -999, -999, -999, -999, -999, -999, -999, -999, -999, -999, -999, -999
19160709, 1800,  , TD, 34.3N,  85.9W,  25, -999, -999, -999, -999, -999, -999, -999, -999, -999, -999, -999, -999, -999, -999
19160710, 0000,  , TD, 34.6N,  85.8W,  20, -999, -999, -999, -999, -999, -999, -999, -999, -999, -999, -999, -999, -999, -999
19160710, 0600,  , TD, 34.8N,  85.7W,  20, -999, -999, -999, -999, -999, -999, -999, -999, -999, -999, -999, -999, -999, -999
19160710, 1200,  , TD, 35.0N,  85.6W,  20, -999, -999, -999, -999, -999, -999, -999, -999, -999, -999, -999, -999, -999, -999
19160710, 1800,  , TD, 35.2N,  85.5W,  20, -999, -999, -999, -999, -999, -999, -999, -999, -999, -999, -999, -999, -999, -999
AL031916,            UNNAMED,     52,
19160710, 0600,  , TD, 11.5N,  52.1W,  30, -999, -999, -999, -999, -999, -999, -999, -999, -999, -999, -999, -999, -999, -999
19160710, 1200,  , TD, 11.5N,  53.2W,  30, -999, -999, -999, -999, -999, -999, -999, -999, -999, -999, -999, -999, -999, -999
19160710, 1800,  , TD, 11.6N,  54.4W,  30, -999, -999, -999, -999, -999, -999, -999, -999, -999, -999, -999, -999, -999, -999
19160711, 0000,  , TD, 11.7N,  55.6W,  30, -999, -999, -999, -999, -999, -999, -999, -999, -999, -999, -999, -999, -999, -999
19160711, 0600,  , TD, 11.8N,  56.7W,  30, -999, -999, -999, -999, -999, -999, -999, -999, -999, -999, -999, -999, -999, -999
19160711, 1200,  , TD, 12.0N,  57.8W,  30, -999, -999, -999, -999, -999, -999, -999, -999, -999, -999, -999, -999, -999, -999
19160711, 1800,  , TD, 12.4N,  58.8W,  30, -999, -999, -999, -999, -999, -999, -999, -999, -999, -999, -999, -999, -999, -999
19160712, 0000,  , TS, 13.0N,  59.8W,  35, -999, -999, -999, -999, -999, -999, -999, -999, -999, -999, -999, -999, -999, -999
19160712, 0600,  , TS, 13.7N,  60.8W,  35, -999, -999, -999, -999, -999, -999, -999, -999, -999, -999, -999, -999, -999, -999
19160712, 1200,  , TS, 14.5N,  61.7W,  35, -999, -999, -999, -999, -999, -999, -999, -999, -999, -999, -999, -999, -999, -999
19160712, 1800,  , TS, 15.4N,  62.7W,  35, -999, -999, -999, -999, -999, -999, -999, -999, -999, -999, -999, -999, -999, -999
19160713, 0000,  , TS, 16.4N,  63.8W,  35, -999, -999, -999, -999, -999, -999, -999, -999, -999, -999, -999, -999, -999, -999
19160713, 0600,  , TS, 17.5N,  65.0W,  40, -999, -999, -999, -999, -999, -999, -999, -999, -999, -999, -999, -999, -999, -999
19160713, 1200,  , TS, 18.4N,  66.0W,  45, -999, -999, -999, -999, -999, -999, -999, -999, -999, -999, -999, -999, -999, -999
19160713, 1800,  , TS, 19.1N,  66.7W,  45, -999, -999, -999, -999, -999, -999, -999, -999, -999, -999, -999, -999, -999, -999
19160714, 0000,  , TS, 19.7N,  67.2W,  50, -999, -999, -999, -999, -999, -999, -999, -999, -999, -999, -999, -999, -999, -999
19160714, 0600,  , TS, 20.3N,  67.6W,  50, -999, -999, -999, -999, -999, -999, -999, -999, -999, -999, -999, -999, -999, -999
19160714, 1200,  , TS, 20.8N,  68.0W,  55, -999, -999, -999, -999, -999, -999, -999, -999, -999, -999, -999, -999, -999, -999
19160714, 1800,  , TS, 21.3N,  68.3W,  60, -999, -999, -999, -999, -999, -999, -999, -999, -999, -999, -999, -999, -999, -999
19160715, 0000,  , HU, 21.7N,  68.5W,  65, -999, -999, -999, -999, -999, -999, -999, -999, -999, -999, -999, -999, -999, -999
19160715, 0600,  , HU, 22.1N,  68.6W,  70, -999, -999, -999, -999, -999, -999, -999, -999, -999, -999, -999, -999, -999, -999
19160715, 1200,  , HU, 22.5N,  68.7W,  75, -999, -999, -999, -999, -999, -999, -999, -999, -999, -999, -999, -999, -999, -999
19160715, 1800,  , HU, 22.9N,  68.8W,  75, -999, -999, -999, -999, -999, -999, -999, -999, -999, -999, -999, -999, -999, -999
19160716, 0000,  , HU, 23.2N,  69.0W,  80, -999, -999, -999, -999, -999, -999, -999, -999, -999, -999, -999, -999, -999, -999
19160716, 0600,  , HU, 23.5N,  69.2W,  85, -999, -999, -999, -999, -999, -999, -999, -999, -999, -999, -999, -999, -999, -999
19160716, 1200,  , HU, 23.8N,  69.5W,  90, -999, -999, -999, -999, -999, -999, -999, -999, -999, -999, -999, -999, -999, -999
19160716, 1800,  , HU, 24.0N,  70.0W,  90, -999, -999, -999, -999, -999, -999, -999, -999, -999, -999, -999, -999, -999, -999
19160717, 0000,  , HU, 24.2N,  70.5W,  90, -999, -999, -999, -999, -999, -999, -999, -999, -999, -999, -999, -999, -999, -999
19160717, 0600,  , HU, 24.6N,  71.0W,  90, -999, -999, -999, -999, -999, -999, -999, -999, -999, -999, -999, -999, -999, -999
19160717, 1200,  , HU, 25.3N,  71.5W,  90, -999, -999, -999, -999, -999, -999, -999, -999, -999, -999, -999, -999, -999, -999
19160717, 1800,  , HU, 26.1N,  71.9W,  90, -999, -999, -999, -999, -999, -999, -999, -999, -999, -999, -999, -999, -999, -999
19160718, 0000,  , HU, 27.0N,  72.2W,  90, -999, -999, -999, -999, -999, -999, -999, -999, -999, -999, -999, -999, -999, -999
19160718, 0600,  , HU, 28.0N,  72.5W,  85, -999, -999, -999, -999, -999, -999, -999, -999, -999, -999, -999, -999, -999, -999
19160718, 1200,  , HU, 29.1N,  72.8W,  85, -999, -999, -999, -999, -999, -999, -999, -999, -999, -999, -999, -999, -999, -999
19160718, 1800,  , HU, 30.2N,  73.0W,  80, -999, -999, -999, -999, -999, -999, -999, -999, -999, -999, -999, -999, -999, -999
19160719, 0000,  , HU, 31.2N,  73.2W,  80, -999, -999, -999, -999, -999, -999, -999, -999, -999, -999, -999, -999, -999, -999
19160719, 0600,  , HU, 32.2N,  73.3W,  75,  980, -999, -999, -999, -999, -999, -999, -999, -999, -999, -999, -999, -999, -999
19160719, 1200,  , HU, 33.2N,  73.3W,  75, -999, -999, -999, -999, -999, -999, -999, -999, -999, -999, -999, -999, -999, -999
19160719, 1800,  , HU, 34.1N,  73.1W,  75, -999, -999, -999, -999, -999, -999, -999, -999, -999, -999, -999, -999, -999, -999
19160720, 0000,  , HU, 34.9N,  72.9W,  75, -999, -999, -999, -999, -999, -999, -999, -999, -999, -999, -999, -999, -999, -999
19160720, 0600,  , HU, 35.7N,  72.7W,  75, -999, -999, -999, -999, -999, -999, -999, -999, -999, -999, -999, -999, -999, -999
19160720, 1200,  , HU, 36.6N,  72.5W,  75, -999, -999, -999, -999, -999, -999, -999, -999, -999, -999, -999, -999, -999, -999
19160720, 1800,  , HU, 37.6N,  72.3W,  75, -999, -999, -999, -999, -999, -999, -999, -999, -999, -999, -999, -999, -999, -999
19160721, 0000,  , HU, 38.8N,  72.1W,  70, -999, -999, -999, -999, -999, -999, -999, -999, -999, -999, -999, -999, -999, -999
19160721, 0600,  , HU, 39.9N,  71.8W,  65, -999, -999, -999, -999, -999, -999, -999, -999, -999, -999, -999, -999, -999, -999
19160721, 1200,  , TS, 41.1N,  71.4W,  60,  993, -999, -999, -999, -999, -999, -999, -999, -999, -999, -999, -999, -999, -999
19160721, 1300, L, TS, 41.4N,  71.2W,  60,  993, -999, -999, -999, -999, -999, -999, -999, -999, -999, -999, -999, -999, -999
19160721, 1800,  , TS, 43.0N,  70.4W,  45, 1001, -999, -999, -999, -999, -999, -999, -999, -999, -999, -999, -999, -999, -999
19160722, 0000,  , TS, 44.7N,  68.4W,  40, -999, -999, -999, -999, -999, -999, -999, -999, -999, -999, -999, -999, -999, -999
19160722, 0600,  , TS, 46.9N,  65.5W,  35, -999, -999, -999, -999, -999, -999, -999, -999, -999, -999, -999, -999, -999, -999
19160722, 1200,  , EX, 48.5N,  61.7W,  30, -999, -999, -999, -999, -999, -999, -999, -999, -999, -999, -999, -999, -999, -999
19160722, 1800,  , EX, 51.0N,  56.5W,  30, -999, -999, -999, -999, -999, -999, -999, -999, -999, -999, -999, -999, -999, -999
AL041916,            UNNAMED,     20,
19160711, 0600,  , TS, 25.9N,  71.2W,  40, -999, -999, -999, -999, -999, -999, -999, -999, -999, -999, -999, -999, -999, -999
19160711, 1200,  , TS, 26.5N,  72.0W,  40, -999, -999, -999, -999, -999, -999, -999, -999, -999, -999, -999, -999, -999, -999
19160711, 1800,  , TS, 27.1N,  72.8W,  45, -999, -999, -999, -999, -999, -999, -999, -999, -999, -999, -999, -999, -999, -999
19160712, 0000,  , TS, 27.7N,  73.6W,  50, -999, -999, -999, -999, -999, -999, -999, -999, -999, -999, -999, -999, -999, -999
19160712, 0600,  , TS, 28.2N,  74.4W,  60, -999, -999, -999, -999, -999, -999, -999, -999, -999, -999, -999, -999, -999, -999
19160712, 1200,  , TS, 28.7N,  75.2W,  60, -999, -999, -999, -999, -999, -999, -999, -999, -999, -999, -999, -999, -999, -999
19160712, 1800,  , HU, 29.2N,  76.0W,  70, -999, -999, -999, -999, -999, -999, -999, -999, -999, -999, -999, -999, -999, -999
19160713, 0000,  , HU, 29.7N,  76.9W,  75, -999, -999, -999, -999, -999, -999, -999, -999, -999, -999, -999, -999, -999, -999
19160713, 0600,  , HU, 30.2N,  77.7W,  80, -999, -999, -999, -999, -999, -999, -999, -999, -999, -999, -999, -999, -999, -999
19160713, 1200,  , HU, 30.7N,  78.4W,  90, -999, -999, -999, -999, -999, -999, -999, -999, -999, -999, -999, -999, -999, -999
19160713, 1800,  , HU, 31.3N,  78.9W, 100, -999, -999, -999, -999, -999, -999, -999, -999, -999, -999, -999, -999, -999, -999
19160714, 0000,  , HU, 32.0N,  79.2W, 100, -999, -999, -999, -999, -999, -999, -999, -999, -999, -999, -999, -999, -999, -999
19160714, 0600,  , HU, 32.6N,  79.4W,  95,  960, -999, -999, -999, -999, -999, -999, -999, -999, -999, -999, -999, -999, -999
19160714, 0800, L, HU, 32.9N,  79.5W,  95,  960, -999, -999, -999, -999, -999, -999, -999, -999, -999, -999, -999, -999,   20
19160714, 1200,  , HU, 33.2N,  79.7W,  70, -999, -999, -999, -999, -999, -999, -999, -999, -999, -999, -999, -999, -999, -999
19160714, 1800,  , TS, 33.7N,  80.2W,  55, -999, -999, -999, -999, -999, -999, -999, -999, -999, -999, -999, -999, -999, -999
19160715, 0000,  , TS, 34.2N,  80.9W,  50, -999, -999, -999, -999, -999, -999, -999, -999, -999, -999, -999, -999, -999, -999
19160715, 0600,  , TS, 34.6N,  81.8W,  45, -999, -999, -999, -999, -999, -999, -999, -999, -999, -999, -999, -999, -999, -999
19160715, 1200,  , TS, 35.0N,  82.7W,  35, -999, -999, -999, -999, -999, -999, -999, -999, -999, -999, -999, -999, -999, -999
19160715, 1800,  , TD, 35.4N,  83.6W,  30, -999, -999, -999, -999, -999, -999, -999, -999, -999, -999, -999, -999, -999, -999
AL051916,            UNNAMED,     10,
19160804, 1200,  , TS, 24.0N,  94.0W,  35, -999, -999, -999, -999, -999, -999, -999, -999, -999, -999, -999, -999, -999, -999
19160804, 1800,  , TS, 24.0N,  94.5W,  35, -999, -999, -999, -999, -999, -999, -999, -999, -999, -999, -999, -999, -999, -999
19160805, 0000,  , TS, 24.1N,  95.0W,  40, -999, -999, -999, -999, -999, -999, -999, -999, -999, -999, -999, -999, -999, -999
19160805, 0600,  , TS, 24.2N,  95.5W,  40, -999, -999, -999, -999, -999, -999, -999, -999, -999, -999, -999, -999, -999, -999
19160805, 1200,  , TS, 24.3N,  96.0W,  45, -999, -999, -999, -999, -999, -999, -999, -999, -999, -999, -999, -999, -999, -999
19160805, 1800,  , TS, 24.4N,  96.5W,  45, -999, -999, -999, -999, -999, -999, -999, -999, -999, -999, -999, -999, -999, -999
19160806, 0000,  , TS, 24.6N,  97.1W,  50, -999, -999, -999, -999, -999, -999, -999, -999, -999, -999, -999, -999, -999, -999
19160806, 0600,  , TS, 24.8N,  97.7W,  50, -999, -999, -999, -999, -999, -999, -999, -999, -999, -999, -999, -999, -999, -999
19160806, 1200,  , TS, 25.0N,  98.5W,  35, -999, -999, -999, -999, -999, -999, -999, -999, -999, -999, -999, -999, -999, -999
19160806, 1800,  , TD, 25.2N,  99.5W,  25, -999, -999, -999, -999, -999, -999, -999, -999, -999, -999, -999, -999, -999, -999
AL061916,            UNNAMED,     33,
19160812, 0600,  , TS, 13.4N,  55.0W,  35, -999, -999, -999, -999, -999, -999, -999, -999, -999, -999, -999, -999, -999, -999
19160812, 1200,  , TS, 13.5N,  56.4W,  40, -999, -999, -999, -999, -999, -999, -999, -999, -999, -999, -999, -999, -999, -999
19160812, 1800,  , TS, 13.6N,  57.8W,  40, -999, -999, -999, -999, -999, -999, -999, -999, -999, -999, -999, -999, -999, -999
19160813, 0000,  , TS, 13.8N,  59.2W,  45, -999, -999, -999, -999, -999, -999, -999, -999, -999, -999, -999, -999, -999, -999
19160813, 0600,  , TS, 13.9N,  60.6W,  45, -999, -999, -999, -999, -999, -999, -999, -999, -999, -999, -999, -999, -999, -999
19160813, 1200,  , TS, 14.0N,  62.0W,  50, -999, -999, -999, -999, -999, -999, -999, -999, -999, -999, -999, -999, -999, -999
19160813, 1800,  , TS, 14.1N,  63.6W,  50, -999, -999, -999, -999, -999, -999, -999, -999, -999, -999, -999, -999, -999, -999
19160814, 0000,  , TS, 14.2N,  65.3W,  55, -999, -999, -999, -999, -999, -999, -999, -999, -999, -999, -999, -999, -999, -999
19160814, 0600,  , TS, 14.3N,  66.9W,  60, -999, -999, -999, -999, -999, -999, -999, -999, -999, -999, -999, -999, -999, -999
19160814, 1200,  , TS, 14.5N,  68.5W,  60, -999, -999, -999, -999, -999, -999, -999, -999, -999, -999, -999, -999, -999, -999
19160814, 1800,  , TS, 14.7N,  70.0W,  60, -999, -999, -999, -999, -999, -999, -999, -999, -999, -999, -999, -999, -999, -999
19160815, 0000,  , HU, 15.0N,  71.3W,  65, -999, -999, -999, -999, -999, -999, -999, -999, -999, -999, -999, -999, -999, -999
19160815, 0600,  , HU, 15.4N,  72.6W,  65, -999, -999, -999, -999, -999, -999, -999, -999, -999, -999, -999, -999, -999, -999
19160815, 1200,  , HU, 16.0N,  74.0W,  70, -999, -999, -999, -999, -999, -999, -999, -999, -999, -999, -999, -999, -999, -999
19160815, 1800,  , HU, 16.8N,  75.6W,  70, -999, -999, -999, -999, -999, -999, -999, -999, -999, -999, -999, -999, -999, -999
19160816, 0000,  , HU, 17.8N,  77.3W,  75, -999, -999, -999, -999, -999, -999, -999, -999, -999, -999, -999, -999, -999, -999
19160816, 0600,  , HU, 18.9N,  79.0W,  75, -999, -999, -999, -999, -999, -999, -999, -999, -999, -999, -999, -999, -999, -999
19160816, 1200,  , HU, 19.8N,  80.7W,  80, -999, -999, -999, -999, -999, -999, -999, -999, -999, -999, -999, -999, -999, -999
19160816, 1800,  , HU, 20.5N,  82.4W,  85, -999, -999, -999, -999, -999, -999, -999, -999, -999, -999, -999, -999, -999, -999
19160817, 0000,  , HU, 21.0N,  84.1W,  90, -999, -999, -999, -999, -999, -999, -999, -999, -999, -999, -999, -999, -999, -999
19160817, 0600,  , HU, 21.5N,  85.8W,  95, -999, -999, -999, -999, -999, -999, -999, -999, -999, -999, -999, -999, -999, -999
19160817, 1200,  , HU, 22.0N,  87.6W, 105, -999, -999, -999, -999, -999, -999, -999, -999, -999, -999, -999, -999, -999, -999
19160817, 1800,  , HU, 22.8N,  89.4W, 110, -999, -999, -999, -999, -999, -999, -999, -999, -999, -999, -999, -999, -999, -999
19160818, 0000,  , HU, 23.7N,  91.2W, 115, -999, -999, -999, -999, -999, -999, -999, -999, -999, -999, -999, -999, -999, -999
19160818, 0600,  , HU, 24.6N,  93.0W, 115, -999, -999, -999, -999, -999, -999, -999, -999, -999, -999, -999, -999, -999, -999
19160818, 1200,  , HU, 25.5N,  94.7W, 115, -999, -999, -999, -999, -999, -999, -999, -999, -999, -999, -999, -999, -999, -999
19160818, 1800,  , HU, 26.4N,  96.3W, 115,  932, -999, -999, -999, -999, -999, -999, -999, -999, -999, -999, -999, -999, -999
19160818, 2200, L, HU, 27.0N,  97.4W, 115,  932, -999, -999, -999, -999, -999, -999, -999, -999, -999, -999, -999, -999,   25
19160819, 0000,  , HU, 27.2N,  97.8W,  90,  940, -999, -999, -999, -999, -999, -999, -999, -999, -999, -999, -999, -999, -999
19160819, 0600,  , TS, 28.1N,  99.3W,  60, -999, -999, -999, -999, -999, -999, -999, -999, -999, -999, -999, -999, -999, -999
19160819, 1200,  , TS, 29.1N, 100.7W,  40, -999, -999, -999, -999, -999, -999, -999, -999, -999, -999, -999, -999, -999, -999
19160819, 1800,  , TD, 30.1N, 101.7W,  30, -999, -999, -999, -999, -999, -999, -999, -999, -999, -999, -999, -999, -999, -999
19160820, 0000,  , TD, 31.2N, 102.5W,  25, -999, -999, -999, -999, -999, -999, -999, -999, -999, -999, -999, -999, -999, -999
AL071916,            UNNAMED,     22,
19160821, 0600,  , TS, 16.0N,  60.3W,  55, -999, -999, -999, -999, -999, -999, -999, -999, -999, -999, -999, -999, -999, -999
19160821, 1200,  , HU, 16.5N,  61.5W,  65, -999, -999, -999, -999, -999, -999, -999, -999, -999, -999, -999, -999, -999, -999
19160821, 1800,  , HU, 17.0N,  62.7W,  75, -999, -999, -999, -999, -999, -999, -999, -999, -999, -999, -999, -999, -999, -999
19160822, 0000,  , HU, 17.4N,  63.9W,  85, -999, -999, -999, -999, -999, -999, -999, -999, -999, -999, -999, -999, -999, -999
19160822, 0600,  , HU, 17.8N,  65.2W,  95, -999, -999, -999, -999, -999, -999, -999, -999, -999, -999, -999, -999, -999, -999
19160822, 1200,  , HU, 18.2N,  66.5W,  75, -999, -999, -999, -999, -999, -999, -999, -999, -999, -999, -999, -999, -999, -999
19160822, 1800,  , HU, 18.6N,  68.0W,  65, -999, -999, -999, -999, -999, -999, -999, -999, -999, -999, -999, -999, -999, -999
19160823, 0000,  , TS, 19.0N,  69.7W,  60, -999, -999, -999, -999, -999, -999, -999, -999, -999, -999, -999, -999, -999, -999
19160823, 0600,  , TS, 19.5N,  71.4W,  55, -999, -999, -999, -999, -999, -999, -999, -999, -999, -999, -999, -999, -999, -999
19160823, 1200,  , TS, 20.0N,  72.9W,  45, -999, -999, -999, -999, -999, -999, -999, -999, -999, -999, -999, -999, -999, -999
19160823, 1800,  , TS, 20.7N,  74.1W,  45, -999, -999, -999, -999, -999, -999, -999, -999, -999, -999, -999, -999, -999, -999
19160824, 0000,  , TS, 21.5N,  75.2W,  40, -999, -999, -999, -999, -999, -999, -999, -999, -999, -999, -999, -999, -999, -999
19160824, 0600,  , TS, 22.2N,  76.2W,  40, -999, -999, -999, -999, -999, -999, -999, -999, -999, -999, -999, -999, -999, -999
19160824, 1200,  , TS, 23.0N,  77.2W,  35, -999, -999, -999, -999, -999, -999, -999, -999, -999, -999, -999, -999, -999, -999
19160824, 1800,  , TS, 23.7N,  78.2W,  35, -999, -999, -999, -999, -999, -999, -999, -999, -999, -999, -999, -999, -999, -999
19160825, 0000,  , TS, 24.4N,  79.2W,  40, -999, -999, -999, -999, -999, -999, -999, -999, -999, -999, -999, -999, -999, -999
19160825, 0600,  , TS, 25.2N,  80.1W,  40, -999, -999, -999, -999, -999, -999, -999, -999, -999, -999, -999, -999, -999, -999
19160825, 0800, L, TS, 25.6N,  80.3W,  40, -999, -999, -999, -999, -999, -999, -999, -999, -999, -999, -999, -999, -999, -999
19160825, 1200,  , TS, 26.0N,  80.5W,  40, -999, -999, -999, -999, -999, -999, -999, -999, -999, -999, -999, -999, -999, -999
19160825, 1800,  , TS, 26.9N,  80.7W,  35, -999, -999, -999, -999, -999, -999, -999, -999, -999, -999, -999, -999, -999, -999
19160826, 0000,  , TD, 27.9N,  80.8W,  30, -999, -999, -999, -999, -999, -999, -999, -999, -999, -999, -999, -999, -999, -999
19160826, 0600,  , TD, 29.0N,  80.8W,  30, -999, -999, -999, -999, -999, -999, -999, -999, -999, -999, -999, -999, -999, -999
AL081916,            UNNAMED,     26,
19160827, 0600,  , TS, 14.0N,  47.6W,  60, -999, -999, -999, -999, -999, -999, -999, -999, -999, -999, -999, -999, -999, -999
19160827, 1200,  , TS, 14.0N,  49.3W,  60, -999, -999, -999, -999, -999, -999, -999, -999, -999, -999, -999, -999, -999, -999
19160827, 1800,  , HU, 14.3N,  51.2W,  65, -999, -999, -999, -999, -999, -999, -999, -999, -999, -999, -999, -999, -999, -999
19160828, 0000,  , HU, 14.7N,  53.2W,  65, -999, -999, -999, -999, -999, -999, -999, -999, -999, -999, -999, -999, -999, -999
19160828, 0600,  , HU, 15.1N,  55.2W,  70, -999, -999, -999, -999, -999, -999, -999, -999, -999, -999, -999, -999, -999, -999
19160828, 1200,  , HU, 15.3N,  57.2W,  70, -999, -999, -999, -999, -999, -999, -999, -999, -999, -999, -999, -999, -999, -999
19160828, 1800,  , HU, 15.4N,  59.4W,  70, -999, -999, -999, -999, -999, -999, -999, -999, -999, -999, -999, -999, -999, -999
19160829, 0000,  , HU, 15.5N,  61.6W,  70,  986, -999, -999, -999, -999, -999, -999, -999, -999, -999, -999, -999, -999, -999
19160829, 0600,  , HU, 15.6N,  63.8W,  70, -999, -999, -999, -999, -999, -999, -999, -999, -999, -999, -999, -999, -999, -999
19160829, 1200,  , HU, 15.6N,  66.0W,  70, -999, -999, -999, -999, -999, -999, -999, -999, -999, -999, -999, -999, -999, -999
19160829, 1800,  , HU, 15.7N,  68.1W,  70, -999, -999, -999, -999, -999, -999, -999, -999, -999, -999, -999, -999, -999, -999
19160830, 0000,  , HU, 15.9N,  70.2W,  70, -999, -999, -999, -999, -999, -999, -999, -999, -999, -999, -999, -999, -999, -999
19160830, 0600,  , HU, 16.0N,  72.2W,  65, -999, -999, -999, -999, -999, -999, -999, -999, -999, -999, -999, -999, -999, -999
19160830, 1200,  , TS, 16.2N,  74.2W,  60, -999, -999, -999, -999, -999, -999, -999, -999, -999, -999, -999, -999, -999, -999
19160830, 1800,  , TS, 16.6N,  76.2W,  55, -999, -999, -999, -999, -999, -999, -999, -999, -999, -999, -999, -999, -999, -999
19160831, 0000,  , TS, 16.8N,  78.2W,  50, -999, -999, -999, -999, -999, -999, -999, -999, -999, -999, -999, -999, -999, -999
19160831, 0600,  , TS, 17.0N,  80.1W,  45, -999, -999, -999, -999, -999, -999, -999, -999, -999, -999, -999, -999, -999, -999
19160831, 1200,  , TS, 17.4N,  82.0W,  40, -999, -999, -999, -999, -999, -999, -999, -999, -999, -999, -999, -999, -999, -999
19160831, 1800,  , TS, 17.7N,  83.2W,  40, -999, -999, -999, -999, -999, -999, -999, -999, -999, -999, -999, -999, -999, -999
19160901, 0000,  , TS, 18.0N,  84.3W,  40, -999, -999, -999, -999, -999, -999, -999, -999, -999, -999, -999, -999, -999, -999
19160901, 0600,  , TS, 18.1N,  85.4W,  45, -999, -999, -999, -999, -999, -999, -999, -999, -999, -999, -999, -999, -999, -999
19160901, 1200,  , TS, 18.2N,  86.5W,  50, -999, -999, -999, -999, -999, -999, -999, -999, -999, -999, -999, -999, -999, -999
19160901, 1800,  , TS, 18.1N,  87.6W,  50, -999, -999, -999, -999, -999, -999, -999, -999, -999, -999, -999, -999, -999, -999
19160902, 0000,  , TS, 17.9N,  88.7W,  40, -999, -999, -999, -999, -999, -999, -999, -999, -999, -999, -999, -999, -999, -999
19160902, 0600,  , TS, 17.5N,  89.8W,  35, -999, -999, -999, -999, -999, -999, -999, -999, -999, -999, -999, -999, -999, -999
19160902, 1200,  , TD, 17.0N,  91.0W,  30, -999, -999, -999, -999, -999, -999, -999, -999, -999, -999, -999, -999, -999, -999
AL091916,            UNNAMED,     11,
19160904, 1200,  , TS, 24.2N,  75.5W,  35, -999, -999, -999, -999, -999, -999, -999, -999, -999, -999, -999, -999, -999, -999
19160904, 1800,  , TS, 25.9N,  76.5W,  35, -999, -999, -999, -999, -999, -999, -999, -999, -999, -999, -999, -999, -999, -999
19160905, 0000,  , TS, 27.5N,  77.4W,  40, -999, -999, -999, -999, -999, -999, -999, -999, -999, -999, -999, -999, -999, -999
19160905, 0600,  , TS, 29.0N,  78.1W,  40, -999, -999, -999, -999, -999, -999, -999, -999, -999, -999, -999, -999, -999, -999
19160905, 1200,  , TS, 30.5N,  78.5W,  45, -999, -999, -999, -999, -999, -999, -999, -999, -999, -999, -999, -999, -999, -999
19160905, 1800,  , TS, 31.7N,  78.6W,  45, -999, -999, -999, -999, -999, -999, -999, -999, -999, -999, -999, -999, -999, -999
19160906, 0000,  , TS, 32.8N,  78.5W,  45, -999, -999, -999, -999, -999, -999, -999, -999, -999, -999, -999, -999, -999, -999
19160906, 0600, L, TS, 33.9N,  78.3W,  45, -999, -999, -999, -999, -999, -999, -999, -999, -999, -999, -999, -999, -999, -999
19160906, 1200,  , TS, 35.0N,  78.1W,  35, -999, -999, -999, -999, -999, -999, -999, -999, -999, -999, -999, -999, -999, -999
19160906, 1800,  , TD, 35.9N,  77.7W,  30, -999, -999, -999, -999, -999, -999, -999, -999, -999, -999, -999, -999, -999, -999
19160907, 0000,  , TD, 36.5N,  77.0W,  25, -999, -999, -999, -999, -999, -999, -999, -999, -999, -999, -999, -999, -999, -999
AL101916,            UNNAMED,     35,
19160913, 1200,  , TD, 20.5N,  56.0W,  30, -999, -999, -999, -999, -999, -999, -999, -999, -999, -999, -999, -999, -999, -999
19160913, 1800,  , TD, 20.7N,  57.2W,  30, -999, -999, -999, -999, -999, -999, -999, -999, -999, -999, -999, -999, -999, -999
19160914, 0000,  , TD, 20.8N,  58.4W,  30, -999, -999, -999, -999, -999, -999, -999, -999, -999, -999, -999, -999, -999, -999
19160914, 0600,  , TS, 20.9N,  59.6W,  35, -999, -999, -999, -999, -999, -999, -999, -999, -999, -999, -999, -999, -999, -999
19160914, 1200,  , TS, 21.0N,  60.7W,  35, -999, -999, -999, -999, -999, -999, -999, -999, -999, -999, -999, -999, -999, -999
19160914, 1800,  , TS, 21.1N,  61.6W,  35, -999, -999, -999, -999, -999, -999, -999, -999, -999, -999, -999, -999, -999, -999
19160915, 0000,  , TS, 21.2N,  62.5W,  35, -999, -999, -999, -999, -999, -999, -999, -999, -999, -999, -999, -999, -999, -999
19160915, 0600,  , TS, 21.3N,  63.4W,  40, -999, -999, -999, -999, -999, -999, -999, -999, -999, -999, -999, -999, -999, -999
19160915, 1200,  , TS, 21.5N,  64.0W,  40, -999, -999, -999, -999, -999, -999, -999, -999, -999, -999, -999, -999, -999, -999
19160915, 1800,  , TS, 22.0N,  64.1W,  40, -999, -999, -999, -999, -999, -999, -999, -999, -999, -999, -999, -999, -999, -999
19160916, 0000,  , TS, 22.7N,  63.9W,  40, -999, -999, -999, -999, -999, -999, -999, -999, -999, -999, -999, -999, -999, -999
19160916, 0600,  , TS, 23.7N,  63.5W,  40, -999, -999, -999, -999, -999, -999, -999, -999, -999, -999, -999, -999, -999, -999
19160916, 1200,  , TS, 24.8N,  63.0W,  40, -999, -999, -999, -999, -999, -999, -999, -999, -999, -999, -999, -999, -999, -999
19160916, 1800,  , TS, 26.0N,  62.5W,  40, -999, -999, -999, -999, -999, -999, -999, -999, -999, -999, -999, -999, -999, -999
19160917, 0000,  , TS, 27.2N,  62.0W,  45, -999, -999, -999, -999, -999, -999, -999, -999, -999, -999, -999, -999, -999, -999
19160917, 0600,  , TS, 28.5N,  61.5W,  50, -999, -999, -999, -999, -999, -999, -999, -999, -999, -999, -999, -999, -999, -999
19160917, 1200,  , TS, 29.7N,  61.0W,  55, -999, -999, -999, -999, -999, -999, -999, -999, -999, -999, -999, -999, -999, -999
19160917, 1800,  , TS, 30.7N,  60.1W,  60, -999, -999, -999, -999, -999, -999, -999, -999, -999, -999, -999, -999, -999, -999
19160918, 0000,  , HU, 31.7N,  58.9W,  65, -999, -999, -999, -999, -999, -999, -999, -999, -999, -999, -999, -999, -999, -999
19160918, 0600,  , HU, 32.7N,  57.4W,  70, -999, -999, -999, -999, -999, -999, -999, -999, -999, -999, -999, -999, -999, -999
19160918, 1200,  , HU, 33.7N,  55.9W,  75, -999, -999, -999, -999, -999, -999, -999, -999, -999, -999, -999, -999, -999, -999
19160918, 1800,  , HU, 34.6N,  54.6W,  75, -999, -999, -999, -999, -999, -999, -999, -999, -999, -999, -999, -999, -999, -999
19160919, 0000,  , HU, 35.4N,  53.2W,  75, -999, -999, -999, -999, -999, -999, -999, -999, -999, -999, -999, -999, -999, -999
19160919, 0600,  , HU, 36.2N,  51.9W,  75, -999, -999, -999, -999, -999, -999, -999, -999, -999, -999, -999, -999, -999, -999
19160919, 1200,  , HU, 37.0N,  50.5W,  70, -999, -999, -999, -999, -999, -999, -999, -999, -999, -999, -999, -999, -999, -999
19160919, 1800,  , HU, 37.6N,  49.0W,  70, -999, -999, -999, -999, -999, -999, -999, -999, -999, -999, -999, -999, -999, -999
19160920, 0000,  , HU, 38.0N,  47.5W,  70, -999, -999, -999, -999, -999, -999, -999, -999, -999, -999, -999, -999, -999, -999
19160920, 0600,  , HU, 38.3N,  46.0W,  65, -999, -999, -999, -999, -999, -999, -999, -999, -999, -999, -999, -999, -999, -999
19160920, 1200,  , HU, 38.6N,  44.5W,  65, -999, -999, -999, -999, -999, -999, -999, -999, -999, -999, -999, -999, -999, -999
19160920, 1800,  , TS, 38.7N,  43.1W,  60, -999, -999, -999, -999, -999, -999, -999, -999, -999, -999, -999, -999, -999, -999
19160921, 0000,  , TS, 38.7N,  41.8W,  50, -999, -999, -999, -999, -999, -999, -999, -999, -999, -999, -999, -999, -999, -999
19160921, 0600,  , TS, 38.7N,  40.6W,  40, -999, -999, -999, -999, -999, -999, -999, -999, -999, -999, -999, -999, -999, -999
19160921, 1200,  , TS, 38.7N,  39.5W,  35, -999, -999, -999, -999, -999, -999, -999, -999, -999, -999, -999, -999, -999, -999
19160921, 1800,  , TD, 38.7N,  38.5W,  30, -999, -999, -999, -999, -999, -999, -999, -999, -999, -999, -999, -999, -999, -999
19160922, 0000,  , EX, 38.7N,  37.5W,  25, -999, -999, -999, -999, -999, -999, -999, -999, -999, -999, -999, -999, -999, -999
AL111916,            UNNAMED,     31,
19160917, 1200,  , TS, 13.0N,  45.5W,  35, -999, -999, -999, -999, -999, -999, -999, -999, -999, -999, -999, -999, -999, -999
19160917, 1800,  , TS, 13.5N,  46.7W,  35, -999, -999, -999, -999, -999, -999, -999, -999, -999, -999, -999, -999, -999, -999
19160918, 0000,  , TS, 14.0N,  47.7W,  40, -999, -999, -999, -999, -999, -999, -999, -999, -999, -999, -999, -999, -999, -999
19160918, 0600,  , TS, 14.5N,  48.8W,  45, -999, -999, -999, -999, -999, -999, -999, -999, -999, -999, -999, -999, -999, -999
19160918, 1200,  , TS, 15.0N,  50.0W,  50, -999, -999, -999, -999, -999, -999, -999, -999, -999, -999, -999, -999, -999, -999
19160918, 1800,  , TS, 15.5N,  51.3W,  50, -999, -999, -999, -999, -999, -999, -999, -999, -999, -999, -999, -999, -999, -999
19160919, 0000,  , TS, 16.1N,  52.5W,  55, -999, -999, -999, -999, -999, -999, -999, -999, -999, -999, -999, -999, -999, -999
19160919, 0600,  , TS, 16.8N,  53.8W,  55, -999, -999, -999, -999, -999, -999, -999, -999, -999, -999, -999, -999, -999, -999
19160919, 1200,  , TS, 17.5N,  55.0W,  60, -999, -999, -999, -999, -999, -999, -999, -999, -999, -999, -999, -999, -999, -999
19160919, 1800,  , HU, 18.1N,  56.3W,  65, -999, -999, -999, -999, -999, -999, -999, -999, -999, -999, -999, -999, -999, -999
19160920, 0000,  , HU, 18.7N,  57.7W,  70, -999, -999, -999, -999, -999, -999, -999, -999, -999, -999, -999, -999, -999, -999
19160920, 0600,  , HU, 19.3N,  59.2W,  75, -999, -999, -999, -999, -999, -999, -999, -999, -999, -999, -999, -999, -999, -999
19160920, 1200,  , HU, 20.0N,  60.7W,  80, -999, -999, -999, -999, -999, -999, -999, -999, -999, -999, -999, -999, -999, -999
19160920, 1800,  , HU, 20.7N,  62.1W,  80, -999, -999, -999, -999, -999, -999, -999, -999, -999, -999, -999, -999, -999, -999
19160921, 0000,  , HU, 21.3N,  63.4W,  85, -999, -999, -999, -999, -999, -999, -999, -999, -999, -999, -999, -999, -999, -999
19160921, 0600,  , HU, 21.9N,  64.6W,  85, -999, -999, -999, -999, -999, -999, -999, -999, -999, -999, -999, -999, -999, -999
19160921, 1200,  , HU, 22.5N,  65.5W,  90, -999, -999, -999, -999, -999, -999, -999, -999, -999, -999, -999, -999, -999, -999
19160921, 1800,  , HU, 23.2N,  66.2W,  90, -999, -999, -999, -999, -999, -999, -999, -999, -999, -999, -999, -999, -999, -999
19160922, 0000,  , HU, 24.0N,  66.7W,  95, -999, -999, -999, -999, -999, -999, -999, -999, -999, -999, -999, -999, -999, -999
19160922, 0600,  , HU, 24.9N,  67.1W, 100, -999, -999, -999, -999, -999, -999, -999, -999, -999, -999, -999, -999, -999, -999
19160922, 1200,  , HU, 25.8N,  67.5W, 105, -999, -999, -999, -999, -999, -999, -999, -999, -999, -999, -999, -999, -999, -999
19160922, 1800,  , HU, 26.8N,  67.7W, 105, -999, -999, -999, -999, -999, -999, -999, -999, -999, -999, -999, -999, -999, -999
19160923, 0000,  , HU, 27.9N,  67.8W, 105, -999, -999, -999, -999, -999, -999, -999, -999, -999, -999, -999, -999, -999, -999
19160923, 0600,  , HU, 29.1N,  67.8W, 105, -999, -999, -999, -999, -999, -999, -999, -999, -999, -999, -999, -999, -999, -999
19160923, 1200,  , HU, 30.5N,  67.5W, 105, -999, -999, -999, -999, -999, -999, -999, -999, -999, -999, -999, -999, -999, -999
19160923, 1800,  , HU, 32.0N,  67.0W, 105, -999, -999, -999, -999, -999, -999, -999, -999, -999, -999, -999, -999, -999, -999
19160924, 0000,  , HU, 33.7N,  65.5W, 100, -999, -999, -999, -999, -999, -999, -999, -999, -999, -999, -999, -999, -999, -999
19160924, 0600,  , HU, 35.5N,  63.8W,  95, -999, -999, -999, -999, -999, -999, -999, -999, -999, -999, -999, -999, -999, -999
19160924, 1200,  , HU, 37.5N,  61.7W,  85, -999, -999, -999, -999, -999, -999, -999, -999, -999, -999, -999, -999, -999, -999
19160924, 1800,  , HU, 39.5N,  59.5W,  75, -999, -999, -999, -999, -999, -999, -999, -999, -999, -999, -999, -999, -999, -999
19160925, 0000,  , EX, 42.0N,  57.0W,  60, -999, -999, -999, -999, -999, -999, -999, -999, -999, -999, -999, -999, -999, -999
AL121916,            UNNAMED,     13,
19161002, 0600,  , TS, 26.5N,  74.6W,  40, -999, -999, -999, -999, -999, -999, -999, -999, -999, -999, -999, -999, -999, -999
19161002, 1200,  , TS, 27.1N,  75.0W,  40, -999, -999, -999, -999, -999, -999, -999, -999, -999, -999, -999, -999, -999, -999
19161002, 1800,  , TS, 27.8N,  75.4W,  40, -999, -999, -999, -999, -999, -999, -999, -999, -999, -999, -999, -999, -999, -999
19161003, 0000,  , TS, 28.6N,  75.8W,  45, -999, -999, -999, -999, -999, -999, -999, -999, -999, -999, -999, -999, -999, -999
19161003, 0600,  , TS, 29.4N,  76.2W,  45, -999, -999, -999, -999, -999, -999, -999, -999, -999, -999, -999, -999, -999, -999
19161003, 1200,  , TS, 30.0N,  76.5W,  50, -999, -999, -999, -999, -999, -999, -999, -999, -999, -999, -999, -999, -999, -999
19161003, 1800,  , TS, 30.5N,  76.8W,  50, -999, -999, -999, -999, -999, -999, -999, -999, -999, -999, -999, -999, -999, -999
19161004, 0000,  , TS, 31.0N,  77.2W,  50, -999, -999, -999, -999, -999, -999, -999, -999, -999, -999, -999, -999, -999, -999
19161004, 0600,  , TS, 31.4N,  77.7W,  50, -999, -999, -999, -999, -999, -999, -999, -999, -999, -999, -999, -999, -999, -999
19161004, 1200,  , TS, 31.7N,  78.4W,  50, 1000, -999, -999, -999, -999, -999, -999, -999, -999, -999, -999, -999, -999, -999
19161004, 1800,  , TS, 31.6N,  80.1W,  50, -999, -999, -999, -999, -999, -999, -999, -999, -999, -999, -999, -999, -999, -999
19161004, 2100, L, TS, 31.5N,  81.4W,  50, -999, -999, -999, -999, -999, -999, -999, -999, -999, -999, -999, -999, -999, -999
19161005, 0000,  , TD, 31.4N,  83.0W,  30, -999, -999, -999, -999, -999, -999, -999, -999, -999, -999, -999, -999, -999, -999
AL131916,            UNNAMED,     36,
19161006, 0600,  , TD, 11.7N,  59.2W,  30, -999, -999, -999, -999, -999, -999, -999, -999, -999, -999, -999, -999, -999, -999
19161006, 1200,  , TD, 12.1N,  59.5W,  30, -999, -999, -999, -999, -999, -999, -999, -999, -999, -999, -999, -999, -999, -999
19161006, 1800,  , TD, 12.5N,  59.8W,  30, -999, -999, -999, -999, -999, -999, -999, -999, -999, -999, -999, -999, -999, -999
19161007, 0000,  , TD, 12.9N,  60.2W,  30, -999, -999, -999, -999, -999, -999, -999, -999, -999, -999, -999, -999, -999, -999
19161007, 0600,  , TD, 13.2N,  60.6W,  30, -999, -999, -999, -999, -999, -999, -999, -999, -999, -999, -999, -999, -999, -999
19161007, 1200,  , TS, 13.5N,  61.0W,  35, -999, -999, -999, -999, -999, -999, -999, -999, -999, -999, -999, -999, -999, -999
19161007, 1800,  , TS, 13.7N,  61.5W,  40, -999, -999, -999, -999, -999, -999, -999, -999, -999, -999, -999, -999, -999, -999
19161008, 0000,  , TS, 13.9N,  62.0W,  45, -999, -999, -999, -999, -999, -999, -999, -999, -999, -999, -999, -999, -999, -999
19161008, 0600,  , TS, 14.2N,  62.5W,  50, -999, -999, -999, -999, -999, -999, -999, -999, -999, -999, -999, -999, -999, -999
19161008, 1200,  , TS, 14.5N,  63.0W,  55, -999, -999, -999, -999, -999, -999, -999, -999, -999, -999, -999, -999, -999, -999
19161008, 1800,  , TS, 15.0N,  63.3W,  60, -999, -999, -999, -999, -999, -999, -999, -999, -999, -999, -999, -999, -999, -999
19161009, 0000,  , HU, 15.5N,  63.6W,  65, -999, -999, -999, -999, -999, -999, -999, -999, -999, -999, -999, -999, -999, -999
19161009, 0600,  , HU, 16.0N,  63.9W,  75, -999, -999, -999, -999, -999, -999, -999, -999, -999, -999, -999, -999, -999, -999
19161009, 1200,  , HU, 16.5N,  64.2W,  85, -999, -999, -999, -999, -999, -999, -999, -999, -999, -999, -999, -999, -999, -999
19161009, 1800,  , HU, 17.3N,  64.4W,  95,  963, -999, -999, -999, -999, -999, -999, -999, -999, -999, -999, -999, -999, -999
19161010, 0000,  , HU, 18.4N,  64.5W,  95, -999, -999, -999, -999, -999, -999, -999, -999, -999, -999, -999, -999, -999, -999
19161010, 0600,  , HU, 19.7N,  64.6W,  95, -999, -999, -999, -999, -999, -999, -999, -999, -999, -999, -999, -999, -999, -999
19161010, 1200,  , HU, 20.9N,  64.7W,  95, -999, -999, -999, -999, -999, -999, -999, -999, -999, -999, -999, -999, -999, -999
19161010, 1800,  , HU, 21.9N,  64.7W,  95, -999, -999, -999, -999, -999, -999, -999, -999, -999, -999, -999, -999, -999, -999
19161011, 0000,  , HU, 22.9N,  64.7W,  95, -999, -999, -999, -999, -999, -999, -999, -999, -999, -999, -999, -999, -999, -999
19161011, 0600,  , HU, 23.9N,  64.6W,  95, -999, -999, -999, -999, -999, -999, -999, -999, -999, -999, -999, -999, -999, -999
19161011, 1200,  , HU, 24.8N,  64.5W, 100, -999, -999, -999, -999, -999, -999, -999, -999, -999, -999, -999, -999, -999, -999
19161011, 1800,  , HU, 25.6N,  64.2W, 100, -999, -999, -999, -999, -999, -999, -999, -999, -999, -999, -999, -999, -999, -999
19161012, 0000,  , HU, 26.3N,  63.8W, 100, -999, -999, -999, -999, -999, -999, -999, -999, -999, -999, -999, -999, -999, -999
19161012, 0600,  , HU, 27.1N,  63.3W, 100, -999, -999, -999, -999, -999, -999, -999, -999, -999, -999, -999, -999, -999, -999
19161012, 1200,  , HU, 27.9N,  62.5W, 105, -999, -999, -999, -999, -999, -999, -999, -999, -999, -999, -999, -999, -999, -999
19161012, 1800,  , HU, 28.9N,  61.2W, 105, -999, -999, -999, -999, -999, -999, -999, -999, -999, -999, -999, -999, -999, -999
19161013, 0000,  , HU, 30.0N,  59.2W, 100, -999, -999, -999, -999, -999, -999, -999, -999, -999, -999, -999, -999, -999, -999
19161013, 0600,  , HU, 31.2N,  57.1W,  90, -999, -999, -999, -999, -999, -999, -999, -999, -999, -999, -999, -999, -999, -999
19161013, 1200,  , HU, 32.5N,  55.0W,  80, -999, -999, -999, -999, -999, -999, -999, -999, -999, -999, -999, -999, -999, -999
19161013, 1800,  , HU, 34.3N,  52.8W,  75, -999, -999, -999, -999, -999, -999, -999, -999, -999, -999, -999, -999, -999, -999
19161014, 0000,  , EX, 36.8N,  50.6W,  65, -999, -999, -999, -999, -999, -999, -999, -999, -999, -999, -999, -999, -999, -999
19161014, 0600,  , EX, 39.6N,  48.3W,  60, -999, -999, -999, -999, -999, -999, -999, -999, -999, -999, -999, -999, -999, -999
19161014, 1200,  , EX, 42.5N,  46.0W,  55, -999, -999, -999, -999, -999, -999, -999, -999, -999, -999, -999, -999, -999, -999
19161014, 1800,  , EX, 45.5N,  43.5W,  50, -999, -999, -999, -999, -999, -999, -999, -999, -999, -999, -999, -999, -999, -999
19161015, 0000,  , EX, 48.5N,  41.1W,  45, -999, -999, -999, -999, -999, -999, -999, -999, -999, -999, -999, -999, -999, -999
AL141916,            UNNAMED,     43,
19161009, 0600,  , TD, 18.5N,  75.6W,  25, -999, -999, -999, -999, -999, -999, -999, -999, -999, -999, -999, -999, -999, -999
19161009, 1200,  , TD, 18.0N,  76.0W,  25, -999, -999, -999, -999, -999, -999, -999, -999, -999, -999, -999, -999, -999, -999
19161009, 1800,  , TD, 17.6N,  76.4W,  25, -999, -999, -999, -999, -999, -999, -999, -999, -999, -999, -999, -999, -999, -999
19161010, 0000,  , TD, 17.2N,  76.8W,  30, -999, -999, -999, -999, -999, -999, -999, -999, -999, -999, -999, -999, -999, -999
19161010, 0600,  , TD, 16.8N,  77.2W,  30, -999, -999, -999, -999, -999, -999, -999, -999, -999, -999, -999, -999, -999, -999
19161010, 1200,  , TD, 16.5N,  77.5W,  30, -999, -999, -999, -999, -999, -999, -999, -999, -999, -999, -999, -999, -999, -999
19161010, 1800,  , TD, 16.3N,  77.8W,  30, -999, -999, -999, -999, -999, -999, -999, -999, -999, -999, -999, -999, -999, -999
19161011, 0000,  , TD, 16.1N,  78.0W,  30, -999, -999, -999, -999, -999, -999, -999, -999, -999, -999, -999, -999, -999, -999
19161011, 0600,  , TD, 16.0N,  78.2W,  30, -999, -999, -999, -999, -999, -999, -999, -999, -999, -999, -999, -999, -999, -999
19161011, 1200,  , TD, 16.0N,  78.5W,  30, -999, -999, -999, -999, -999, -999, -999, -999, -999, -999, -999, -999, -999, -999
19161011, 1800,  , TD, 16.1N,  78.8W,  30, -999, -999, -999, -999, -999, -999, -999, -999, -999, -999, -999, -999, -999, -999
19161012, 0000,  , TS, 16.3N,  79.0W,  35, -999, -999, -999, -999, -999, -999, -999, -999, -999, -999, -999, -999, -999, -999
19161012, 0600,  , TS, 16.4N,  79.2W,  40, -999, -999, -999, -999, -999, -999, -999, -999, -999, -999, -999, -999, -999, -999
19161012, 1200,  , TS, 16.5N,  79.5W,  45, -999, -999, -999, -999, -999, -999, -999, -999, -999, -999, -999, -999, -999, -999
19161012, 1800,  , TS, 16.5N,  79.7W,  50, -999, -999, -999, -999, -999, -999, -999, -999, -999, -999, -999, -999, -999, -999
19161013, 0000,  , TS, 16.5N,  79.9W,  55, -999, -999, -999, -999, -999, -999, -999, -999, -999, -999, -999, -999, -999, -999
19161013, 0600,  , TS, 16.5N,  80.1W,  60, -999, -999, -999, -999, -999, -999, -999, -999, -999, -999, -999, -999, -999, -999
19161013, 1200,  , HU, 16.5N,  80.5W,  65, -999, -999, -999, -999, -999, -999, -999, -999, -999, -999, -999, -999, -999, -999
19161013, 1800,  , HU, 16.5N,  81.1W,  75, -999, -999, -999, -999, -999, -999, -999, -999, -999, -999, -999, -999, -999, -999
19161014, 0000,  , HU, 16.5N,  81.8W,  85, -999, -999, -999, -999, -999, -999, -999, -999, -999, -999, -999, -999, -999, -999
19161014, 0600,  , HU, 16.7N,  82.7W,  95, -999, -999, -999, -999, -999, -999, -999, -999, -999, -999, -999, -999, -999, -999
19161014, 1200,  , HU, 17.0N,  83.6W,  95, -999, -999, -999, -999, -999, -999, -999, -999, -999, -999, -999, -999, -999, -999
19161014, 1800,  , HU, 17.3N,  84.5W,  95, -999, -999, -999, -999, -999, -999, -999, -999, -999, -999, -999, -999, -999, -999
19161015, 0000,  , HU, 17.7N,  85.4W,  95, -999, -999, -999, -999, -999, -999, -999, -999, -999, -999, -999, -999, -999, -999
19161015, 0600,  , HU, 18.1N,  86.3W,  95, -999, -999, -999, -999, -999, -999, -999, -999, -999, -999, -999, -999, -999, -999
19161015, 1200,  , HU, 18.6N,  87.2W,  95, -999, -999, -999, -999, -999, -999, -999, -999, -999, -999, -999, -999, -999, -999
19161015, 1800,  , HU, 19.1N,  88.2W,  65, -999, -999, -999, -999, -999, -999, -999, -999, -999, -999, -999, -999, -999, -999
19161016, 0000,  , TS, 19.7N,  89.0W,  50, -999, -999, -999, -999, -999, -999, -999, -999, -999, -999, -999, -999, -999, -999
19161016, 0600,  , TS, 20.3N,  89.9W,  40, -999, -999, -999, -999, -999, -999, -999, -999, -999, -999, -999, -999, -999, -999
19161016, 1200,  , TS, 21.0N,  90.5W,  40, -999, -999, -999, -999, -999, -999, -999, -999, -999, -999, -999, -999, -999, -999
19161016, 1800,  , TS, 21.7N,  90.7W,  50, -999, -999, -999, -999, -999, -999, -999, -999, -999, -999, -999, -999, -999, -999
19161017, 0000,  , TS, 22.4N,  90.8W,  60, -999, -999, -999, -999, -999, -999, -999, -999, -999, -999, -999, -999, -999, -999
19161017, 0600,  , HU, 23.2N,  90.6W,  70, -999, -999, -999, -999, -999, -999, -999, -999, -999, -999, -999, -999, -999, -999
19161017, 1200,  , HU, 24.0N,  90.3W,  80, -999, -999, -999, -999, -999, -999, -999, -999, -999, -999, -999, -999, -999, -999
19161017, 1800,  , HU, 25.2N,  89.7W,  85, -999, -999, -999, -999, -999, -999, -999, -999, -999, -999, -999, -999, -999, -999
19161018, 0000,  , HU, 26.5N,  89.0W,  90, -999, -999, -999, -999, -999, -999, -999, -999, -999, -999, -999, -999, -999, -999
19161018, 0600,  , HU, 27.9N,  88.2W,  95, -999, -999, -999, -999, -999, -999, -999, -999, -999, -999, -999, -999, -999, -999
19161018, 1200,  , HU, 29.6N,  87.5W,  95,  970, -999, -999, -999, -999, -999, -999, -999, -999, -999, -999, -999, -999, -999
19161018, 1400, L, HU, 30.4N,  87.4W,  95,  970, -999, -999, -999, -999, -999, -999, -999, -999, -999, -999, -999, -999,   20
19161018, 1800,  , HU, 31.6N,  87.2W,  65, -999, -999, -999, -999, -999, -999, -999, -999, -999, -999, -999, -999, -999, -999
19161019, 0000,  , TS, 33.9N,  87.6W,  45, -999, -999, -999, -999, -999, -999, -999, -999, -999, -999, -999, -999, -999, -999
19161019, 0600,  , TD, 36.2N,  88.2W,  30, -999, -999, -999, -999, -999, -999, -999, -999, -999, -999, -999, -999, -999, -999
19161019, 1200,  , EX, 38.5N,  89.0W,  25, -999, -999, -999, -999, -999, -999, -999, -999, -999, -999, -999, -999, -999, -999
AL151916,            UNNAMED,     22,
19161111, 0000,  , TD, 12.3N,  75.5W,  30, -999, -999, -999, -999, -999, -999, -999, -999, -999, -999, -999, -999, -999, -999
19161111, 0600,  , TD, 12.4N,  76.5W,  30, -999, -999, -999, -999, -999, -999, -999, -999, -999, -999, -999, -999, -999, -999
19161111, 1200,  , TD, 12.5N,  77.5W,  30, -999, -999, -999, -999, -999, -999, -999, -999, -999, -999, -999, -999, -999, -999
19161111, 1800,  , TD, 12.6N,  78.5W,  30, -999, -999, -999, -999, -999, -999, -999, -999, -999, -999, -999, -999, -999, -999
19161112, 0000,  , TS, 12.7N,  79.5W,  35, -999, -999, -999, -999, -999, -999, -999, -999, -999, -999, -999, -999, -999, -999
19161112, 0600,  , TS, 12.8N,  80.5W,  35, -999, -999, -999, -999, -999, -999, -999, -999, -999, -999, -999, -999, -999, -999
19161112, 1200,  , TS, 13.0N,  81.5W,  40, -999, -999, -999, -999, -999, -999, -999, -999, -999, -999, -999, -999, -999, -999
19161112, 1800,  , TS, 13.6N,  82.5W,  45, -999, -999, -999, -999, -999, -999, -999, -999, -999, -999, -999, -999, -999, -999
19161113, 0000,  , TS, 14.6N,  83.4W,  40, -999, -999, -999, -999, -999, -999, -999, -999, -999, -999, -999, -999, -999, -999
19161113, 0600,  , TS, 15.7N,  84.1W,  35, -999, -999, -999, -999, -999, -999, -999, -999, -999, -999, -999, -999, -999, -999
19161113, 1200,  , TS, 16.8N,  84.7W,  45, 1002, -999, -999, -999, -999, -999, -999, -999, -999, -999, -999, -999, -999, -999
19161113, 1800,  , TS, 17.7N,  85.2W,  50, -999, -999, -999, -999, -999, -999, -999, -999, -999, -999, -999, -999, -999, -999
19161114, 0000,  , TS, 18.6N,  85.6W,  55, -999, -999, -999, -999, -999, -999, -999, -999, -999, -999, -999, -999, -999, -999
19161114, 0600,  , TS, 19.3N,  85.9W,  60, -999, -999, -999, -999, -999, -999, -999, -999, -999, -999, -999, -999, -999, -999
19161114, 1200,  , TS, 20.0N,  86.0W,  60, -999, -999, -999, -999, -999, -999, -999, -999, -999, -999, -999, -999, -999, -999
19161114, 1800,  , TS, 20.8N,  86.0W,  60, -999, -999, -999, -999, -999, -999, -999, -999, -999, -999, -999, -999, -999, -999
19161115, 0000,  , TS, 21.6N,  86.0W,  60, -999, -999, -999, -999, -999, -999, -999, -999, -999, -999, -999, -999, -999, -999
19161115, 0600,  , TS, 22.3N,  85.9W,  60, -999, -999, -999, -999, -999, -999, -999, -999, -999, -999, -999, -999, -999, -999
19161115, 1200,  , EX, 23.1N,  85.7W,  55, -999, -999, -999, -999, -999, -999, -999, -999, -999, -999, -999, -999, -999, -999
19161115, 1800,  , EX, 24.2N,  83.2W,  55, 1006, -999, -999, -999, -999, -999, -999, -999, -999, -999, -999, -999, -999, -999
19161116, 0000,  , EX, 25.5N,  80.2W,  50, -999, -999, -999, -999, -999, -999, -999, -999, -999, -999, -999, -999, -999, -999
19161116, 0600,  , EX, 27.0N,  77.0W,  45, -999, -999, -999, -999, -999, -999, -999, -999, -999, -999, -999, -999, -999, -999
