AL011885,            UNNAMED,     36,
18850807, 0000,  , TS, 24.1N,  58.1W,  50, -999, -999, -999, -999, -999, -999, -999, -999, -999, -999, -999, -999, -999, -999
18850807, 0600,  , TS, 24.7N,  58.7W,  50, -999, -999, -999, -999, -999, -999, -999, -999, -999, -999, -999, -999, -999, -999
18850807, 1200,  , TS, 25.6N,  59.1W,  50, -999, -999, -999, -999, -999, -999, -999, -999, -999, -999, -999, -999, -999, -999
18850807, 1800,  , TS, 26.5N,  59.6W,  50, -999, -999, -999, -999, -999, -999, -999, -999, -999, -999, -999, -999, -999, -999
18850808, 0000,  , TS, 27.4N,  60.0W,  60, -999, -999, -999, -999, -999, -999, -999, -999, -999, -999, -999, -999, -999, -999
18850808, 0600,  , TS, 28.3N,  60.3W,  60, -999, -999, -999, -999, -999, -999, -999, -999, -999, -999, -999, -999, -999, -999
18850808, 1200,  , HU, 29.2N,  60.6W,  70, -999, -999, -999, -999, -999, -999, -999, -999, -999, -999, -999, -999, -999, -999
18850808, 1800,  , HU, 30.4N,  60.7W,  70, -999, -999, -999, -999, -999, -999, -999, -999, -999, -999, -999, -999, -999, -999
18850809, 0000,  , HU, 31.9N,  60.7W,  70, -999, -999, -999, -999, -999, -999, -999, -999, -999, -999, -999, -999, -999, -999
18850809, 0600,  , HU, 33.0N,  60.7W,  70, -999, -999, -999, -999, -999, -999, -999, -999, -999, -999, -999, -999, -999, -999
18850809, 1200,  , HU, 34.5N,  60.6W,  70,  990, -999, -999, -999, -999, -999, -999, -999, -999, -999, -999, -999, -999, -999
18850809, 1800,  , HU, 36.3N,  60.3W,  70,  981, -999, -999, -999, -999, -999, -999, -999, -999, -999, -999, -999, -999, -999
18850810, 0000,  , HU, 38.2N,  59.3W,  70, -999, -999, -999, -999, -999, -999, -999, -999, -999, -999, -999, -999, -999, -999
18850810, 0600,  , HU, 40.2N,  57.9W,  70, -999, -999, -999, -999, -999, -999, -999, -999, -999, -999, -999, -999, -999, -999
18850810, 1200,  , HU, 42.0N,  56.0W,  70,  983, -999, -999, -999, -999, -999, -999, -999, -999, -999, -999, -999, -999, -999
18850810, 1800,  , HU, 43.4N,  53.4W,  80, -999, -999, -999, -999, -999, -999, -999, -999, -999, -999, -999, -999, -999, -999
18850811, 0000,  , HU, 44.8N,  50.4W,  80, -999, -999, -999, -999, -999, -999, -999, -999, -999, -999, -999, -999, -999, -999
18850811, 0600,  , HU, 46.0N,  47.2W,  80, -999, -999, -999, -999, -999, -999, -999, -999, -999, -999, -999, -999, -999, -999
18850811, 1200,  , HU, 47.0N,  44.0W,  80, -999, -999, -999, -999, -999, -999, -999, -999, -999, -999, -999, -999, -999, -999
18850811, 1800,  , HU, 47.5N,  42.3W,  70, -999, -999, -999, -999, -999, -999, -999, -999, -999, -999, -999, -999, -999, -999
18850812, 0000,  , HU, 48.0N,  40.3W,  70, -999, -999, -999, -999, -999, -999, -999, -999, -999, -999, -999, -999, -999, -999
18850812, 0600,  , HU, 48.5N,  38.4W,  70, -999, -999, -999, -999, -999, -999, -999, -999, -999, -999, -999, -999, -999, -999
18850812, 1200,  , HU, 49.2N,  36.0W,  70, -999, -999, -999, -999, -999, -999, -999, -999, -999, -999, -999, -999, -999, -999
18850812, 1800,  , HU, 49.7N,  34.5W,  70, -999, -999, -999, -999, -999, -999, -999, -999, -999, -999, -999, -999, -999, -999
18850813, 0000,  , TS, 50.0N,  32.8W,  60, -999, -999, -999, -999, -999, -999, -999, -999, -999, -999, -999, -999, -999, -999
18850813, 0600,  , TS, 50.5N,  31.4W,  60, -999, -999, -999, -999, -999, -999, -999, -999, -999, -999, -999, -999, -999, -999
18850813, 1200,  , TS, 50.9N,  30.0W,  60, -999, -999, -999, -999, -999, -999, -999, -999, -999, -999, -999, -999, -999, -999
18850813, 1800,  , TS, 51.0N,  28.9W,  60, -999, -999, -999, -999, -999, -999, -999, -999, -999, -999, -999, -999, -999, -999
18850814, 0000,  , EX, 51.3N,  27.6W,  50, -999, -999, -999, -999, -999, -999, -999, -999, -999, -999, -999, -999, -999, -999
18850814, 0600,  , EX, 51.5N,  26.4W,  50, -999, -999, -999, -999, -999, -999, -999, -999, -999, -999, -999, -999, -999, -999
18850814, 1200,  , EX, 51.7N,  25.0W,  50, -999, -999, -999, -999, -999, -999, -999, -999, -999, -999, -999, -999, -999, -999
18850814, 1800,  , EX, 51.9N,  24.2W,  50, -999, -999, -999, -999, -999, -999, -999, -999, -999, -999, -999, -999, -999, -999
18850815, 0000,  , EX, 52.2N,  23.6W,  40, -999, -999, -999, -999, -999, -999, -999, -999, -999, -999, -999, -999, -999, -999
18850815, 0600,  , EX, 52.5N,  22.9W,  40, -999, -999, -999, -999, -999, -999, -999, -999, -999, -999, -999, -999, -999, -999
18850815, 1200,  , EX, 53.0N,  22.0W,  40, -999, -999, -999, -999, -999, -999, -999, -999, -999, -999, -999, -999, -999, -999
18850815, 1800,  , EX, 53.5N,  21.0W,  40, -999, -999, -999, -999, -999, -999, -999, -999, -999, -999, -999, -999, -999, -999
AL021885,            UNNAMED,     32,
18850821, 0000,  , TS, 21.2N,  67.0W,  40, -999, -999, -999, -999, -999, -999, -999, -999, -999, -999, -999, -999, -999, -999
18850821, 0600,  , TS, 21.2N,  68.4W,  40, -999, -999, -999, -999, -999, -999, -999, -999, -999, -999, -999, -999, -999, -999
18850821, 1200,  , TS, 21.4N,  69.8W,  40, -999, -999, -999, -999, -999, -999, -999, -999, -999, -999, -999, -999, -999, -999
18850821, 1800,  , TS, 21.5N,  71.4W,  40, -999, -999, -999, -999, -999, -999, -999, -999, -999, -999, -999, -999, -999, -999
18850822, 0000,  , TS, 21.7N,  72.5W,  50, -999, -999, -999, -999, -999, -999, -999, -999, -999, -999, -999, -999, -999, -999
18850822, 0600,  , TS, 22.0N,  73.8W,  50, -999, -999, -999, -999, -999, -999, -999, -999, -999, -999, -999, -999, -999, -999
18850822, 1200,  , TS, 22.2N,  75.1W,  50, -999, -999, -999, -999, -999, -999, -999, -999, -999, -999, -999, -999, -999, -999
18850822, 1800,  , TS, 22.6N,  76.3W,  50, -999, -999, -999, -999, -999, -999, -999, -999, -999, -999, -999, -999, -999, -999
18850823, 0000,  , TS, 23.0N,  77.1W,  60, -999, -999, -999, -999, -999, -999, -999, -999, -999, -999, -999, -999, -999, -999
18850823, 0600,  , TS, 23.5N,  78.0W,  60, -999, -999, -999, -999, -999, -999, -999, -999, -999, -999, -999, -999, -999, -999
18850823, 1200,  , TS, 24.2N,  78.6W,  60, -999, -999, -999, -999, -999, -999, -999, -999, -999, -999, -999, -999, -999, -999
18850823, 1800,  , TS, 25.1N,  79.1W,  60, -999, -999, -999, -999, -999, -999, -999, -999, -999, -999, -999, -999, -999, -999
18850824, 0000,  , HU, 26.1N,  79.5W,  70, -999, -999, -999, -999, -999, -999, -999, -999, -999, -999, -999, -999, -999, -999
18850824, 0600,  , HU, 27.0N,  79.9W,  70, -999, -999, -999, -999, -999, -999, -999, -999, -999, -999, -999, -999, -999, -999
18850824, 1200,  , HU, 28.3N,  80.3W,  80, -999, -999, -999, -999, -999, -999, -999, -999, -999, -999, -999, -999, -999, -999
18850824, 1800,  , HU, 29.4N,  80.6W,  90, -999, -999, -999, -999, -999, -999, -999, -999, -999, -999, -999, -999, -999, -999
18850825, 0000,  , HU, 30.4N,  80.8W,  90, -999, -999, -999, -999, -999, -999, -999, -999, -999, -999, -999, -999, -999, -999
18850825, 0600,  , HU, 31.4N,  80.7W,  90, -999, -999, -999, -999, -999, -999, -999, -999, -999, -999, -999, -999, -999, -999
18850825, 1200, L, HU, 32.6N,  80.1W,  90,  970, -999, -999, -999, -999, -999, -999, -999, -999, -999, -999, -999, -999, -999
18850825, 1800,  , HU, 33.8N,  78.9W,  80, -999, -999, -999, -999, -999, -999, -999, -999, -999, -999, -999, -999, -999, -999
18850826, 0000,  , HU, 35.0N,  76.9W,  70, -999, -999, -999, -999, -999, -999, -999, -999, -999, -999, -999, -999, -999, -999
18850826, 0600,  , HU, 36.0N,  74.8W,  70, -999, -999, -999, -999, -999, -999, -999, -999, -999, -999, -999, -999, -999, -999
18850826, 1200,  , HU, 37.0N,  72.0W,  80, -999, -999, -999, -999, -999, -999, -999, -999, -999, -999, -999, -999, -999, -999
18850826, 1800,  , HU, 38.4N,  67.9W,  80, -999, -999, -999, -999, -999, -999, -999, -999, -999, -999, -999, -999, -999, -999
18850827, 0000,  , HU, 40.4N,  62.9W,  90,  958, -999, -999, -999, -999, -999, -999, -999, -999, -999, -999, -999, -999, -999
18850827, 0600,  , HU, 42.5N,  57.8W,  90, -999, -999, -999, -999, -999, -999, -999, -999, -999, -999, -999, -999, -999, -999
18850827, 1200,  , HU, 44.3N,  53.5W,  80, -999, -999, -999, -999, -999, -999, -999, -999, -999, -999, -999, -999, -999, -999
18850827, 1800,  , HU, 46.0N,  50.0W,  80, -999, -999, -999, -999, -999, -999, -999, -999, -999, -999, -999, -999, -999, -999
18850828, 0000,  , EX, 47.5N,  46.5W,  70, -999, -999, -999, -999, -999, -999, -999, -999, -999, -999, -999, -999, -999, -999
18850828, 0600,  , EX, 48.9N,  43.0W,  70, -999, -999, -999, -999, -999, -999, -999, -999, -999, -999, -999, -999, -999, -999
18850828, 1200,  , EX, 50.0N,  40.0W,  60, -999, -999, -999, -999, -999, -999, -999, -999, -999, -999, -999, -999, -999, -999
18850828, 1800,  , EX, 51.0N,  37.0W,  60, -999, -999, -999, -999, -999, -999, -999, -999, -999, -999, -999, -999, -999, -999
AL031885,            UNNAMED,     13,
18850829, 0000,  , TS, 25.0N,  93.4W,  40, -999, -999, -999, -999, -999, -999, -999, -999, -999, -999, -999, -999, -999, -999
18850829, 0600,  , TS, 25.8N,  93.6W,  40, -999, -999, -999, -999, -999, -999, -999, -999, -999, -999, -999, -999, -999, -999
18850829, 1200,  , TS, 26.8N,  93.3W,  40, -999, -999, -999, -999, -999, -999, -999, -999, -999, -999, -999, -999, -999, -999
18850829, 1800,  , TS, 27.5N,  92.6W,  40, -999, -999, -999, -999, -999, -999, -999, -999, -999, -999, -999, -999, -999, -999
18850830, 0000,  , TS, 28.1N,  91.6W,  50, -999, -999, -999, -999, -999, -999, -999, -999, -999, -999, -999, -999, -999, -999
18850830, 0600,  , TS, 28.7N,  90.3W,  50, -999, -999, -999, -999, -999, -999, -999, -999, -999, -999, -999, -999, -999, -999
18850830, 1200,  , TS, 29.2N,  89.0W,  50, -999, -999, -999, -999, -999, -999, -999, -999, -999, -999, -999, -999, -999, -999
18850830, 1800,  , TS, 29.7N,  87.1W,  50, -999, -999, -999, -999, -999, -999, -999, -999, -999, -999, -999, -999, -999, -999
18850830, 2300, L, TS, 30.1N,  85.7W,  50, -999, -999, -999, -999, -999, -999, -999, -999, -999, -999, -999, -999, -999, -999
18850831, 0000,  , TS, 30.2N,  85.4W,  50, -999, -999, -999, -999, -999, -999, -999, -999, -999, -999, -999, -999, -999, -999
18850831, 0600,  , TS, 30.8N,  83.4W,  40, -999, -999, -999, -999, -999, -999, -999, -999, -999, -999, -999, -999, -999, -999
18850831, 1200,  , TS, 31.3N,  81.5W,  40, -999, -999, -999, -999, -999, -999, -999, -999, -999, -999, -999, -999, -999, -999
18850831, 1800,  , TS, 32.0N,  79.1W,  40, -999, -999, -999, -999, -999, -999, -999, -999, -999, -999, -999, -999, -999, -999
AL041885,            UNNAMED,     29,
18850917, 0000,  , TS, 21.2N,  95.5W,  40, -999, -999, -999, -999, -999, -999, -999, -999, -999, -999, -999, -999, -999, -999
18850917, 0600,  , TS, 21.7N,  96.0W,  40, -999, -999, -999, -999, -999, -999, -999, -999, -999, -999, -999, -999, -999, -999
18850917, 1200,  , TS, 22.4N,  96.5W,  40, -999, -999, -999, -999, -999, -999, -999, -999, -999, -999, -999, -999, -999, -999
18850917, 1800,  , TS, 23.2N,  96.6W,  40, -999, -999, -999, -999, -999, -999, -999, -999, -999, -999, -999, -999, -999, -999
18850918, 0000,  , TS, 24.1N,  96.6W,  40, -999, -999, -999, -999, -999, -999, -999, -999, -999, -999, -999, -999, -999, -999
18850918, 0600,  , TS, 24.9N,  96.5W,  40, -999, -999, -999, -999, -999, -999, -999, -999, -999, -999, -999, -999, -999, -999
18850918, 1200,  , TS, 25.7N,  96.4W,  50, -999, -999, -999, -999, -999, -999, -999, -999, -999, -999, -999, -999, -999, -999
18850918, 1800,  , TS, 26.1N,  96.1W,  50, -999, -999, -999, -999, -999, -999, -999, -999, -999, -999, -999, -999, -999, -999
18850919, 0000,  , TS, 26.5N,  96.0W,  50, -999, -999, -999, -999, -999, -999, -999, -999, -999, -999, -999, -999, -999, -999
18850919, 0600,  , TS, 26.8N,  95.8W,  50, -999, -999, -999, -999, -999, -999, -999, -999, -999, -999, -999, -999, -999, -999
18850919, 1200,  , TS, 27.1N,  95.6W,  50, -999, -999, -999, -999, -999, -999, -999, -999, -999, -999, -999, -999, -999, -999
18850919, 1800,  , TS, 27.4N,  95.3W,  50, -999, -999, -999, -999, -999, -999, -999, -999, -999, -999, -999, -999, -999, -999
18850920, 0000,  , TS, 27.7N,  95.0W,  50, -999, -999, -999, -999, -999, -999, -999, -999, -999, -999, -999, -999, -999, -999
18850920, 0600,  , TS, 27.8N,  94.6W,  50, -999, -999, -999, -999, -999, -999, -999, -999, -999, -999, -999, -999, -999, -999
18850920, 1200,  , TS, 28.0N,  94.1W,  50, -999, -999, -999, -999, -999, -999, -999, -999, -999, -999, -999, -999, -999, -999
18850920, 1800,  , TS, 28.3N,  93.0W,  50, -999, -999, -999, -999, -999, -999, -999, -999, -999, -999, -999, -999, -999, -999
18850921, 0000,  , TS, 28.7N,  91.0W,  50, -999, -999, -999, -999, -999, -999, -999, -999, -999, -999, -999, -999, -999, -999
18850921, 0300, L, TS, 29.0N,  89.4W,  50, -999, -999, -999, -999, -999, -999, -999, -999, -999, -999, -999, -999, -999, -999
18850921, 0600,  , TS, 29.3N,  88.0W,  50, -999, -999, -999, -999, -999, -999, -999, -999, -999, -999, -999, -999, -999, -999
18850921, 1200, L, TS, 30.0N,  85.6W,  50, -999, -999, -999, -999, -999, -999, -999, -999, -999, -999, -999, -999, -999, -999
18850921, 1800,  , TS, 30.6N,  82.8W,  40, -999, -999, -999, -999, -999, -999, -999, -999, -999, -999, -999, -999, -999, -999
18850922, 0000,  , TS, 31.6N,  79.6W,  50, -999, -999, -999, -999, -999, -999, -999, -999, -999, -999, -999, -999, -999, -999
18850922, 0600,  , TS, 33.0N,  76.3W,  60, -999, -999, -999, -999, -999, -999, -999, -999, -999, -999, -999, -999, -999, -999
18850922, 1200,  , HU, 35.0N,  74.0W,  70, -999, -999, -999, -999, -999, -999, -999, -999, -999, -999, -999, -999, -999, -999
18850922, 1800,  , HU, 37.5N,  72.0W,  70, -999, -999, -999, -999, -999, -999, -999, -999, -999, -999, -999, -999, -999, -999
18850923, 0000,  , HU, 39.8N,  70.5W,  80, -999, -999, -999, -999, -999, -999, -999, -999, -999, -999, -999, -999, -999, -999
18850923, 0600,  , HU, 42.3N,  68.8W,  80, -999, -999, -999, -999, -999, -999, -999, -999, -999, -999, -999, -999, -999, -999
18850923, 1200,  , EX, 44.2N,  67.5W,  70, -999, -999, -999, -999, -999, -999, -999, -999, -999, -999, -999, -999, -999, -999
18850923, 1800,  , EX, 46.7N,  66.1W,  60, -999, -999, -999, -999, -999, -999, -999, -999, -999, -999, -999, -999, -999, -999
AL051885,            UNNAMED,     16,
18850918, 0000,  , TS, 15.0N,  53.7W,  50, -999, -999, -999, -999, -999, -999, -999, -999, -999, -999, -999, -999, -999, -999
18850918, 0600,  , TS, 15.6N,  54.6W,  50, -999, -999, -999, -999, -999, -999, -999, -999, -999, -999, -999, -999, -999, -999
18850918, 1200,  , TS, 16.2N,  55.1W,  50,  999, -999, -999, -999, -999, -999, -999, -999, -999, -999, -999, -999, -999, -999
18850918, 1800,  , TS, 16.7N,  55.6W,  50, -999, -999, -999, -999, -999, -999, -999, -999, -999, -999, -999, -999, -999, -999
18850919, 0000,  , TS, 17.2N,  56.0W,  60, -999, -999, -999, -999, -999, -999, -999, -999, -999, -999, -999, -999, -999, -999
18850919, 0600,  , TS, 17.6N,  56.3W,  60, -999, -999, -999, -999, -999, -999, -999, -999, -999, -999, -999, -999, -999, -999
18850919, 1200,  , HU, 18.0N,  56.5W,  70, -999, -999, -999, -999, -999, -999, -999, -999, -999, -999, -999, -999, -999, -999
18850919, 1800,  , HU, 18.5N,  56.7W,  70, -999, -999, -999, -999, -999, -999, -999, -999, -999, -999, -999, -999, -999, -999
18850920, 0000,  , HU, 19.0N,  56.8W,  70, -999, -999, -999, -999, -999, -999, -999, -999, -999, -999, -999, -999, -999, -999
18850920, 0600,  , HU, 19.5N,  56.9W,  70, -999, -999, -999, -999, -999, -999, -999, -999, -999, -999, -999, -999, -999, -999
18850920, 1200,  , HU, 20.1N,  57.0W,  70, -999, -999, -999, -999, -999, -999, -999, -999, -999, -999, -999, -999, -999, -999
18850920, 1800,  , HU, 20.9N,  57.1W,  70, -999, -999, -999, -999, -999, -999, -999, -999, -999, -999, -999, -999, -999, -999
18850921, 0000,  , HU, 22.2N,  57.2W,  70, -999, -999, -999, -999, -999, -999, -999, -999, -999, -999, -999, -999, -999, -999
18850921, 0600,  , HU, 23.5N,  57.1W,  70, -999, -999, -999, -999, -999, -999, -999, -999, -999, -999, -999, -999, -999, -999
18850921, 1200,  , HU, 24.9N,  57.0W,  70, -999, -999, -999, -999, -999, -999, -999, -999, -999, -999, -999, -999, -999, -999
18850921, 1800,  , HU, 27.0N,  56.5W,  70, -999, -999, -999, -999, -999, -999, -999, -999, -999, -999, -999, -999, -999, -999
AL061885,            UNNAMED,     37,
18850924, 0000,  , TS, 26.4N,  87.8W,  40, -999, -999, -999, -999, -999, -999, -999, -999, -999, -999, -999, -999, -999, -999
18850924, 0600,  , TS, 26.7N,  87.9W,  40, -999, -999, -999, -999, -999, -999, -999, -999, -999, -999, -999, -999, -999, -999
18850924, 1200,  , TS, 27.0N,  88.0W,  40, -999, -999, -999, -999, -999, -999, -999, -999, -999, -999, -999, -999, -999, -999
18850924, 1800,  , TS, 27.4N,  88.1W,  40, -999, -999, -999, -999, -999, -999, -999, -999, -999, -999, -999, -999, -999, -999
18850925, 0000,  , TS, 27.8N,  88.3W,  50, -999, -999, -999, -999, -999, -999, -999, -999, -999, -999, -999, -999, -999, -999
18850925, 0600,  , TS, 28.2N,  88.4W,  50, -999, -999, -999, -999, -999, -999, -999, -999, -999, -999, -999, -999, -999, -999
18850925, 1200,  , TS, 28.7N,  88.6W,  50, -999, -999, -999, -999, -999, -999, -999, -999, -999, -999, -999, -999, -999, -999
18850925, 1800,  , TS, 29.0N,  88.8W,  50, -999, -999, -999, -999, -999, -999, -999, -999, -999, -999, -999, -999, -999, -999
18850926, 0000,  , TS, 29.3N,  88.9W,  60, -999, -999, -999, -999, -999, -999, -999, -999, -999, -999, -999, -999, -999, -999
18850926, 0400, L, TS, 29.6N,  89.0W,  60, -999, -999, -999, -999, -999, -999, -999, -999, -999, -999, -999, -999, -999, -999
18850926, 0600,  , TS, 29.7N,  89.0W,  60, -999, -999, -999, -999, -999, -999, -999, -999, -999, -999, -999, -999, -999, -999
18850926, 1200,  , TS, 30.0N,  89.1W,  60, -999, -999, -999, -999, -999, -999, -999, -999, -999, -999, -999, -999, -999, -999
18850926, 1800,  , TS, 30.2N,  89.0W,  60, -999, -999, -999, -999, -999, -999, -999, -999, -999, -999, -999, -999, -999, -999
18850927, 0000,  , TS, 30.3N,  88.9W,  60, -999, -999, -999, -999, -999, -999, -999, -999, -999, -999, -999, -999, -999, -999
18850927, 0600,  , TS, 30.4N,  88.8W,  50, -999, -999, -999, -999, -999, -999, -999, -999, -999, -999, -999, -999, -999, -999
18850927, 1200,  , TS, 30.5N,  88.6W,  50, -999, -999, -999, -999, -999, -999, -999, -999, -999, -999, -999, -999, -999, -999
18850927, 1800,  , TS, 30.6N,  88.4W,  40, -999, -999, -999, -999, -999, -999, -999, -999, -999, -999, -999, -999, -999, -999
18850928, 0000,  , TS, 30.6N,  88.1W,  40, -999, -999, -999, -999, -999, -999, -999, -999, -999, -999, -999, -999, -999, -999
18850928, 0600,  , TS, 30.6N,  87.8W,  40, -999, -999, -999, -999, -999, -999, -999, -999, -999, -999, -999, -999, -999, -999
18850928, 1200,  , TS, 30.6N,  87.4W,  40, -999, -999, -999, -999, -999, -999, -999, -999, -999, -999, -999, -999, -999, -999
18850928, 1800,  , TS, 30.6N,  87.0W,  40, -999, -999, -999, -999, -999, -999, -999, -999, -999, -999, -999, -999, -999, -999
18850929, 0000,  , TD, 30.6N,  86.5W,  30, -999, -999, -999, -999, -999, -999, -999, -999, -999, -999, -999, -999, -999, -999
18850929, 0600,  , TD, 30.6N,  86.0W,  30, -999, -999, -999, -999, -999, -999, -999, -999, -999, -999, -999, -999, -999, -999
18850929, 1200,  , TD, 30.5N,  85.4W,  30, -999, -999, -999, -999, -999, -999, -999, -999, -999, -999, -999, -999, -999, -999
18850929, 1800,  , TD, 30.4N,  84.8W,  30, -999, -999, -999, -999, -999, -999, -999, -999, -999, -999, -999, -999, -999, -999
18850930, 0000,  , TD, 30.3N,  84.0W,  30, -999, -999, -999, -999, -999, -999, -999, -999, -999, -999, -999, -999, -999, -999
18850930, 0600,  , TD, 30.2N,  83.3W,  30, -999, -999, -999, -999, -999, -999, -999, -999, -999, -999, -999, -999, -999, -999
18850930, 1200,  , TD, 30.2N,  82.8W,  30, -999, -999, -999, -999, -999, -999, -999, -999, -999, -999, -999, -999, -999, -999
18850930, 1800,  , TD, 30.2N,  81.8W,  30, -999, -999, -999, -999, -999, -999, -999, -999, -999, -999, -999, -999, -999, -999
18851001, 0000,  , TS, 30.4N,  80.8W,  40, -999, -999, -999, -999, -999, -999, -999, -999, -999, -999, -999, -999, -999, -999
18851001, 0600,  , TS, 30.7N,  79.6W,  40, -999, -999, -999, -999, -999, -999, -999, -999, -999, -999, -999, -999, -999, -999
18851001, 1200,  , TS, 31.2N,  78.8W,  50, -999, -999, -999, -999, -999, -999, -999, -999, -999, -999, -999, -999, -999, -999
18851001, 1800,  , TS, 32.0N,  77.8W,  60, -999, -999, -999, -999, -999, -999, -999, -999, -999, -999, -999, -999, -999, -999
18851002, 0000,  , TS, 32.9N,  77.0W,  60, -999, -999, -999, -999, -999, -999, -999, -999, -999, -999, -999, -999, -999, -999
18851002, 0600,  , TS, 33.8N,  76.3W,  60, -999, -999, -999, -999, -999, -999, -999, -999, -999, -999, -999, -999, -999, -999
18851002, 1200,  , HU, 34.5N,  75.6W,  70, -999, -999, -999, -999, -999, -999, -999, -999, -999, -999, -999, -999, -999, -999
18851002, 1800,  , HU, 35.5N,  74.1W,  70, -999, -999, -999, -999, -999, -999, -999, -999, -999, -999, -999, -999, -999, -999
AL071885,            UNNAMED,     16,
18850926, 0000,  , TS, 24.2N,  55.7W,  50, -999, -999, -999, -999, -999, -999, -999, -999, -999, -999, -999, -999, -999, -999
18850926, 0600,  , TS, 25.2N,  56.4W,  50, -999, -999, -999, -999, -999, -999, -999, -999, -999, -999, -999, -999, -999, -999
18850926, 1200,  , TS, 26.0N,  57.0W,  50, -999, -999, -999, -999, -999, -999, -999, -999, -999, -999, -999, -999, -999, -999
18850926, 1800,  , TS, 27.2N,  57.8W,  50, -999, -999, -999, -999, -999, -999, -999, -999, -999, -999, -999, -999, -999, -999
18850927, 0000,  , TS, 28.7N,  58.3W,  50, -999, -999, -999, -999, -999, -999, -999, -999, -999, -999, -999, -999, -999, -999
18850927, 0600,  , TS, 30.2N,  58.8W,  50, -999, -999, -999, -999, -999, -999, -999, -999, -999, -999, -999, -999, -999, -999
18850927, 1200,  , TS, 31.3N,  59.0W,  50, -999, -999, -999, -999, -999, -999, -999, -999, -999, -999, -999, -999, -999, -999
18850927, 1800,  , TS, 32.3N,  59.3W,  50, -999, -999, -999, -999, -999, -999, -999, -999, -999, -999, -999, -999, -999, -999
18850928, 0000,  , TS, 33.2N,  59.6W,  60, -999, -999, -999, -999, -999, -999, -999, -999, -999, -999, -999, -999, -999, -999
18850928, 0600,  , TS, 34.0N,  59.8W,  60, -999, -999, -999, -999, -999, -999, -999, -999, -999, -999, -999, -999, -999, -999
18850928, 1200,  , TS, 35.0N,  60.0W,  60, -999, -999, -999, -999, -999, -999, -999, -999, -999, -999, -999, -999, -999, -999
18850928, 1800,  , TS, 36.0N,  60.3W,  60, -999, -999, -999, -999, -999, -999, -999, -999, -999, -999, -999, -999, -999, -999
18850929, 0000,  , HU, 37.2N,  60.7W,  70, -999, -999, -999, -999, -999, -999, -999, -999, -999, -999, -999, -999, -999, -999
18850929, 0600,  , HU, 38.5N,  60.9W,  70, -999, -999, -999, -999, -999, -999, -999, -999, -999, -999, -999, -999, -999, -999
18850929, 1200,  , HU, 39.7N,  61.0W,  80, -999, -999, -999, -999, -999, -999, -999, -999, -999, -999, -999, -999, -999, -999
18850929, 1800,  , HU, 41.2N,  60.7W,  80, -999, -999, -999, -999, -999, -999, -999, -999, -999, -999, -999, -999, -999, -999
AL081885,            UNNAMED,     17,
18851010, 1200,  , TS, 23.9N,  83.0W,  40, -999, -999, -999, -999, -999, -999, -999, -999, -999, -999, -999, -999, -999, -999
18851010, 1800,  , TS, 24.7N,  83.3W,  40, -999, -999, -999, -999, -999, -999, -999, -999, -999, -999, -999, -999, -999, -999
18851011, 0000,  , TS, 25.7N,  83.6W,  50, -999, -999, -999, -999, -999, -999, -999, -999, -999, -999, -999, -999, -999, -999
18851011, 0600,  , TS, 26.5N,  83.9W,  50, -999, -999, -999, -999, -999, -999, -999, -999, -999, -999, -999, -999, -999, -999
18851011, 1200,  , TS, 27.3N,  84.0W,  60, -999, -999, -999, -999, -999, -999, -999, -999, -999, -999, -999, -999, -999, -999
18851011, 1800,  , TS, 28.6N,  83.6W,  60, -999, -999, -999, -999, -999, -999, -999, -999, -999, -999, -999, -999, -999, -999
18851011, 2200, L, TS, 29.4N,  83.2W,  60, -999, -999, -999, -999, -999, -999, -999, -999, -999, -999, -999, -999, -999, -999
18851012, 0000,  , TS, 30.0N,  83.0W,  50, -999, -999, -999, -999, -999, -999, -999, -999, -999, -999, -999, -999, -999, -999
18851012, 0600,  , TS, 31.4N,  82.4W,  50, -999, -999, -999, -999, -999, -999, -999, -999, -999, -999, -999, -999, -999, -999
18851012, 1200,  , TS, 33.0N,  81.5W,  40, -999, -999, -999, -999, -999, -999, -999, -999, -999, -999, -999, -999, -999, -999
18851012, 1800,  , TS, 34.0N,  80.8W,  40, -999, -999, -999, -999, -999, -999, -999, -999, -999, -999, -999, -999, -999, -999
18851013, 0000,  , TS, 34.9N,  80.0W,  40, -999, -999, -999, -999, -999, -999, -999, -999, -999, -999, -999, -999, -999, -999
18851013, 0600,  , TS, 36.2N,  79.0W,  40, -999, -999, -999, -999, -999, -999, -999, -999, -999, -999, -999, -999, -999, -999
18851013, 1200,  , EX, 37.4N,  78.4W,  40, -999, -999, -999, -999, -999, -999, -999, -999, -999, -999, -999, -999, -999, -999
18851013, 1800,  , EX, 39.0N,  78.0W,  40, -999, -999, -999, -999, -999, -999, -999, -999, -999, -999, -999, -999, -999, -999
18851014, 0000,  , EX, 40.5N,  77.5W,  40, -999, -999, -999, -999, -999, -999, -999, -999, -999, -999, -999, -999, -999, -999
18851014, 0600,  , EX, 42.0N,  77.0W,  40, -999, -999, -999, -999, -999, -999, -999, -999, -999, -999, -999, -999, -999, -999
