AL011929,            UNNAMED,     15,
19290627, 0000,  , TS, 21.3N,  93.3W,  35, -999, -999, -999, -999, -999, -999, -999, -999, -999, -999, -999, -999, -999, -999
19290627, 0600,  , TS, 22.5N,  93.4W,  35, -999, -999, -999, -999, -999, -999, -999, -999, -999, -999, -999, -999, -999, -999
19290627, 1200,  , TS, 23.6N,  93.6W,  45, -999, -999, -999, -999, -999, -999, -999, -999, -999, -999, -999, -999, -999, -999
19290627, 1800,  , TS, 24.5N,  93.9W,  55, -999, -999, -999, -999, -999, -999, -999, -999, -999, -999, -999, -999, -999, -999
19290628, 0000,  , HU, 25.4N,  94.3W,  65, -999, -999, -999, -999, -999, -999, -999, -999, -999, -999, -999, -999, -999, -999
19290628, 0600,  , HU, 26.2N,  94.7W,  70, -999, -999, -999, -999, -999, -999, -999, -999, -999, -999, -999, -999, -999, -999
19290628, 1200,  , HU, 27.0N,  95.3W,  75, -999, -999, -999, -999, -999, -999, -999, -999, -999, -999, -999, -999, -999, -999
19290628, 1800,  , HU, 27.8N,  96.0W,  80,  982, -999, -999, -999, -999, -999, -999, -999, -999, -999, -999, -999, -999, -999
19290628, 2100, L, HU, 28.3N,  96.4W,  80,  982, -999, -999, -999, -999, -999, -999, -999, -999, -999, -999, -999, -999,   10
19290629, 0000,  , HU, 28.8N,  97.1W,  65,  985, -999, -999, -999, -999, -999, -999, -999, -999, -999, -999, -999, -999, -999
19290629, 0600,  , TS, 29.4N,  98.7W,  55, -999, -999, -999, -999, -999, -999, -999, -999, -999, -999, -999, -999, -999, -999
19290629, 1200,  , TS, 30.0N, 101.0W,  50, -999, -999, -999, -999, -999, -999, -999, -999, -999, -999, -999, -999, -999, -999
19290629, 1800,  , TS, 30.8N, 103.5W,  45, -999, -999, -999, -999, -999, -999, -999, -999, -999, -999, -999, -999, -999, -999
19290630, 0000,  , TS, 31.8N, 106.5W,  40, 1008, -999, -999, -999, -999, -999, -999, -999, -999, -999, -999, -999, -999, -999
19290630, 0600,  , TD, 33.0N, 109.5W,  30, -999, -999, -999, -999, -999, -999, -999, -999, -999, -999, -999, -999, -999, -999
AL021929,            UNNAMED,     67,
19290919, 0000,  , TD, 23.0N,  63.6W,  30, -999, -999, -999, -999, -999, -999, -999, -999, -999, -999, -999, -999, -999, -999
19290919, 0600,  , TD, 23.0N,  63.8W,  30, -999, -999, -999, -999, -999, -999, -999, -999, -999, -999, -999, -999, -999, -999
19290919, 1200,  , TD, 23.0N,  64.0W,  30, -999, -999, -999, -999, -999, -999, -999, -999, -999, -999, -999, -999, -999, -999
19290919, 1800,  , TD, 23.0N,  64.2W,  30, -999, -999, -999, -999, -999, -999, -999, -999, -999, -999, -999, -999, -999, -999
19290920, 0000,  , TD, 23.1N,  64.4W,  30, -999, -999, -999, -999, -999, -999, -999, -999, -999, -999, -999, -999, -999, -999
19290920, 0600,  , TD, 23.1N,  64.7W,  30, -999, -999, -999, -999, -999, -999, -999, -999, -999, -999, -999, -999, -999, -999
19290920, 1200,  , TD, 23.2N,  65.0W,  30, -999, -999, -999, -999, -999, -999, -999, -999, -999, -999, -999, -999, -999, -999
19290920, 1800,  , TD, 23.2N,  65.5W,  30, -999, -999, -999, -999, -999, -999, -999, -999, -999, -999, -999, -999, -999, -999
19290921, 0000,  , TD, 23.3N,  66.0W,  30, -999, -999, -999, -999, -999, -999, -999, -999, -999, -999, -999, -999, -999, -999
19290921, 0600,  , TD, 23.4N,  66.5W,  30, -999, -999, -999, -999, -999, -999, -999, -999, -999, -999, -999, -999, -999, -999
19290921, 1200,  , TD, 23.5N,  67.0W,  30, -999, -999, -999, -999, -999, -999, -999, -999, -999, -999, -999, -999, -999, -999
19290921, 1800,  , TD, 23.6N,  67.5W,  30, -999, -999, -999, -999, -999, -999, -999, -999, -999, -999, -999, -999, -999, -999
19290922, 0000,  , TS, 23.7N,  68.0W,  35, -999, -999, -999, -999, -999, -999, -999, -999, -999, -999, -999, -999, -999, -999
19290922, 0600,  , TS, 23.8N,  68.5W,  40, -999, -999, -999, -999, -999, -999, -999, -999, -999, -999, -999, -999, -999, -999
19290922, 1200,  , TS, 24.0N,  69.0W,  45, -999, -999, -999, -999, -999, -999, -999, -999, -999, -999, -999, -999, -999, -999
19290922, 1800,  , TS, 24.4N,  69.5W,  50, -999, -999, -999, -999, -999, -999, -999, -999, -999, -999, -999, -999, -999, -999
19290923, 0000,  , TS, 25.0N,  70.0W,  55, -999, -999, -999, -999, -999, -999, -999, -999, -999, -999, -999, -999, -999, -999
19290923, 0600,  , TS, 25.6N,  70.6W,  60, -999, -999, -999, -999, -999, -999, -999, -999, -999, -999, -999, -999, -999, -999
19290923, 1200,  , HU, 26.0N,  71.2W,  65, -999, -999, -999, -999, -999, -999, -999, -999, -999, -999, -999, -999, -999, -999
19290923, 1800,  , HU, 26.4N,  71.9W,  70, -999, -999, -999, -999, -999, -999, -999, -999, -999, -999, -999, -999, -999, -999
19290924, 0000,  , HU, 26.7N,  72.8W,  75, -999, -999, -999, -999, -999, -999, -999, -999, -999, -999, -999, -999, -999, -999
19290924, 0600,  , HU, 26.9N,  73.7W,  75, -999, -999, -999, -999, -999, -999, -999, -999, -999, -999, -999, -999, -999, -999
19290924, 1200,  , HU, 27.0N,  74.4W,  85, -999, -999, -999, -999, -999, -999, -999, -999, -999, -999, -999, -999, -999, -999
19290924, 1800,  , HU, 27.0N,  74.9W,  95, -999, -999, -999, -999, -999, -999, -999, -999, -999, -999, -999, -999, -999, -999
19290925, 0000,  , HU, 26.7N,  75.4W, 105, -999, -999, -999, -999, -999, -999, -999, -999, -999, -999, -999, -999, -999, -999
19290925, 0600,  , HU, 26.3N,  75.9W, 115, -999, -999, -999, -999, -999, -999, -999, -999, -999, -999, -999, -999, -999, -999
19290925, 1200,  , HU, 25.9N,  76.3W, 125, -999, -999, -999, -999, -999, -999, -999, -999, -999, -999, -999, -999, -999, -999
19290925, 1800,  , HU, 25.6N,  76.6W, 135,  924, -999, -999, -999, -999, -999, -999, -999, -999, -999, -999, -999, -999, -999
19290926, 0000,  , HU, 25.2N,  77.0W, 125,  936, -999, -999, -999, -999, -999, -999, -999, -999, -999, -999, -999, -999, -999
19290926, 0600,  , HU, 24.9N,  77.3W, 120, -999, -999, -999, -999, -999, -999, -999, -999, -999, -999, -999, -999, -999, -999
19290926, 1200,  , HU, 24.6N,  77.7W, 120, -999, -999, -999, -999, -999, -999, -999, -999, -999, -999, -999, -999, -999, -999
19290926, 1800,  , HU, 24.4N,  78.0W, 120, -999, -999, -999, -999, -999, -999, -999, -999, -999, -999, -999, -999, -999, -999
19290927, 0000,  , HU, 24.2N,  78.4W, 120, -999, -999, -999, -999, -999, -999, -999, -999, -999, -999, -999, -999, -999, -999
19290927, 0600,  , HU, 24.1N,  78.8W, 120, -999, -999, -999, -999, -999, -999, -999, -999, -999, -999, -999, -999, -999, -999
19290927, 1200,  , HU, 24.2N,  79.1W, 115, -999, -999, -999, -999, -999, -999, -999, -999, -999, -999, -999, -999, -999, -999
19290927, 1800,  , HU, 24.3N,  79.4W, 110, -999, -999, -999, -999, -999, -999, -999, -999, -999, -999, -999, -999, -999, -999
19290928, 0000,  , HU, 24.5N,  79.7W, 105, -999, -999, -999, -999, -999, -999, -999, -999, -999, -999, -999, -999, -999, -999
19290928, 0600,  , HU, 24.7N,  80.0W, 100, -999, -999, -999, -999, -999, -999, -999, -999, -999, -999, -999, -999, -999, -999
19290928, 1200,  , HU, 24.9N,  80.4W, 100,  948, -999, -999, -999, -999, -999, -999, -999, -999, -999, -999, -999, -999, -999
19290928, 1300, L, HU, 25.0N,  80.5W, 100,  948, -999, -999, -999, -999, -999, -999, -999, -999, -999, -999, -999, -999,   30
19290928, 1800,  , HU, 25.1N,  81.0W,  95, -999, -999, -999, -999, -999, -999, -999, -999, -999, -999, -999, -999, -999, -999
19290929, 0000,  , HU, 25.4N,  81.7W,  90, -999, -999, -999, -999, -999, -999, -999, -999, -999, -999, -999, -999, -999, -999
19290929, 0600,  , HU, 25.9N,  82.5W,  90, -999, -999, -999, -999, -999, -999, -999, -999, -999, -999, -999, -999, -999, -999
19290929, 1200,  , HU, 26.4N,  83.5W,  90, -999, -999, -999, -999, -999, -999, -999, -999, -999, -999, -999, -999, -999, -999
19290929, 1800,  , HU, 27.0N,  84.5W,  90, -999, -999, -999, -999, -999, -999, -999, -999, -999, -999, -999, -999, -999, -999
19290930, 0000,  , HU, 27.6N,  85.3W,  85, -999, -999, -999, -999, -999, -999, -999, -999, -999, -999, -999, -999, -999, -999
19290930, 0600,  , HU, 28.2N,  85.7W,  85, -999, -999, -999, -999, -999, -999, -999, -999, -999, -999, -999, -999, -999, -999
19290930, 1200,  , HU, 28.8N,  86.0W,  80, -999, -999, -999, -999, -999, -999, -999, -999, -999, -999, -999, -999, -999, -999
19290930, 1800,  , HU, 29.4N,  86.2W,  75, -999, -999, -999, -999, -999, -999, -999, -999, -999, -999, -999, -999, -999, -999
19291001, 0000,  , HU, 29.9N,  86.0W,  70, -999, -999, -999, -999, -999, -999, -999, -999, -999, -999, -999, -999, -999, -999
19291001, 0400, L, HU, 30.2N,  85.7W,  70,  975, -999, -999, -999, -999, -999, -999, -999, -999, -999, -999, -999, -999, -999
19291001, 0600,  , TS, 30.4N,  85.4W,  60,  975, -999, -999, -999, -999, -999, -999, -999, -999, -999, -999, -999, -999, -999
19291001, 1200,  , EX, 31.0N,  84.2W,  55,  986, -999, -999, -999, -999, -999, -999, -999, -999, -999, -999, -999, -999, -999
19291001, 1800,  , EX, 32.0N,  82.7W,  50, -999, -999, -999, -999, -999, -999, -999, -999, -999, -999, -999, -999, -999, -999
19291002, 0000,  , EX, 33.5N,  81.1W,  50, -999, -999, -999, -999, -999, -999, -999, -999, -999, -999, -999, -999, -999, -999
19291002, 0600,  , EX, 35.2N,  79.5W,  50, -999, -999, -999, -999, -999, -999, -999, -999, -999, -999, -999, -999, -999, -999
19291002, 1200,  , EX, 36.7N,  78.0W,  50, -999, -999, -999, -999, -999, -999, -999, -999, -999, -999, -999, -999, -999, -999
19291002, 1800,  , EX, 38.3N,  77.0W,  50, -999, -999, -999, -999, -999, -999, -999, -999, -999, -999, -999, -999, -999, -999
19291003, 0000,  , EX, 39.9N,  76.3W,  50, -999, -999, -999, -999, -999, -999, -999, -999, -999, -999, -999, -999, -999, -999
19291003, 0600,  , EX, 41.5N,  75.5W,  50, -999, -999, -999, -999, -999, -999, -999, -999, -999, -999, -999, -999, -999, -999
19291003, 1200,  , EX, 42.8N,  74.5W,  50, -999, -999, -999, -999, -999, -999, -999, -999, -999, -999, -999, -999, -999, -999
19291003, 1800,  , EX, 44.1N,  73.4W,  50, -999, -999, -999, -999, -999, -999, -999, -999, -999, -999, -999, -999, -999, -999
19291004, 0000,  , EX, 45.3N,  72.1W,  45, -999, -999, -999, -999, -999, -999, -999, -999, -999, -999, -999, -999, -999, -999
19291004, 0600,  , EX, 46.3N,  70.6W,  45, -999, -999, -999, -999, -999, -999, -999, -999, -999, -999, -999, -999, -999, -999
19291004, 1200,  , EX, 47.2N,  69.1W,  40, -999, -999, -999, -999, -999, -999, -999, -999, -999, -999, -999, -999, -999, -999
19291004, 1800,  , EX, 48.0N,  67.1W,  40, -999, -999, -999, -999, -999, -999, -999, -999, -999, -999, -999, -999, -999, -999
19291005, 0000,  , EX, 48.8N,  64.5W,  35, -999, -999, -999, -999, -999, -999, -999, -999, -999, -999, -999, -999, -999, -999
AL031929,            UNNAMED,     20,
19290925, 0000,  , TD, 32.0N,  66.5W,  30, -999, -999, -999, -999, -999, -999, -999, -999, -999, -999, -999, -999, -999, -999
19290925, 0600,  , TD, 32.5N,  67.0W,  30, -999, -999, -999, -999, -999, -999, -999, -999, -999, -999, -999, -999, -999, -999
19290925, 1200,  , TS, 33.0N,  67.5W,  35, 1005, -999, -999, -999, -999, -999, -999, -999, -999, -999, -999, -999, -999, -999
19290925, 1800,  , TS, 33.5N,  68.0W,  40, -999, -999, -999, -999, -999, -999, -999, -999, -999, -999, -999, -999, -999, -999
19290926, 0000,  , TS, 34.0N,  68.5W,  45, -999, -999, -999, -999, -999, -999, -999, -999, -999, -999, -999, -999, -999, -999
19290926, 0600,  , TS, 34.7N,  68.8W,  50, -999, -999, -999, -999, -999, -999, -999, -999, -999, -999, -999, -999, -999, -999
19290926, 1200,  , TS, 35.5N,  69.0W,  50, -999, -999, -999, -999, -999, -999, -999, -999, -999, -999, -999, -999, -999, -999
19290926, 1800,  , TS, 36.2N,  69.1W,  50, -999, -999, -999, -999, -999, -999, -999, -999, -999, -999, -999, -999, -999, -999
19290927, 0000,  , TS, 37.0N,  69.0W,  50, -999, -999, -999, -999, -999, -999, -999, -999, -999, -999, -999, -999, -999, -999
19290927, 0600,  , EX, 37.9N,  68.7W,  50, -999, -999, -999, -999, -999, -999, -999, -999, -999, -999, -999, -999, -999, -999
19290927, 1200,  , EX, 38.8N,  68.0W,  50, -999, -999, -999, -999, -999, -999, -999, -999, -999, -999, -999, -999, -999, -999
19290927, 1800,  , EX, 39.5N,  67.1W,  50, -999, -999, -999, -999, -999, -999, -999, -999, -999, -999, -999, -999, -999, -999
19290928, 0000,  , EX, 40.1N,  66.1W,  50, -999, -999, -999, -999, -999, -999, -999, -999, -999, -999, -999, -999, -999, -999
19290928, 0600,  , EX, 40.7N,  65.0W,  50, -999, -999, -999, -999, -999, -999, -999, -999, -999, -999, -999, -999, -999, -999
19290928, 1200,  , EX, 41.3N,  63.7W,  50, -999, -999, -999, -999, -999, -999, -999, -999, -999, -999, -999, -999, -999, -999
19290928, 1800,  , EX, 41.9N,  61.9W,  50, -999, -999, -999, -999, -999, -999, -999, -999, -999, -999, -999, -999, -999, -999
19290929, 0000,  , EX, 42.6N,  59.5W,  50, -999, -999, -999, -999, -999, -999, -999, -999, -999, -999, -999, -999, -999, -999
19290929, 0600,  , EX, 43.3N,  56.0W,  45, -999, -999, -999, -999, -999, -999, -999, -999, -999, -999, -999, -999, -999, -999
19290929, 1200,  , EX, 44.0N,  51.5W,  40, -999, -999, -999, -999, -999, -999, -999, -999, -999, -999, -999, -999, -999, -999
19290929, 1800,  , EX, 44.8N,  46.5W,  35, -999, -999, -999, -999, -999, -999, -999, -999, -999, -999, -999, -999, -999, -999
AL041929,            UNNAMED,     22,
19291015, 0000,  , TS, 31.8N,  37.4W,  50, -999, -999, -999, -999, -999, -999, -999, -999, -999, -999, -999, -999, -999, -999
19291015, 0600,  , TS, 31.5N,  38.2W,  55, -999, -999, -999, -999, -999, -999, -999, -999, -999, -999, -999, -999, -999, -999
19291015, 1200,  , TS, 31.2N,  39.0W,  60, -999, -999, -999, -999, -999, -999, -999, -999, -999, -999, -999, -999, -999, -999
19291015, 1800,  , TS, 31.0N,  39.8W,  60, -999, -999, -999, -999, -999, -999, -999, -999, -999, -999, -999, -999, -999, -999
19291016, 0000,  , TS, 30.8N,  40.6W,  60, -999, -999, -999, -999, -999, -999, -999, -999, -999, -999, -999, -999, -999, -999
19291016, 0600,  , TS, 30.6N,  41.3W,  60, -999, -999, -999, -999, -999, -999, -999, -999, -999, -999, -999, -999, -999, -999
19291016, 1200,  , TS, 30.4N,  42.0W,  60, -999, -999, -999, -999, -999, -999, -999, -999, -999, -999, -999, -999, -999, -999
19291016, 1800,  , TS, 30.2N,  42.6W,  60, -999, -999, -999, -999, -999, -999, -999, -999, -999, -999, -999, -999, -999, -999
19291017, 0000,  , TS, 30.0N,  43.1W,  60, -999, -999, -999, -999, -999, -999, -999, -999, -999, -999, -999, -999, -999, -999
19291017, 0600,  , TS, 29.9N,  43.6W,  60, -999, -999, -999, -999, -999, -999, -999, -999, -999, -999, -999, -999, -999, -999
19291017, 1200,  , TS, 29.7N,  44.2W,  60, -999, -999, -999, -999, -999, -999, -999, -999, -999, -999, -999, -999, -999, -999
19291017, 1800,  , TS, 29.8N,  45.0W,  60, -999, -999, -999, -999, -999, -999, -999, -999, -999, -999, -999, -999, -999, -999
19291018, 0000,  , TS, 30.4N,  46.0W,  60, -999, -999, -999, -999, -999, -999, -999, -999, -999, -999, -999, -999, -999, -999
19291018, 0600,  , TS, 31.3N,  47.2W,  60, -999, -999, -999, -999, -999, -999, -999, -999, -999, -999, -999, -999, -999, -999
19291018, 1200,  , TS, 32.5N,  48.2W,  60, -999, -999, -999, -999, -999, -999, -999, -999, -999, -999, -999, -999, -999, -999
19291018, 1800,  , TS, 33.7N,  49.2W,  60, -999, -999, -999, -999, -999, -999, -999, -999, -999, -999, -999, -999, -999, -999
19291019, 0000,  , TS, 34.9N,  50.2W,  60, -999, -999, -999, -999, -999, -999, -999, -999, -999, -999, -999, -999, -999, -999
19291019, 0600,  , TS, 36.2N,  51.0W,  60, -999, -999, -999, -999, -999, -999, -999, -999, -999, -999, -999, -999, -999, -999
19291019, 1200,  , TS, 37.5N,  51.5W,  60, -999, -999, -999, -999, -999, -999, -999, -999, -999, -999, -999, -999, -999, -999
19291019, 1800,  , EX, 39.0N,  51.3W,  55, -999, -999, -999, -999, -999, -999, -999, -999, -999, -999, -999, -999, -999, -999
19291020, 0000,  , EX, 40.5N,  50.0W,  45, -999, -999, -999, -999, -999, -999, -999, -999, -999, -999, -999, -999, -999, -999
19291020, 0600,  , EX, 42.0N,  48.0W,  40, -999, -999, -999, -999, -999, -999, -999, -999, -999, -999, -999, -999, -999, -999
AL051929,            UNNAMED,     15,
19291019, 1200,  , TD, 26.5N,  51.5W,  30, -999, -999, -999, -999, -999, -999, -999, -999, -999, -999, -999, -999, -999, -999
19291019, 1800,  , TD, 26.5N,  50.9W,  30, -999, -999, -999, -999, -999, -999, -999, -999, -999, -999, -999, -999, -999, -999
19291020, 0000,  , TS, 26.5N,  50.3W,  35, -999, -999, -999, -999, -999, -999, -999, -999, -999, -999, -999, -999, -999, -999
19291020, 0600,  , TS, 26.5N,  49.7W,  40, -999, -999, -999, -999, -999, -999, -999, -999, -999, -999, -999, -999, -999, -999
19291020, 1200,  , TS, 26.7N,  49.0W,  45, -999, -999, -999, -999, -999, -999, -999, -999, -999, -999, -999, -999, -999, -999
19291020, 1800,  , TS, 27.5N,  48.0W,  50, -999, -999, -999, -999, -999, -999, -999, -999, -999, -999, -999, -999, -999, -999
19291021, 0000,  , TS, 28.8N,  46.8W,  55, -999, -999, -999, -999, -999, -999, -999, -999, -999, -999, -999, -999, -999, -999
19291021, 0600,  , TS, 30.6N,  45.6W,  60, -999, -999, -999, -999, -999, -999, -999, -999, -999, -999, -999, -999, -999, -999
19291021, 1200,  , HU, 32.7N,  45.2W,  65, -999, -999, -999, -999, -999, -999, -999, -999, -999, -999, -999, -999, -999, -999
19291021, 1800,  , HU, 34.7N,  45.6W,  70, -999, -999, -999, -999, -999, -999, -999, -999, -999, -999, -999, -999, -999, -999
19291022, 0000,  , HU, 36.5N,  46.1W,  70, -999, -999, -999, -999, -999, -999, -999, -999, -999, -999, -999, -999, -999, -999
19291022, 0600,  , EX, 38.4N,  46.7W,  70, -999, -999, -999, -999, -999, -999, -999, -999, -999, -999, -999, -999, -999, -999
19291022, 1200,  , EX, 40.3N,  47.4W,  65, -999, -999, -999, -999, -999, -999, -999, -999, -999, -999, -999, -999, -999, -999
19291022, 1800,  , EX, 42.0N,  47.9W,  60, -999, -999, -999, -999, -999, -999, -999, -999, -999, -999, -999, -999, -999, -999
19291023, 0000,  , EX, 43.5N,  48.0W,  50, -999, -999, -999, -999, -999, -999, -999, -999, -999, -999, -999, -999, -999, -999
