AL011957,            UNNAMED,     32,
19570608, 0600,  , TS, 25.0N,  89.2W,  35, -999, -999, -999, -999, -999, -999, -999, -999, -999, -999, -999, -999, -999, -999
19570608, 1200,  , TS, 26.5N,  87.8W,  40, 1002, -999, -999, -999, -999, -999, -999, -999, -999, -999, -999, -999, -999, -999
19570608, 1800,  , TS, 28.2N,  86.2W,  45, -999, -999, -999, -999, -999, -999, -999, -999, -999, -999, -999, -999, -999, -999
19570609, 0000,  , TS, 30.0N,  84.3W,  45, 1000, -999, -999, -999, -999, -999, -999, -999, -999, -999, -999, -999, -999, -999
19570609, 0030, L, TS, 30.1N,  84.2W,  45, 1000, -999, -999, -999, -999, -999, -999, -999, -999, -999, -999, -999, -999, -999
19570609, 0600,  , TS, 31.6N,  82.3W,  35, 1003, -999, -999, -999, -999, -999, -999, -999, -999, -999, -999, -999, -999, -999
19570609, 1200,  , TS, 32.1N,  80.2W,  35, 1000, -999, -999, -999, -999, -999, -999, -999, -999, -999, -999, -999, -999, -999
19570609, 1800,  , TS, 32.3N,  78.2W,  45, -999, -999, -999, -999, -999, -999, -999, -999, -999, -999, -999, -999, -999, -999
19570610, 0000,  , TS, 32.4N,  76.1W,  55, -999, -999, -999, -999, -999, -999, -999, -999, -999, -999, -999, -999, -999, -999
19570610, 0600,  , EX, 32.6N,  74.2W,  65, -999, -999, -999, -999, -999, -999, -999, -999, -999, -999, -999, -999, -999, -999
19570610, 1200,  , EX, 32.8N,  72.6W,  65,  996, -999, -999, -999, -999, -999, -999, -999, -999, -999, -999, -999, -999, -999
19570610, 1800,  , EX, 32.4N,  71.6W,  65, -999, -999, -999, -999, -999, -999, -999, -999, -999, -999, -999, -999, -999, -999
19570611, 0000,  , EX, 31.9N,  70.7W,  60, -999, -999, -999, -999, -999, -999, -999, -999, -999, -999, -999, -999, -999, -999
19570611, 0600,  , EX, 31.4N,  69.9W,  55, -999, -999, -999, -999, -999, -999, -999, -999, -999, -999, -999, -999, -999, -999
19570611, 1200,  , EX, 30.8N,  69.2W,  50, -999, -999, -999, -999, -999, -999, -999, -999, -999, -999, -999, -999, -999, -999
19570611, 1800,  , EX, 30.9N,  68.5W,  50, -999, -999, -999, -999, -999, -999, -999, -999, -999, -999, -999, -999, -999, -999
19570612, 0000,  , EX, 31.0N,  68.0W,  45, -999, -999, -999, -999, -999, -999, -999, -999, -999, -999, -999, -999, -999, -999
19570612, 0600,  , EX, 31.1N,  67.5W,  40, -999, -999, -999, -999, -999, -999, -999, -999, -999, -999, -999, -999, -999, -999
19570612, 1200,  , EX, 31.4N,  67.2W,  40, -999, -999, -999, -999, -999, -999, -999, -999, -999, -999, -999, -999, -999, -999
19570612, 1800,  , EX, 31.8N,  66.7W,  40, -999, -999, -999, -999, -999, -999, -999, -999, -999, -999, -999, -999, -999, -999
19570613, 0000,  , EX, 32.2N,  66.1W,  40, -999, -999, -999, -999, -999, -999, -999, -999, -999, -999, -999, -999, -999, -999
19570613, 0600,  , EX, 32.2N,  65.3W,  40, -999, -999, -999, -999, -999, -999, -999, -999, -999, -999, -999, -999, -999, -999
19570613, 1200,  , EX, 32.3N,  63.9W,  40, -999, -999, -999, -999, -999, -999, -999, -999, -999, -999, -999, -999, -999, -999
19570613, 1800,  , EX, 32.7N,  62.4W,  40, -999, -999, -999, -999, -999, -999, -999, -999, -999, -999, -999, -999, -999, -999
19570614, 0000,  , EX, 33.2N,  61.1W,  40, -999, -999, -999, -999, -999, -999, -999, -999, -999, -999, -999, -999, -999, -999
19570614, 0600,  , EX, 33.7N,  59.8W,  40, -999, -999, -999, -999, -999, -999, -999, -999, -999, -999, -999, -999, -999, -999
19570614, 1200,  , EX, 34.1N,  58.8W,  40, -999, -999, -999, -999, -999, -999, -999, -999, -999, -999, -999, -999, -999, -999
19570614, 1800,  , EX, 34.5N,  58.2W,  40, -999, -999, -999, -999, -999, -999, -999, -999, -999, -999, -999, -999, -999, -999
19570615, 0000,  , EX, 34.5N,  58.0W,  35, -999, -999, -999, -999, -999, -999, -999, -999, -999, -999, -999, -999, -999, -999
19570615, 0600,  , EX, 34.0N,  58.5W,  35, -999, -999, -999, -999, -999, -999, -999, -999, -999, -999, -999, -999, -999, -999
19570615, 1200,  , EX, 33.5N,  59.5W,  30, -999, -999, -999, -999, -999, -999, -999, -999, -999, -999, -999, -999, -999, -999
19570615, 1800,  , EX, 33.0N,  60.5W,  25, -999, -999, -999, -999, -999, -999, -999, -999, -999, -999, -999, -999, -999, -999
AL021957,             AUDREY,     20,
19570624, 1200,  , TD, 21.0N,  93.0W,  30, -999, -999, -999, -999, -999, -999, -999, -999, -999, -999, -999, -999, -999, -999
19570624, 1800,  , TS, 21.2N,  93.1W,  35, -999, -999, -999, -999, -999, -999, -999, -999, -999, -999, -999, -999, -999, -999
19570625, 0000,  , TS, 21.4N,  93.2W,  40, -999, -999, -999, -999, -999, -999, -999, -999, -999, -999, -999, -999, -999, -999
19570625, 0600,  , TS, 21.6N,  93.3W,  45, -999, -999, -999, -999, -999, -999, -999, -999, -999, -999, -999, -999, -999, -999
19570625, 1200,  , TS, 22.0N,  93.4W,  55, -999, -999, -999, -999, -999, -999, -999, -999, -999, -999, -999, -999, -999, -999
19570625, 1800,  , HU, 22.6N,  93.5W,  65,  989, -999, -999, -999, -999, -999, -999, -999, -999, -999, -999, -999, -999, -999
19570626, 0000,  , HU, 23.1N,  93.5W,  75,  979, -999, -999, -999, -999, -999, -999, -999, -999, -999, -999, -999, -999, -999
19570626, 0600,  , HU, 23.9N,  93.6W,  80, -999, -999, -999, -999, -999, -999, -999, -999, -999, -999, -999, -999, -999, -999
19570626, 1200,  , HU, 24.8N,  93.7W,  80, -999, -999, -999, -999, -999, -999, -999, -999, -999, -999, -999, -999, -999, -999
19570626, 1800,  , HU, 25.6N,  93.8W,  80,  973, -999, -999, -999, -999, -999, -999, -999, -999, -999, -999, -999, -999, -999
19570627, 0000,  , HU, 26.6N,  93.7W,  90, -999, -999, -999, -999, -999, -999, -999, -999, -999, -999, -999, -999, -999, -999
19570627, 0600,  , HU, 28.0N,  93.8W, 100, -999, -999, -999, -999, -999, -999, -999, -999, -999, -999, -999, -999, -999, -999
19570627, 1200,  , HU, 29.3N,  93.8W, 110,  946, -999, -999, -999, -999, -999, -999, -999, -999, -999, -999, -999, -999, -999
19570627, 1330, L, HU, 29.8N,  93.7W, 110,  946, -999, -999, -999, -999, -999, -999, -999, -999, -999, -999, -999, -999,   15
19570627, 1800,  , HU, 30.6N,  93.5W,  80, -999, -999, -999, -999, -999, -999, -999, -999, -999, -999, -999, -999, -999, -999
19570628, 0000,  , TS, 32.0N,  92.8W,  55, -999, -999, -999, -999, -999, -999, -999, -999, -999, -999, -999, -999, -999, -999
19570628, 0600,  , TS, 33.3N,  91.2W,  40, -999, -999, -999, -999, -999, -999, -999, -999, -999, -999, -999, -999, -999, -999
19570628, 1200,  , TS, 34.7N,  89.0W,  35, -999, -999, -999, -999, -999, -999, -999, -999, -999, -999, -999, -999, -999, -999
19570628, 1800,  , TS, 36.5N,  86.1W,  35, -999, -999, -999, -999, -999, -999, -999, -999, -999, -999, -999, -999, -999, -999
19570629, 0000,  , EX, 39.4N,  80.9W,  40, -999, -999, -999, -999, -999, -999, -999, -999, -999, -999, -999, -999, -999, -999
AL031957,             BERTHA,     14,
19570808, 0000,  , TD, 27.0N,  87.4W,  25, -999, -999, -999, -999, -999, -999, -999, -999, -999, -999, -999, -999, -999, -999
19570808, 0600,  , TD, 27.0N,  88.0W,  30, -999, -999, -999, -999, -999, -999, -999, -999, -999, -999, -999, -999, -999, -999
19570808, 1200,  , TS, 27.0N,  88.6W,  35, -999, -999, -999, -999, -999, -999, -999, -999, -999, -999, -999, -999, -999, -999
19570808, 1800,  , TS, 27.2N,  89.2W,  45, -999, -999, -999, -999, -999, -999, -999, -999, -999, -999, -999, -999, -999, -999
19570809, 0000,  , TS, 27.5N,  89.9W,  55, 1000, -999, -999, -999, -999, -999, -999, -999, -999, -999, -999, -999, -999, -999
19570809, 0600,  , TS, 27.8N,  90.6W,  50, -999, -999, -999, -999, -999, -999, -999, -999, -999, -999, -999, -999, -999, -999
19570809, 1200,  , TS, 28.3N,  91.3W,  45, -999, -999, -999, -999, -999, -999, -999, -999, -999, -999, -999, -999, -999, -999
19570809, 1800,  , TS, 29.0N,  92.2W,  50, 1005, -999, -999, -999, -999, -999, -999, -999, -999, -999, -999, -999, -999, -999
19570810, 0000,  , TS, 29.5N,  93.1W,  55, -999, -999, -999, -999, -999, -999, -999, -999, -999, -999, -999, -999, -999, -999
19570810, 0600, L, TS, 29.7N,  93.9W,  55,  998, -999, -999, -999, -999, -999, -999, -999, -999, -999, -999, -999, -999, -999
19570810, 1200,  , TS, 30.1N,  94.6W,  40, -999, -999, -999, -999, -999, -999, -999, -999, -999, -999, -999, -999, -999, -999
19570810, 1800,  , TD, 30.8N,  95.1W,  30, -999, -999, -999, -999, -999, -999, -999, -999, -999, -999, -999, -999, -999, -999
19570811, 0000,  , TD, 31.7N,  95.2W,  25, -999, -999, -999, -999, -999, -999, -999, -999, -999, -999, -999, -999, -999, -999
19570811, 0600,  , TD, 32.7N,  95.2W,  25, -999, -999, -999, -999, -999, -999, -999, -999, -999, -999, -999, -999, -999, -999
AL041957,             CARRIE,     95,
19570902, 0600,  , TD, 13.0N,  21.3W,  25, -999, -999, -999, -999, -999, -999, -999, -999, -999, -999, -999, -999, -999, -999
19570902, 1200,  , TD, 13.0N,  22.2W,  25, -999, -999, -999, -999, -999, -999, -999, -999, -999, -999, -999, -999, -999, -999
19570902, 1800,  , TD, 13.0N,  23.1W,  25, -999, -999, -999, -999, -999, -999, -999, -999, -999, -999, -999, -999, -999, -999
19570903, 0000,  , TD, 13.1N,  24.0W,  25, -999, -999, -999, -999, -999, -999, -999, -999, -999, -999, -999, -999, -999, -999
19570903, 0600,  , TD, 13.4N,  25.0W,  30, -999, -999, -999, -999, -999, -999, -999, -999, -999, -999, -999, -999, -999, -999
19570903, 1200,  , TS, 13.7N,  25.9W,  35, -999, -999, -999, -999, -999, -999, -999, -999, -999, -999, -999, -999, -999, -999
19570903, 1800,  , TS, 13.9N,  26.8W,  35, -999, -999, -999, -999, -999, -999, -999, -999, -999, -999, -999, -999, -999, -999
19570904, 0000,  , TS, 14.1N,  27.7W,  40, -999, -999, -999, -999, -999, -999, -999, -999, -999, -999, -999, -999, -999, -999
19570904, 0600,  , TS, 14.3N,  28.6W,  45, -999, -999, -999, -999, -999, -999, -999, -999, -999, -999, -999, -999, -999, -999
19570904, 1200,  , TS, 14.5N,  29.6W,  50, -999, -999, -999, -999, -999, -999, -999, -999, -999, -999, -999, -999, -999, -999
19570904, 1800,  , TS, 14.5N,  30.6W,  55, -999, -999, -999, -999, -999, -999, -999, -999, -999, -999, -999, -999, -999, -999
19570905, 0000,  , TS, 14.5N,  31.6W,  60, -999, -999, -999, -999, -999, -999, -999, -999, -999, -999, -999, -999, -999, -999
19570905, 0600,  , HU, 14.5N,  32.6W,  65, -999, -999, -999, -999, -999, -999, -999, -999, -999, -999, -999, -999, -999, -999
19570905, 1200,  , HU, 14.7N,  33.6W,  70, -999, -999, -999, -999, -999, -999, -999, -999, -999, -999, -999, -999, -999, -999
19570905, 1800,  , HU, 14.9N,  34.6W,  75, -999, -999, -999, -999, -999, -999, -999, -999, -999, -999, -999, -999, -999, -999
19570906, 0000,  , HU, 15.1N,  35.6W,  80, -999, -999, -999, -999, -999, -999, -999, -999, -999, -999, -999, -999, -999, -999
19570906, 0600,  , HU, 15.4N,  36.6W,  80, -999, -999, -999, -999, -999, -999, -999, -999, -999, -999, -999, -999, -999, -999
19570906, 1200,  , HU, 15.7N,  37.5W,  85, -999, -999, -999, -999, -999, -999, -999, -999, -999, -999, -999, -999, -999, -999
19570906, 1800,  , HU, 15.9N,  38.3W,  95, -999, -999, -999, -999, -999, -999, -999, -999, -999, -999, -999, -999, -999, -999
19570907, 0000,  , HU, 16.1N,  39.1W, 100, -999, -999, -999, -999, -999, -999, -999, -999, -999, -999, -999, -999, -999, -999
19570907, 0600,  , HU, 16.4N,  40.0W, 105, -999, -999, -999, -999, -999, -999, -999, -999, -999, -999, -999, -999, -999, -999
19570907, 1200,  , HU, 16.7N,  41.0W, 110, -999, -999, -999, -999, -999, -999, -999, -999, -999, -999, -999, -999, -999, -999
19570907, 1800,  , HU, 17.0N,  42.0W, 115, -999, -999, -999, -999, -999, -999, -999, -999, -999, -999, -999, -999, -999, -999
19570908, 0000,  , HU, 17.4N,  42.9W, 120,  945, -999, -999, -999, -999, -999, -999, -999, -999, -999, -999, -999, -999, -999
19570908, 0600,  , HU, 17.7N,  43.7W, 120, -999, -999, -999, -999, -999, -999, -999, -999, -999, -999, -999, -999, -999, -999
19570908, 1200,  , HU, 17.9N,  44.5W, 120, -999, -999, -999, -999, -999, -999, -999, -999, -999, -999, -999, -999, -999, -999
19570908, 1800,  , HU, 18.0N,  45.2W, 120, -999, -999, -999, -999, -999, -999, -999, -999, -999, -999, -999, -999, -999, -999
19570909, 0000,  , HU, 18.1N,  46.1W, 115, -999, -999, -999, -999, -999, -999, -999, -999, -999, -999, -999, -999, -999, -999
19570909, 0600,  , HU, 18.3N,  47.2W, 105, -999, -999, -999, -999, -999, -999, -999, -999, -999, -999, -999, -999, -999, -999
19570909, 1200,  , HU, 18.7N,  48.2W,  95, -999, -999, -999, -999, -999, -999, -999, -999, -999, -999, -999, -999, -999, -999
19570909, 1800,  , HU, 19.1N,  49.1W,  85,  975, -999, -999, -999, -999, -999, -999, -999, -999, -999, -999, -999, -999, -999
19570910, 0000,  , HU, 19.4N,  49.9W,  80, -999, -999, -999, -999, -999, -999, -999, -999, -999, -999, -999, -999, -999, -999
19570910, 0600,  , HU, 19.7N,  50.7W,  75,  977, -999, -999, -999, -999, -999, -999, -999, -999, -999, -999, -999, -999, -999
19570910, 1200,  , HU, 19.9N,  51.4W,  70,  985, -999, -999, -999, -999, -999, -999, -999, -999, -999, -999, -999, -999, -999
19570910, 1800,  , HU, 20.1N,  52.0W,  65, -999, -999, -999, -999, -999, -999, -999, -999, -999, -999, -999, -999, -999, -999
19570911, 0000,  , HU, 20.3N,  52.3W,  65, -999, -999, -999, -999, -999, -999, -999, -999, -999, -999, -999, -999, -999, -999
19570911, 0600,  , HU, 20.6N,  52.4W,  65,  985, -999, -999, -999, -999, -999, -999, -999, -999, -999, -999, -999, -999, -999
19570911, 1200,  , HU, 20.9N,  52.4W,  65,  984, -999, -999, -999, -999, -999, -999, -999, -999, -999, -999, -999, -999, -999
19570911, 1800,  , HU, 21.2N,  52.4W,  70,  978, -999, -999, -999, -999, -999, -999, -999, -999, -999, -999, -999, -999, -999
19570912, 0000,  , HU, 21.6N,  52.4W,  80, -999, -999, -999, -999, -999, -999, -999, -999, -999, -999, -999, -999, -999, -999
19570912, 0600,  , HU, 22.1N,  52.5W,  85, -999, -999, -999, -999, -999, -999, -999, -999, -999, -999, -999, -999, -999, -999
19570912, 1200,  , HU, 22.8N,  52.6W,  90,  960, -999, -999, -999, -999, -999, -999, -999, -999, -999, -999, -999, -999, -999
19570912, 1800,  , HU, 23.6N,  52.7W,  95,  957, -999, -999, -999, -999, -999, -999, -999, -999, -999, -999, -999, -999, -999
19570913, 0000,  , HU, 24.3N,  52.6W, 100, -999, -999, -999, -999, -999, -999, -999, -999, -999, -999, -999, -999, -999, -999
19570913, 0600,  , HU, 25.0N,  52.5W, 105,  951, -999, -999, -999, -999, -999, -999, -999, -999, -999, -999, -999, -999, -999
19570913, 1200,  , HU, 25.7N,  52.4W, 100,  953, -999, -999, -999, -999, -999, -999, -999, -999, -999, -999, -999, -999, -999
19570913, 1800,  , HU, 26.4N,  52.2W,  90,  963, -999, -999, -999, -999, -999, -999, -999, -999, -999, -999, -999, -999, -999
19570914, 0000,  , HU, 27.1N,  52.3W,  90, -999, -999, -999, -999, -999, -999, -999, -999, -999, -999, -999, -999, -999, -999
19570914, 0600,  , HU, 27.7N,  52.5W,  90,  964, -999, -999, -999, -999, -999, -999, -999, -999, -999, -999, -999, -999, -999
19570914, 1200,  , HU, 28.1N,  53.0W,  90,  964, -999, -999, -999, -999, -999, -999, -999, -999, -999, -999, -999, -999, -999
19570914, 1800,  , HU, 28.4N,  54.0W,  90,  963, -999, -999, -999, -999, -999, -999, -999, -999, -999, -999, -999, -999, -999
19570915, 0000,  , HU, 28.8N,  55.2W,  90, -999, -999, -999, -999, -999, -999, -999, -999, -999, -999, -999, -999, -999, -999
19570915, 0600,  , HU, 29.3N,  56.5W,  85,  967, -999, -999, -999, -999, -999, -999, -999, -999, -999, -999, -999, -999, -999
19570915, 1200,  , HU, 30.0N,  57.8W,  90,  965, -999, -999, -999, -999, -999, -999, -999, -999, -999, -999, -999, -999, -999
19570915, 1800,  , HU, 30.8N,  58.9W,  90,  961, -999, -999, -999, -999, -999, -999, -999, -999, -999, -999, -999, -999, -999
19570916, 0000,  , HU, 31.4N,  59.9W,  90,  964, -999, -999, -999, -999, -999, -999, -999, -999, -999, -999, -999, -999, -999
19570916, 0600,  , HU, 32.0N,  60.9W,  85,  966, -999, -999, -999, -999, -999, -999, -999, -999, -999, -999, -999, -999, -999
19570916, 1200,  , HU, 32.5N,  62.0W,  80,  969, -999, -999, -999, -999, -999, -999, -999, -999, -999, -999, -999, -999, -999
19570916, 1800,  , HU, 33.2N,  62.9W,  80, -999, -999, -999, -999, -999, -999, -999, -999, -999, -999, -999, -999, -999, -999
19570917, 0000,  , HU, 33.9N,  63.6W,  80,  970, -999, -999, -999, -999, -999, -999, -999, -999, -999, -999, -999, -999, -999
19570917, 0600,  , HU, 34.6N,  64.3W,  75,  974, -999, -999, -999, -999, -999, -999, -999, -999, -999, -999, -999, -999, -999
19570917, 1200,  , HU, 35.3N,  64.2W,  75,  975, -999, -999, -999, -999, -999, -999, -999, -999, -999, -999, -999, -999, -999
19570917, 1800,  , HU, 35.8N,  63.3W,  75,  978, -999, -999, -999, -999, -999, -999, -999, -999, -999, -999, -999, -999, -999
19570918, 0000,  , HU, 36.0N,  62.1W,  70, -999, -999, -999, -999, -999, -999, -999, -999, -999, -999, -999, -999, -999, -999
19570918, 0600,  , HU, 36.0N,  60.7W,  70,  978, -999, -999, -999, -999, -999, -999, -999, -999, -999, -999, -999, -999, -999
19570918, 1200,  , HU, 35.9N,  59.3W,  70,  978, -999, -999, -999, -999, -999, -999, -999, -999, -999, -999, -999, -999, -999
19570918, 1800,  , HU, 35.5N,  57.8W,  70, -999, -999, -999, -999, -999, -999, -999, -999, -999, -999, -999, -999, -999, -999
19570919, 0000,  , HU, 35.2N,  56.2W,  75, -999, -999, -999, -999, -999, -999, -999, -999, -999, -999, -999, -999, -999, -999
19570919, 0600,  , HU, 34.9N,  54.8W,  75, -999, -999, -999, -999, -999, -999, -999, -999, -999, -999, -999, -999, -999, -999
19570919, 1200,  , HU, 34.7N,  53.4W,  80,  970, -999, -999, -999, -999, -999, -999, -999, -999, -999, -999, -999, -999, -999
19570919, 1800,  , HU, 34.5N,  51.9W,  85, -999, -999, -999, -999, -999, -999, -999, -999, -999, -999, -999, -999, -999, -999
19570920, 0000,  , HU, 34.4N,  50.6W,  85, -999, -999, -999, -999, -999, -999, -999, -999, -999, -999, -999, -999, -999, -999
19570920, 0600,  , HU, 34.3N,  49.2W,  90, -999, -999, -999, -999, -999, -999, -999, -999, -999, -999, -999, -999, -999, -999
19570920, 1200,  , HU, 34.2N,  47.7W,  95, -999, -999, -999, -999, -999, -999, -999, -999, -999, -999, -999, -999, -999, -999
19570920, 1800,  , HU, 34.2N,  46.0W,  95, -999, -999, -999, -999, -999, -999, -999, -999, -999, -999, -999, -999, -999, -999
19570921, 0000,  , HU, 34.3N,  44.0W,  90, -999, -999, -999, -999, -999, -999, -999, -999, -999, -999, -999, -999, -999, -999
19570921, 0600,  , HU, 34.5N,  42.0W,  90, -999, -999, -999, -999, -999, -999, -999, -999, -999, -999, -999, -999, -999, -999
19570921, 1200,  , HU, 34.7N,  40.0W,  85, -999, -999, -999, -999, -999, -999, -999, -999, -999, -999, -999, -999, -999, -999
19570921, 1800,  , HU, 35.0N,  38.0W,  80, -999, -999, -999, -999, -999, -999, -999, -999, -999, -999, -999, -999, -999, -999
19570922, 0000,  , HU, 35.5N,  35.6W,  80, -999, -999, -999, -999, -999, -999, -999, -999, -999, -999, -999, -999, -999, -999
19570922, 0600,  , HU, 36.1N,  32.8W,  75, -999, -999, -999, -999, -999, -999, -999, -999, -999, -999, -999, -999, -999, -999
19570922, 1200,  , HU, 37.5N,  29.5W,  75, -999, -999, -999, -999, -999, -999, -999, -999, -999, -999, -999, -999, -999, -999
19570922, 1800,  , HU, 39.2N,  26.2W,  70, -999, -999, -999, -999, -999, -999, -999, -999, -999, -999, -999, -999, -999, -999
19570923, 0000,  , EX, 41.5N,  23.2W,  70, -999, -999, -999, -999, -999, -999, -999, -999, -999, -999, -999, -999, -999, -999
19570923, 0600,  , EX, 44.0N,  21.0W,  70, -999, -999, -999, -999, -999, -999, -999, -999, -999, -999, -999, -999, -999, -999
19570923, 1200,  , EX, 46.0N,  19.2W,  65, -999, -999, -999, -999, -999, -999, -999, -999, -999, -999, -999, -999, -999, -999
19570923, 1800,  , EX, 48.0N,  17.4W,  60, -999, -999, -999, -999, -999, -999, -999, -999, -999, -999, -999, -999, -999, -999
19570924, 0000,  , EX, 50.0N,  16.0W,  55, -999, -999, -999, -999, -999, -999, -999, -999, -999, -999, -999, -999, -999, -999
19570924, 0600,  , EX, 51.0N,  14.5W,  55, -999, -999, -999, -999, -999, -999, -999, -999, -999, -999, -999, -999, -999, -999
19570924, 1200,  , EX, 51.2N,  12.8W,  50, -999, -999, -999, -999, -999, -999, -999, -999, -999, -999, -999, -999, -999, -999
19570924, 1800,  , EX, 51.2N,  11.0W,  45, -999, -999, -999, -999, -999, -999, -999, -999, -999, -999, -999, -999, -999, -999
19570925, 0000,  , EX, 51.2N,   9.4W,  40, -999, -999, -999, -999, -999, -999, -999, -999, -999, -999, -999, -999, -999, -999
19570925, 0600,  , EX, 51.0N,   8.0W,  35, -999, -999, -999, -999, -999, -999, -999, -999, -999, -999, -999, -999, -999, -999
19570925, 1200,  , EX, 50.5N,   7.0W,  35, -999, -999, -999, -999, -999, -999, -999, -999, -999, -999, -999, -999, -999, -999
19570925, 1800,  , EX, 50.0N,   6.0W,  35, -999, -999, -999, -999, -999, -999, -999, -999, -999, -999, -999, -999, -999, -999
AL051957,             DEBBIE,     10,
19570907, 0600,  , TS, 23.9N,  89.8W,  35, -999, -999, -999, -999, -999, -999, -999, -999, -999, -999, -999, -999, -999, -999
19570907, 1200,  , TS, 25.0N,  89.5W,  35, -999, -999, -999, -999, -999, -999, -999, -999, -999, -999, -999, -999, -999, -999
19570907, 1800,  , TS, 26.3N,  89.0W,  35, -999, -999, -999, -999, -999, -999, -999, -999, -999, -999, -999, -999, -999, -999
19570908, 0000,  , TS, 27.7N,  88.5W,  35, -999, -999, -999, -999, -999, -999, -999, -999, -999, -999, -999, -999, -999, -999
19570908, 0600,  , TS, 28.9N,  87.9W,  35, -999, -999, -999, -999, -999, -999, -999, -999, -999, -999, -999, -999, -999, -999
19570908, 1200,  , TS, 29.7N,  87.0W,  35, 1003, -999, -999, -999, -999, -999, -999, -999, -999, -999, -999, -999, -999, -999
19570908, 1700, L, TS, 30.3N,  86.1W,  35, -999, -999, -999, -999, -999, -999, -999, -999, -999, -999, -999, -999, -999, -999
19570908, 1800,  , TS, 30.4N,  86.0W,  35, -999, -999, -999, -999, -999, -999, -999, -999, -999, -999, -999, -999, -999, -999
19570909, 0000,  , TD, 31.6N,  85.1W,  30, -999, -999, -999, -999, -999, -999, -999, -999, -999, -999, -999, -999, -999, -999
19570909, 0600,  , TD, 33.1N,  84.4W,  25, -999, -999, -999, -999, -999, -999, -999, -999, -999, -999, -999, -999, -999, -999
AL061957,             ESTHER,     15,
19570916, 0000,  , TD, 20.8N,  93.0W,  30, -999, -999, -999, -999, -999, -999, -999, -999, -999, -999, -999, -999, -999, -999
19570916, 0600,  , TS, 21.4N,  93.0W,  35, -999, -999, -999, -999, -999, -999, -999, -999, -999, -999, -999, -999, -999, -999
19570916, 1200,  , TS, 22.0N,  93.0W,  40, -999, -999, -999, -999, -999, -999, -999, -999, -999, -999, -999, -999, -999, -999
19570916, 1800,  , TS, 22.7N,  93.0W,  40, -999, -999, -999, -999, -999, -999, -999, -999, -999, -999, -999, -999, -999, -999
19570917, 0000,  , TS, 23.4N,  93.0W,  40, 1000, -999, -999, -999, -999, -999, -999, -999, -999, -999, -999, -999, -999, -999
19570917, 0600,  , TS, 24.1N,  93.0W,  40, -999, -999, -999, -999, -999, -999, -999, -999, -999, -999, -999, -999, -999, -999
19570917, 1200,  , TS, 24.5N,  93.0W,  40, -999, -999, -999, -999, -999, -999, -999, -999, -999, -999, -999, -999, -999, -999
19570917, 1800,  , TS, 25.1N,  92.8W,  40, 1004, -999, -999, -999, -999, -999, -999, -999, -999, -999, -999, -999, -999, -999
19570918, 0000,  , TS, 26.4N,  92.3W,  45, -999, -999, -999, -999, -999, -999, -999, -999, -999, -999, -999, -999, -999, -999
19570918, 0600,  , TS, 27.9N,  91.6W,  50, 1000, -999, -999, -999, -999, -999, -999, -999, -999, -999, -999, -999, -999, -999
19570918, 1200, L, TS, 29.2N,  90.9W,  55, -999, -999, -999, -999, -999, -999, -999, -999, -999, -999, -999, -999, -999, -999
19570918, 1800,  , TS, 30.4N,  90.7W,  50, -999, -999, -999, -999, -999, -999, -999, -999, -999, -999, -999, -999, -999, -999
19570919, 0000,  , TS, 31.5N,  90.7W,  35, 1002, -999, -999, -999, -999, -999, -999, -999, -999, -999, -999, -999, -999, -999
19570919, 0600,  , TD, 32.5N,  90.9W,  25, -999, -999, -999, -999, -999, -999, -999, -999, -999, -999, -999, -999, -999, -999
19570919, 1200,  , TD, 33.5N,  91.0W,  25, -999, -999, -999, -999, -999, -999, -999, -999, -999, -999, -999, -999, -999, -999
AL071957,             FRIEDA,     29,
19570920, 1200,  , TD, 31.7N,  65.8W,  25, -999, -999, -999, -999, -999, -999, -999, -999, -999, -999, -999, -999, -999, -999
19570920, 1800,  , TD, 31.0N,  65.8W,  25, -999, -999, -999, -999, -999, -999, -999, -999, -999, -999, -999, -999, -999, -999
19570921, 0000,  , TD, 29.7N,  65.9W,  25, -999, -999, -999, -999, -999, -999, -999, -999, -999, -999, -999, -999, -999, -999
19570921, 0600,  , TD, 28.2N,  65.9W,  30, -999, -999, -999, -999, -999, -999, -999, -999, -999, -999, -999, -999, -999, -999
19570921, 1200,  , TD, 27.2N,  65.8W,  30, 1005, -999, -999, -999, -999, -999, -999, -999, -999, -999, -999, -999, -999, -999
19570921, 1800,  , TD, 27.5N,  65.5W,  30, 1004, -999, -999, -999, -999, -999, -999, -999, -999, -999, -999, -999, -999, -999
19570922, 0000,  , TS, 27.8N,  65.5W,  35, -999, -999, -999, -999, -999, -999, -999, -999, -999, -999, -999, -999, -999, -999
19570922, 0600,  , TS, 27.5N,  66.7W,  40, 1001, -999, -999, -999, -999, -999, -999, -999, -999, -999, -999, -999, -999, -999
19570922, 1200,  , TS, 26.7N,  68.2W,  40, -999, -999, -999, -999, -999, -999, -999, -999, -999, -999, -999, -999, -999, -999
19570922, 1800,  , TS, 26.7N,  69.8W,  45, -999, -999, -999, -999, -999, -999, -999, -999, -999, -999, -999, -999, -999, -999
19570923, 0000,  , TS, 26.8N,  70.5W,  45, -999, -999, -999, -999, -999, -999, -999, -999, -999, -999, -999, -999, -999, -999
19570923, 0600,  , TS, 26.9N,  71.3W,  45, -999, -999, -999, -999, -999, -999, -999, -999, -999, -999, -999, -999, -999, -999
19570923, 1200,  , TS, 27.3N,  71.8W,  45, 1004, -999, -999, -999, -999, -999, -999, -999, -999, -999, -999, -999, -999, -999
19570923, 1800,  , TS, 28.0N,  72.2W,  45, -999, -999, -999, -999, -999, -999, -999, -999, -999, -999, -999, -999, -999, -999
19570924, 0000,  , TS, 29.0N,  72.2W,  45, -999, -999, -999, -999, -999, -999, -999, -999, -999, -999, -999, -999, -999, -999
19570924, 0600,  , TS, 30.4N,  72.0W,  45, -999, -999, -999, -999, -999, -999, -999, -999, -999, -999, -999, -999, -999, -999
19570924, 1200,  , TS, 31.5N,  71.0W,  45, 1002, -999, -999, -999, -999, -999, -999, -999, -999, -999, -999, -999, -999, -999
19570924, 1800,  , TS, 32.2N,  70.0W,  50, -999, -999, -999, -999, -999, -999, -999, -999, -999, -999, -999, -999, -999, -999
19570925, 0000,  , TS, 33.2N,  68.5W,  60,  995, -999, -999, -999, -999, -999, -999, -999, -999, -999, -999, -999, -999, -999
19570925, 0600,  , HU, 34.4N,  66.6W,  70, -999, -999, -999, -999, -999, -999, -999, -999, -999, -999, -999, -999, -999, -999
19570925, 1200,  , HU, 35.8N,  64.5W,  75, -999, -999, -999, -999, -999, -999, -999, -999, -999, -999, -999, -999, -999, -999
19570925, 1800,  , HU, 37.4N,  62.6W,  75,  975, -999, -999, -999, -999, -999, -999, -999, -999, -999, -999, -999, -999, -999
19570926, 0000,  , HU, 38.8N,  60.8W,  75,  976, -999, -999, -999, -999, -999, -999, -999, -999, -999, -999, -999, -999, -999
19570926, 0600,  , EX, 40.2N,  59.0W,  70, -999, -999, -999, -999, -999, -999, -999, -999, -999, -999, -999, -999, -999, -999
19570926, 1200,  , EX, 41.4N,  57.2W,  65, -999, -999, -999, -999, -999, -999, -999, -999, -999, -999, -999, -999, -999, -999
19570926, 1800,  , EX, 42.6N,  55.8W,  60, -999, -999, -999, -999, -999, -999, -999, -999, -999, -999, -999, -999, -999, -999
19570927, 0000,  , EX, 44.0N,  54.5W,  55, -999, -999, -999, -999, -999, -999, -999, -999, -999, -999, -999, -999, -999, -999
19570927, 0600,  , EX, 45.8N,  53.5W,  50, -999, -999, -999, -999, -999, -999, -999, -999, -999, -999, -999, -999, -999, -999
19570927, 1200,  , EX, 48.0N,  52.5W,  50, -999, -999, -999, -999, -999, -999, -999, -999, -999, -999, -999, -999, -999, -999
AL081957,            UNNAMED,     20,
19571023, 0000,  , TD, 23.3N,  58.0W,  30, -999, -999, -999, -999, -999, -999, -999, -999, -999, -999, -999, -999, -999, -999
19571023, 0600,  , TS, 24.3N,  59.3W,  35, -999, -999, -999, -999, -999, -999, -999, -999, -999, -999, -999, -999, -999, -999
19571023, 1200,  , TS, 25.0N,  60.6W,  40, -999, -999, -999, -999, -999, -999, -999, -999, -999, -999, -999, -999, -999, -999
19571023, 1800,  , TS, 25.2N,  61.9W,  40, -999, -999, -999, -999, -999, -999, -999, -999, -999, -999, -999, -999, -999, -999
19571024, 0000,  , TS, 24.9N,  63.2W,  45,  998, -999, -999, -999, -999, -999, -999, -999, -999, -999, -999, -999, -999, -999
19571024, 0600,  , TS, 24.9N,  64.2W,  45, -999, -999, -999, -999, -999, -999, -999, -999, -999, -999, -999, -999, -999, -999
19571024, 1200,  , TS, 25.4N,  65.0W,  45, -999, -999, -999, -999, -999, -999, -999, -999, -999, -999, -999, -999, -999, -999
19571024, 1800,  , TS, 26.2N,  65.6W,  50, -999, -999, -999, -999, -999, -999, -999, -999, -999, -999, -999, -999, -999, -999
19571025, 0000,  , TS, 27.2N,  65.8W,  50, -999, -999, -999, -999, -999, -999, -999, -999, -999, -999, -999, -999, -999, -999
19571025, 0600,  , TS, 28.2N,  65.4W,  50,  991, -999, -999, -999, -999, -999, -999, -999, -999, -999, -999, -999, -999, -999
19571025, 1200,  , TS, 29.2N,  64.8W,  50, -999, -999, -999, -999, -999, -999, -999, -999, -999, -999, -999, -999, -999, -999
19571025, 1800,  , TS, 30.5N,  63.8W,  50,  995, -999, -999, -999, -999, -999, -999, -999, -999, -999, -999, -999, -999, -999
19571026, 0000,  , TS, 32.3N,  62.8W,  45, -999, -999, -999, -999, -999, -999, -999, -999, -999, -999, -999, -999, -999, -999
19571026, 0600,  , TS, 34.7N,  61.5W,  45, -999, -999, -999, -999, -999, -999, -999, -999, -999, -999, -999, -999, -999, -999
19571026, 1200,  , TS, 36.2N,  59.5W,  45, -999, -999, -999, -999, -999, -999, -999, -999, -999, -999, -999, -999, -999, -999
19571026, 1800,  , TS, 37.0N,  57.0W,  45, -999, -999, -999, -999, -999, -999, -999, -999, -999, -999, -999, -999, -999, -999
19571027, 0000,  , TS, 37.5N,  54.0W,  40, -999, -999, -999, -999, -999, -999, -999, -999, -999, -999, -999, -999, -999, -999
19571027, 0600,  , TS, 37.9N,  50.5W,  35, -999, -999, -999, -999, -999, -999, -999, -999, -999, -999, -999, -999, -999, -999
19571027, 1200,  , TD, 38.3N,  47.5W,  30, -999, -999, -999, -999, -999, -999, -999, -999, -999, -999, -999, -999, -999, -999
19571027, 1800,  , TD, 38.8N,  44.6W,  25, -999, -999, -999, -999, -999, -999, -999, -999, -999, -999, -999, -999, -999, -999
