AL012004,               ALEX,     25,
20040731, 1800,  , TD, 30.3N,  78.3W,  25, 1010,    0,    0,    0,    0,    0,    0,    0,    0,    0,    0,    0,    0, -999
20040801, 0000,  , TD, 31.0N,  78.8W,  25, 1009,    0,    0,    0,    0,    0,    0,    0,    0,    0,    0,    0,    0, -999
20040801, 0600,  , TD, 31.5N,  79.0W,  25, 1009,    0,    0,    0,    0,    0,    0,    0,    0,    0,    0,    0,    0, -999
20040801, 1200,  , TD, 31.6N,  79.1W,  30, 1009,    0,    0,    0,    0,    0,    0,    0,    0,    0,    0,    0,    0, -999
20040801, 1800,  , TS, 31.6N,  79.2W,  35, 1009,    0,   50,   50,    0,    0,    0,    0,    0,    0,    0,    0,    0, -999
20040802, 0000,  , TS, 31.5N,  79.3W,  35, 1007,    0,   50,   50,    0,    0,    0,    0,    0,    0,    0,    0,    0, -999
20040802, 0600,  , TS, 31.4N,  79.4W,  40, 1005,   60,   90,   90,    0,    0,    0,    0,    0,    0,    0,    0,    0, -999
20040802, 1200,  , TS, 31.3N,  79.0W,  50,  992,   75,   90,   60,   20,   30,   30,    0,    0,    0,    0,    0,    0, -999
20040802, 1800,  , TS, 31.8N,  78.7W,  50,  993,   75,   90,   50,   30,   30,   30,   20,   20,    0,    0,    0,    0, -999
20040803, 0000,  , TS, 32.4N,  78.2W,  60,  987,   75,   90,   50,   30,   30,   30,   20,   20,    0,    0,    0,    0, -999
20040803, 0600,  , HU, 33.0N,  77.4W,  70,  983,   75,   90,   50,   40,   30,   30,   30,   20,   20,   20,   20,    0, -999
20040803, 1200,  , HU, 34.2N,  76.4W,  85,  974,   75,   90,   50,   40,   30,   50,   30,   20,   20,   20,   20,    0, -999
20040803, 1800,  , HU, 35.3N,  75.2W,  85,  972,   90,   90,   75,   50,   60,   50,   30,   30,   30,   30,   20,   15,   15
20040804, 0000,  , HU, 36.0N,  73.7W,  80,  974,   80,  100,   75,   50,   40,   50,   40,   20,   15,   40,   30,   15, -999
20040804, 0600,  , HU, 36.8N,  72.1W,  80,  973,   60,  120,   75,   75,   40,   75,   50,   50,   20,   50,   30,   15, -999
20040804, 1200,  , HU, 37.3N,  70.2W,  85,  973,   60,  120,   75,   75,   40,   75,   50,   50,   20,   50,   30,   15, -999
20040804, 1800,  , HU, 37.8N,  68.3W,  95,  965,   90,  150,  125,   75,   50,   75,   50,   50,   25,   50,   25,   15, -999
20040805, 0000,  , HU, 38.5N,  66.0W, 105,  957,   80,  150,  125,   75,   50,   80,   60,   50,   30,   50,   30,   20, -999
20040805, 0600,  , HU, 39.5N,  63.1W, 105,  957,   80,  225,  200,   75,   50,   80,   60,   50,   30,   50,   30,   20, -999
20040805, 1200,  , HU, 40.8N,  59.6W, 100,  962,   80,  300,  300,   75,   50,   80,   60,   50,   30,   50,   30,   20, -999
20040805, 1800,  , HU, 42.7N,  55.0W,  90,  970,   75,  300,  300,   75,   50,   75,   50,   30,   25,   50,   25,    0, -999
20040806, 0000,  , HU, 44.5N,  49.3W,  75,  978,   75,  300,  300,   75,   50,   75,   50,   30,   25,   50,   25,    0, -999
20040806, 0600,  , HU, 46.1N,  44.2W,  65,  984,   75,  300,  300,   75,   50,   75,   50,   30,   25,   50,   25,    0, -999
20040806, 1200,  , TS, 47.0N,  37.5W,  50,  987,   75,  300,  300,   75,   50,   75,   50,   30,    0,    0,    0,    0, -999
20040806, 1800,  , EX, 47.4N,  32.7W,  30,  992,    0,    0,    0,    0,    0,    0,    0,    0,    0,    0,    0,    0, -999
AL022004,             BONNIE,     44,
20040803, 1200,  , TD, 12.9N,  53.6W,  25, 1010,    0,    0,    0,    0,    0,    0,    0,    0,    0,    0,    0,    0, -999
20040803, 1800,  , TD, 13.2N,  55.4W,  25, 1010,    0,    0,    0,    0,    0,    0,    0,    0,    0,    0,    0,    0, -999
20040804, 0000,  , TD, 13.5N,  57.4W,  30, 1010,    0,    0,    0,    0,    0,    0,    0,    0,    0,    0,    0,    0, -999
20040804, 0600,  , TD, 13.6N,  59.5W,  30, 1010,    0,    0,    0,    0,    0,    0,    0,    0,    0,    0,    0,    0, -999
20040804, 1200,  , TD, 13.6N,  61.6W,  30, 1010,    0,    0,    0,    0,    0,    0,    0,    0,    0,    0,    0,    0, -999
20040804, 1800,  , WV, 13.7N,  63.7W,  30, 1010,    0,    0,    0,    0,    0,    0,    0,    0,    0,    0,    0,    0, -999
20040805, 0000,  , WV, 14.0N,  65.7W,  25, 1010,    0,    0,    0,    0,    0,    0,    0,    0,    0,    0,    0,    0, -999
20040805, 0600,  , WV, 14.9N,  67.7W,  25, 1010,    0,    0,    0,    0,    0,    0,    0,    0,    0,    0,    0,    0, -999
20040805, 1200,  , WV, 16.0N,  69.7W,  25, 1011,    0,    0,    0,    0,    0,    0,    0,    0,    0,    0,    0,    0, -999
20040805, 1800,  , WV, 16.5N,  71.5W,  25, 1011,    0,    0,    0,    0,    0,    0,    0,    0,    0,    0,    0,    0, -999
20040806, 0000,  , WV, 17.0N,  73.0W,  25, 1011,    0,    0,    0,    0,    0,    0,    0,    0,    0,    0,    0,    0, -999
20040806, 0600,  , WV, 17.1N,  74.6W,  25, 1011,    0,    0,    0,    0,    0,    0,    0,    0,    0,    0,    0,    0, -999
20040806, 1200,  , WV, 17.2N,  76.2W,  25, 1011,    0,    0,    0,    0,    0,    0,    0,    0,    0,    0,    0,    0, -999
20040806, 1800,  , WV, 17.0N,  77.2W,  25, 1011,    0,    0,    0,    0,    0,    0,    0,    0,    0,    0,    0,    0, -999
20040807, 0000,  , WV, 17.1N,  78.2W,  25, 1011,    0,    0,    0,    0,    0,    0,    0,    0,    0,    0,    0,    0, -999
20040807, 0600,  , WV, 17.4N,  79.2W,  20, 1013,    0,    0,    0,    0,    0,    0,    0,    0,    0,    0,    0,    0, -999
20040807, 1200,  , WV, 17.8N,  80.2W,  20, 1013,    0,    0,    0,    0,    0,    0,    0,    0,    0,    0,    0,    0, -999
20040807, 1800,  , WV, 18.4N,  81.1W,  20, 1013,    0,    0,    0,    0,    0,    0,    0,    0,    0,    0,    0,    0, -999
20040808, 0000,  , WV, 19.0N,  81.9W,  20, 1012,    0,    0,    0,    0,    0,    0,    0,    0,    0,    0,    0,    0, -999
20040808, 0600,  , WV, 19.7N,  82.7W,  25, 1010,    0,    0,    0,    0,    0,    0,    0,    0,    0,    0,    0,    0, -999
20040808, 1200,  , TD, 20.3N,  83.5W,  25, 1009,    0,    0,    0,    0,    0,    0,    0,    0,    0,    0,    0,    0, -999
20040808, 1800,  , TD, 20.9N,  84.3W,  25, 1008,    0,    0,    0,    0,    0,    0,    0,    0,    0,    0,    0,    0, -999
20040809, 0000,  , TD, 21.5N,  85.5W,  25, 1008,    0,    0,    0,    0,    0,    0,    0,    0,    0,    0,    0,    0, -999
20040809, 0600,  , TD, 22.0N,  86.6W,  30, 1008,    0,    0,    0,    0,    0,    0,    0,    0,    0,    0,    0,    0, -999
20040809, 1200,  , TS, 22.5N,  87.6W,  35, 1008,   25,   25,   25,   25,    0,    0,    0,    0,    0,    0,    0,    0, -999
20040809, 1800,  , TS, 22.9N,  88.3W,  40, 1007,   25,   25,   25,   25,    0,    0,    0,    0,    0,    0,    0,    0, -999
20040810, 0000,  , TS, 23.1N,  89.0W,  45, 1006,   25,   25,   25,   25,    0,    0,    0,    0,    0,    0,    0,    0, -999
20040810, 0600,  , TS, 23.4N,  89.8W,  45, 1005,   25,   25,   25,   25,    0,    0,    0,    0,    0,    0,    0,    0, -999
20040810, 1200,  , TS, 24.0N,  90.6W,  50, 1002,   25,   25,   25,   25,   15,   15,   15,   15,    0,    0,    0,    0, -999
20040810, 1800,  , TS, 24.4N,  90.6W,  45, 1003,   25,   40,   40,   25,    0,    0,    0,    0,    0,    0,    0,    0, -999
20040811, 0000,  , TS, 24.7N,  90.6W,  40, 1003,   25,   25,   25,   25,    0,    0,    0,    0,    0,    0,    0,    0, -999
20040811, 0600,  , TS, 25.2N,  90.6W,  40, 1003,   35,   45,   25,   25,    0,    0,    0,    0,    0,    0,    0,    0, -999
20040811, 1200,  , TS, 25.7N,  90.4W,  45, 1001,   45,   60,   25,   25,    0,    0,    0,    0,    0,    0,    0,    0, -999
20040811, 1800,  , TS, 26.4N,  89.6W,  55, 1001,   45,   60,   25,   25,   15,   15,   15,   15,    0,    0,    0,    0, -999
20040812, 0000,  , TS, 27.0N,  88.8W,  50, 1007,   45,   60,   25,   25,   15,   15,   15,   15,    0,    0,    0,    0, -999
20040812, 0600,  , TS, 27.7N,  88.1W,  45, 1008,   45,   60,   25,   25,    0,    0,    0,    0,    0,    0,    0,    0, -999
20040812, 1200,  , TS, 29.0N,  86.1W,  45, 1002,   45,   60,   25,   25,    0,    0,    0,    0,    0,    0,    0,    0, -999
20040812, 1400, L, TS, 29.6N,  85.1W,  40, 1002, -999, -999, -999, -999, -999, -999, -999, -999, -999, -999, -999, -999, -999
20040812, 1800,  , TD, 30.2N,  84.0W,  30, 1006,    0,    0,    0,    0,    0,    0,    0,    0,    0,    0,    0,    0, -999
20040813, 0000,  , TD, 31.9N,  81.3W,  25, 1008,    0,    0,    0,    0,    0,    0,    0,    0,    0,    0,    0,    0, -999
20040813, 0600,  , TD, 33.5N,  79.0W,  25, 1008,    0,    0,    0,    0,    0,    0,    0,    0,    0,    0,    0,    0, -999
20040813, 1200,  , TD, 35.5N,  76.5W,  25, 1008,    0,    0,    0,    0,    0,    0,    0,    0,    0,    0,    0,    0, -999
20040813, 1800,  , TD, 37.1N,  74.9W,  25, 1008,    0,    0,    0,    0,    0,    0,    0,    0,    0,    0,    0,    0, -999
20040814, 0000,  , LO, 39.0N,  73.5W,  20, 1012,    0,    0,    0,    0,    0,    0,    0,    0,    0,    0,    0,    0, -999
AL032004,            CHARLEY,     30,
20040809, 1200,  , TD, 11.4N,  59.2W,  30, 1010,    0,    0,    0,    0,    0,    0,    0,    0,    0,    0,    0,    0, -999
20040809, 1800,  , TD, 11.7N,  61.1W,  30, 1009,    0,    0,    0,    0,    0,    0,    0,    0,    0,    0,    0,    0, -999
20040810, 0000,  , TD, 12.2N,  63.2W,  30, 1009,    0,    0,    0,    0,    0,    0,    0,    0,    0,    0,    0,    0, -999
20040810, 0600,  , TS, 12.9N,  65.3W,  35, 1007,   75,    0,    0,   50,    0,    0,    0,    0,    0,    0,    0,    0, -999
20040810, 1200,  , TS, 13.8N,  67.6W,  40, 1004,   90,   50,    0,   75,    0,    0,    0,    0,    0,    0,    0,    0, -999
20040810, 1800,  , TS, 14.9N,  69.8W,  45, 1000,   90,   50,    0,   75,    0,    0,    0,    0,    0,    0,    0,    0, -999
20040811, 0000,  , TS, 15.6N,  71.8W,  55,  999,   90,   50,    0,   75,   20,    0,    0,    0,    0,    0,    0,    0, -999
20040811, 0600,  , TS, 16.0N,  73.7W,  55,  999,   90,   50,    0,   75,   20,    0,    0,    0,    0,    0,    0,    0, -999
20040811, 1200,  , TS, 16.3N,  75.4W,  60,  995,   90,   75,    0,   75,   40,    0,    0,   40,    0,    0,    0,    0, -999
20040811, 1800,  , HU, 16.7N,  76.8W,  65,  993,   90,   75,    0,   75,   40,    0,    0,   40,   25,    0,    0,   25, -999
20040812, 0000,  , HU, 17.4N,  78.1W,  65,  992,   90,   75,   30,   75,   40,    0,    0,   40,   25,    0,    0,   25, -999
20040812, 0600,  , HU, 18.2N,  79.3W,  75,  988,   90,   75,   30,   75,   50,   20,    0,   40,   20,    0,    0,   20, -999
20040812, 1200,  , HU, 19.2N,  80.7W,  80,  984,   90,   90,   30,   75,   50,   30,   20,   40,   20,   15,   10,   20, -999
20040812, 1800,  , HU, 20.5N,  81.6W,  90,  980,   90,   90,   40,   90,   60,   50,   20,   40,   25,   20,   10,   20, -999
20040813, 0000,  , HU, 21.7N,  82.2W,  90,  976,   90,   90,   45,   90,   60,   50,   20,   40,   25,   20,   10,   20, -999
20040813, 0430, L, HU, 22.7N,  82.6W, 105,  966, -999, -999, -999, -999, -999, -999, -999, -999, -999, -999, -999, -999, -999
20040813, 0600,  , HU, 23.0N,  82.6W, 105,  966,   90,   90,   45,   90,   60,   50,   20,   40,   25,   20,   10,   20, -999
20040813, 1200,  , HU, 24.4N,  82.9W,  95,  969,   90,   90,   75,   75,   50,   50,   40,   40,   25,   25,   15,   15, -999
20040813, 1800,  , HU, 26.1N,  82.4W, 125,  947,   40,   75,   75,   50,   30,   40,   40,   25,   20,   20,   10,   10, -999
20040813, 1945, L, HU, 26.6N,  82.2W, 130,  941, -999, -999, -999, -999, -999, -999, -999, -999, -999, -999, -999, -999,    5
20040813, 2045, L, HU, 26.9N,  82.1W, 125,  942, -999, -999, -999, -999, -999, -999, -999, -999, -999, -999, -999, -999,    5
20040814, 0000,  , HU, 28.1N,  81.6W,  75,  970,   40,   75,   40,   40,   30,   40,   30,   25,   20,   20,   20,   10, -999
20040814, 0600,  , HU, 30.1N,  80.8W,  75,  993,   75,  100,   40,   40,   50,   75,   30,   25,   25,   50,   20,   10, -999
20040814, 1200,  , HU, 32.3N,  79.7W,  65,  988,   75,  100,   40,   40,   50,   75,    0,    0,   25,   40,    0,    0, -999
20040814, 1400, L, HU, 33.0N,  79.4W,  70,  992, -999, -999, -999, -999, -999, -999, -999, -999, -999, -999, -999, -999,   20
20040814, 1600, L, HU, 33.8N,  78.7W,  65,  997, -999, -999, -999, -999, -999, -999, -999, -999, -999, -999, -999, -999,   20
20040814, 1800,  , TS, 34.5N,  78.1W,  60, 1000,   75,   75,   30,   30,   50,   50,   15,   15,    0,    0,    0,    0, -999
20040815, 0000,  , EX, 36.9N,  75.9W,  40, 1012,   75,   75,   20,    0,    0,    0,    0,    0,    0,    0,    0,    0, -999
20040815, 0600,  , EX, 39.3N,  73.8W,  35, 1014,   75,   75,   20,    0,    0,    0,    0,    0,    0,    0,    0,    0, -999
20040815, 1200,  , EX, 41.2N,  71.1W,  30, 1018,    0,    0,    0,    0,    0,    0,    0,    0,    0,    0,    0,    0, -999
AL042004,           DANIELLE,     46,
20040813, 1200,  , TD, 12.3N,  21.8W,  30, 1009,    0,    0,    0,    0,    0,    0,    0,    0,    0,    0,    0,    0, -999
20040813, 1800,  , TD, 12.4N,  23.0W,  30, 1009,    0,    0,    0,    0,    0,    0,    0,    0,    0,    0,    0,    0, -999
20040814, 0000,  , TS, 12.6N,  24.2W,  35, 1009,   45,   45,   45,   45,    0,    0,    0,    0,    0,    0,    0,    0, -999
20040814, 0600,  , TS, 12.9N,  25.5W,  40, 1004,   50,   50,   50,   50,    0,    0,    0,    0,    0,    0,    0,    0, -999
20040814, 1200,  , TS, 13.2N,  26.8W,  45, 1004,   60,   50,   50,   50,    0,    0,    0,    0,    0,    0,    0,    0, -999
20040814, 1800,  , TS, 13.5N,  28.1W,  55,  994,   90,   75,   75,   75,   25,   25,   25,   25,    0,    0,    0,    0, -999
20040815, 0000,  , HU, 13.8N,  29.3W,  65,  987,  120,   75,   75,   90,   40,   40,   40,   40,   20,   20,   20,   20, -999
20040815, 0600,  , HU, 14.1N,  30.8W,  75,  981,  120,   75,   75,  100,   50,   40,   40,   50,   25,   20,   20,   25, -999
20040815, 1200,  , HU, 14.7N,  32.1W,  80,  978,  120,   75,   75,  120,   75,   40,   40,   75,   25,   20,   20,   25, -999
20040815, 1800,  , HU, 15.2N,  33.5W,  85,  975,  120,   75,   75,  120,   60,   40,   40,   60,   25,   25,   20,   25, -999
20040816, 0000,  , HU, 16.0N,  34.8W,  90,  970,  100,   90,   60,  100,   40,   60,   30,   40,   20,   20,   15,   20, -999
20040816, 0600,  , HU, 16.8N,  36.0W,  90,  970,   90,   90,   60,   90,   40,   60,   30,   40,   20,   20,   15,   20, -999
20040816, 1200,  , HU, 17.7N,  37.2W,  90,  970,   75,   90,   60,   75,   60,   60,   40,   40,   20,   20,   20,   20, -999
20040816, 1800,  , HU, 19.0N,  38.2W,  95,  964,   75,   90,   60,   60,   60,   60,   40,   40,   25,   25,   20,   20, -999
20040817, 0000,  , HU, 20.3N,  38.9W,  95,  965,   90,   90,   60,   60,   70,   70,   40,   40,   25,   25,   20,   20, -999
20040817, 0600,  , HU, 21.7N,  39.6W,  90,  970,   90,   90,   60,   60,   70,   70,   30,   30,   25,   25,   15,   15, -999
20040817, 1200,  , HU, 23.3N,  40.0W,  90,  970,   90,   90,   60,   60,   70,   70,   30,   30,   25,   25,   10,   10, -999
20040817, 1800,  , HU, 24.6N,  40.3W,  85,  974,   90,   90,   60,   60,   70,   70,   30,   30,   20,   20,   20,   20, -999
20040818, 0000,  , HU, 25.9N,  40.6W,  75,  981,   90,   90,   60,   60,   60,   60,   40,   30,   20,   20,   20,   15, -999
20040818, 0600,  , HU, 27.3N,  40.3W,  65,  985,   90,   60,   40,   60,   50,   30,   20,   20,   20,   20,    0,    0, -999
20040818, 1200,  , TS, 28.1N,  39.8W,  55,  994,   90,   60,    0,   60,   50,   30,    0,   20,    0,    0,    0,    0, -999
20040818, 1800,  , TS, 28.9N,  38.9W,  45, 1005,   90,   60,    0,   25,    0,    0,    0,    0,    0,    0,    0,    0, -999
20040819, 0000,  , TS, 29.3N,  37.8W,  40, 1007,   90,   60,    0,   60,    0,    0,    0,    0,    0,    0,    0,    0, -999
20040819, 0600,  , TS, 29.7N,  37.7W,  40, 1007,   90,   50,    0,   40,    0,    0,    0,    0,    0,    0,    0,    0, -999
20040819, 1200,  , TS, 29.9N,  37.7W,  35, 1007,   90,    0,    0,    0,    0,    0,    0,    0,    0,    0,    0,    0, -999
20040819, 1800,  , TS, 29.9N,  37.2W,  35, 1007,   90,    0,    0,    0,    0,    0,    0,    0,    0,    0,    0,    0, -999
20040820, 0000,  , TS, 29.8N,  36.8W,  35, 1009,   90,    0,    0,    0,    0,    0,    0,    0,    0,    0,    0,    0, -999
20040820, 0600,  , TS, 30.2N,  37.0W,  35, 1010,   90,    0,    0,    0,    0,    0,    0,    0,    0,    0,    0,    0, -999
20040820, 1200,  , TS, 30.5N,  37.2W,  35, 1011,   90,    0,    0,    0,    0,    0,    0,    0,    0,    0,    0,    0, -999
20040820, 1800,  , TD, 30.9N,  37.6W,  30, 1012,    0,    0,    0,    0,    0,    0,    0,    0,    0,    0,    0,    0, -999
20040821, 0000,  , TD, 30.9N,  38.0W,  30, 1012,    0,    0,    0,    0,    0,    0,    0,    0,    0,    0,    0,    0, -999
20040821, 0600,  , TD, 30.6N,  38.6W,  30, 1013,    0,    0,    0,    0,    0,    0,    0,    0,    0,    0,    0,    0, -999
20040821, 1200,  , TD, 30.7N,  38.9W,  25, 1014,    0,    0,    0,    0,    0,    0,    0,    0,    0,    0,    0,    0, -999
20040821, 1800,  , LO, 30.5N,  39.2W,  25, 1014,    0,    0,    0,    0,    0,    0,    0,    0,    0,    0,    0,    0, -999
20040822, 0000,  , LO, 30.3N,  39.8W,  25, 1015,    0,    0,    0,    0,    0,    0,    0,    0,    0,    0,    0,    0, -999
20040822, 0600,  , LO, 30.2N,  40.3W,  25, 1015,    0,    0,    0,    0,    0,    0,    0,    0,    0,    0,    0,    0, -999
20040822, 1200,  , LO, 30.3N,  40.8W,  25, 1015,    0,    0,    0,    0,    0,    0,    0,    0,    0,    0,    0,    0, -999
20040822, 1800,  , LO, 30.4N,  41.2W,  25, 1016,    0,    0,    0,    0,    0,    0,    0,    0,    0,    0,    0,    0, -999
20040823, 0000,  , LO, 30.8N,  42.0W,  25, 1016,    0,    0,    0,    0,    0,    0,    0,    0,    0,    0,    0,    0, -999
20040823, 0600,  , LO, 31.7N,  42.5W,  25, 1017,    0,    0,    0,    0,    0,    0,    0,    0,    0,    0,    0,    0, -999
20040823, 1200,  , LO, 32.3N,  43.3W,  25, 1017,    0,    0,    0,    0,    0,    0,    0,    0,    0,    0,    0,    0, -999
20040823, 1800,  , LO, 33.1N,  43.8W,  25, 1017,    0,    0,    0,    0,    0,    0,    0,    0,    0,    0,    0,    0, -999
20040824, 0000,  , LO, 33.9N,  44.2W,  20, 1018,    0,    0,    0,    0,    0,    0,    0,    0,    0,    0,    0,    0, -999
20040824, 0600,  , LO, 34.7N,  44.6W,  20, 1018,    0,    0,    0,    0,    0,    0,    0,    0,    0,    0,    0,    0, -999
20040824, 1200,  , LO, 35.5N,  45.0W,  20, 1019,    0,    0,    0,    0,    0,    0,    0,    0,    0,    0,    0,    0, -999
20040824, 1800,  , LO, 36.4N,  45.2W,  20, 1019,    0,    0,    0,    0,    0,    0,    0,    0,    0,    0,    0,    0, -999
AL052004,               EARL,      9,
20040813, 1800,  , TD,  9.0N,  45.6W,  30, 1011,    0,    0,    0,    0,    0,    0,    0,    0,    0,    0,    0,    0, -999
20040814, 0000,  , TD,  9.2N,  47.4W,  30, 1011,    0,    0,    0,    0,    0,    0,    0,    0,    0,    0,    0,    0, -999
20040814, 0600,  , TD,  9.6N,  49.2W,  30, 1011,    0,    0,    0,    0,    0,    0,    0,    0,    0,    0,    0,    0, -999
20040814, 1200,  , TD, 10.1N,  51.4W,  30, 1011,    0,    0,    0,    0,    0,    0,    0,    0,    0,    0,    0,    0, -999
20040814, 1800,  , TS, 10.5N,  53.5W,  35, 1010,   75,    0,    0,   75,    0,    0,    0,    0,    0,    0,    0,    0, -999
20040815, 0000,  , TS, 11.0N,  55.9W,  35, 1010,   75,    0,    0,   75,    0,    0,    0,    0,    0,    0,    0,    0, -999
20040815, 0600,  , TS, 11.5N,  58.3W,  45, 1009,   90,    0,    0,   75,    0,    0,    0,    0,    0,    0,    0,    0, -999
20040815, 1200,  , TS, 11.8N,  60.8W,  45, 1009,   90,    0,    0,   75,    0,    0,    0,    0,    0,    0,    0,    0, -999
20040815, 1800,  , TS, 12.1N,  62.8W,  35, 1010,   75,    0,    0,   75,    0,    0,    0,    0,    0,    0,    0,    0, -999
AL062004,            FRANCES,     75,
20040825, 0000,  , TD, 11.1N,  35.2W,  25, 1009,    0,    0,    0,    0,    0,    0,    0,    0,    0,    0,    0,    0, -999
20040825, 0600,  , TD, 11.2N,  36.8W,  30, 1008,    0,    0,    0,    0,    0,    0,    0,    0,    0,    0,    0,    0, -999
20040825, 1200,  , TD, 11.3N,  38.3W,  30, 1007,    0,    0,    0,    0,    0,    0,    0,    0,    0,    0,    0,    0, -999
20040825, 1800,  , TS, 11.5N,  39.8W,  35, 1005,   40,   20,   20,   40,    0,    0,    0,    0,    0,    0,    0,    0, -999
20040826, 0000,  , TS, 11.9N,  41.5W,  40, 1003,   50,   30,   30,   50,    0,    0,    0,    0,    0,    0,    0,    0, -999
20040826, 0600,  , TS, 12.3N,  42.9W,  45, 1000,   60,   40,   40,   60,    0,    0,    0,    0,    0,    0,    0,    0, -999
20040826, 1200,  , TS, 12.8N,  44.5W,  55,  994,   65,   50,   50,   65,   30,   20,   20,   30,    0,    0,    0,    0, -999
20040826, 1800,  , HU, 13.3N,  45.8W,  65,  987,   70,   55,   55,   70,   35,   20,   20,   35,   15,    0,    0,   15, -999
20040827, 0000,  , HU, 13.7N,  46.8W,  70,  984,   75,   60,   60,   75,   40,   30,   30,   40,   15,    0,    0,   15, -999
20040827, 0600,  , HU, 14.2N,  47.8W,  75,  980,   75,   60,   60,   75,   40,   30,   30,   40,   15,   15,   15,   15, -999
20040827, 1200,  , HU, 14.7N,  48.5W,  90,  970,   80,   65,   65,   80,   40,   30,   30,   40,   20,   15,   15,   20, -999
20040827, 1800,  , HU, 15.4N,  49.3W, 100,  962,   90,   80,   80,   90,   45,   35,   35,   45,   20,   20,   20,   20, -999
20040828, 0000,  , HU, 15.9N,  50.0W, 100,  962,   90,   80,   80,   90,   45,   35,   35,   45,   20,   20,   20,   20, -999
20040828, 0600,  , HU, 16.6N,  50.9W, 100,  962,   90,   90,   90,   90,   50,   40,   40,   50,   20,   20,   20,   20, -999
20040828, 1200,  , HU, 17.2N,  51.6W, 105,  958,   90,   90,   90,   90,   50,   50,   50,   50,   25,   25,   25,   25, -999
20040828, 1800,  , HU, 17.7N,  52.3W, 115,  948,  100,   90,   90,   90,   60,   50,   55,   60,   30,   25,   30,   30, -999
20040829, 0000,  , HU, 18.1N,  52.9W, 115,  948,  110,  100,  100,  110,   65,   50,   60,   65,   30,   25,   30,   30, -999
20040829, 0600,  , HU, 18.4N,  53.6W, 115,  948,  120,  100,  100,  120,   65,   50,   60,   65,   35,   25,   30,   35, -999
20040829, 1200,  , HU, 18.6N,  54.4W, 115,  948,  135,  110,  110,  135,   70,   50,   60,   70,   40,   25,   30,   40, -999
20040829, 1800,  , HU, 18.8N,  55.0W, 110,  948,  150,  110,  110,  150,   75,   50,   60,   75,   40,   25,   30,   45, -999
20040830, 0000,  , HU, 18.9N,  55.8W, 105,  954,  150,  110,  110,  150,   75,   50,   60,   75,   40,   25,   30,   45, -999
20040830, 0600,  , HU, 19.0N,  56.8W, 100,  958,  150,  110,  110,  150,   75,   50,   70,   90,   40,   25,   30,   45, -999
20040830, 1200,  , HU, 19.2N,  58.1W, 100,  956,  150,  110,  120,  150,   90,   50,   70,   90,   45,   30,   30,   45, -999
20040830, 1800,  , HU, 19.4N,  59.3W, 110,  948,  160,  120,  120,  160,   90,   70,   70,   90,   50,   40,   40,   50, -999
20040831, 0000,  , HU, 19.6N,  60.7W, 110,  946,  160,  130,  120,  160,   90,   80,   70,   90,   50,   40,   40,   50, -999
20040831, 0600,  , HU, 19.8N,  62.1W, 115,  950,  160,  130,  120,  160,   90,   80,   70,   90,   55,   45,   45,   55, -999
20040831, 1200,  , HU, 20.0N,  63.5W, 120,  949,  160,  130,  120,  160,   90,   90,   70,   90,   55,   45,   45,   55, -999
20040831, 1800,  , HU, 20.3N,  65.0W, 125,  942,  160,  130,  120,  160,  100,   90,   75,   90,   55,   45,   45,   60, -999
20040901, 0000,  , HU, 20.6N,  66.4W, 120,  941,  160,  130,  120,  160,  110,  100,   75,  100,   65,   50,   45,   60, -999
20040901, 0600,  , HU, 21.0N,  67.9W, 120,  939,  160,  130,  120,  160,  120,  100,   75,  100,   70,   55,   45,   60, -999
20040901, 0700, P, HU, 21.1N,  68.1W, 120,  935, -999, -999, -999, -999, -999, -999, -999, -999, -999, -999, -999, -999, -999
20040901, 1200,  , HU, 21.4N,  69.1W, 120,  937,  160,  130,  120,  160,  120,  100,   75,  100,   70,   55,   45,   60, -999
20040901, 1800,  , HU, 21.8N,  70.4W, 120,  941,  160,  130,  120,  160,  120,  100,   75,  100,   70,   55,   45,   60, -999
20040902, 0000,  , HU, 22.2N,  71.4W, 120,  939,  160,  130,  120,  160,  120,  100,   75,  100,   70,   60,   45,   60, -999
20040902, 0600,  , HU, 22.7N,  72.5W, 125,  937,  160,  130,  120,  160,  120,  100,   75,  100,   70,   60,   45,   60, -999
20040902, 0730, W, HU, 22.8N,  72.8W, 125,  936, -999, -999, -999, -999, -999, -999, -999, -999, -999, -999, -999, -999, -999
20040902, 1200,  , HU, 23.2N,  73.5W, 120,  939,  160,  130,  120,  160,  120,  100,   75,  100,   70,   60,   45,   60, -999
20040902, 1800,  , HU, 23.8N,  74.3W, 115,  948,  160,  140,  120,  160,  120,  100,   75,  100,   70,   60,   45,   60, -999
20040902, 1930, L, HU, 24.0N,  74.5W, 110,  948, -999, -999, -999, -999, -999, -999, -999, -999, -999, -999, -999, -999, -999
20040903, 0000,  , HU, 24.2N,  75.0W, 105,  948,  160,  150,  120,  160,  120,  100,   75,  100,   70,   60,   45,   60, -999
20040903, 0530, L, HU, 24.6N,  75.6W, 100,  954, -999, -999, -999, -999, -999, -999, -999, -999, -999, -999, -999, -999, -999
20040903, 0600,  , HU, 24.7N,  75.7W, 100,  954,  160,  150,  120,  150,  120,  100,   75,  100,   70,   65,   45,   65, -999
20040903, 1000, L, HU, 25.1N,  76.1W,  95,  956, -999, -999, -999, -999, -999, -999, -999, -999, -999, -999, -999, -999, -999
20040903, 1200,  , HU, 25.3N,  76.3W,  95,  958,  165,  150,  120,  160,  120,  100,   75,  100,   70,   70,   45,   70, -999
20040903, 1800,  , HU, 25.7N,  77.1W,  90,  960,  170,  150,  120,  160,  125,  100,   75,  100,   75,   75,   45,   75, -999
20040904, 0000,  , HU, 26.0N,  77.5W,  85,  960,  175,  160,  120,  160,  125,  100,   80,  110,   80,   70,   45,   75, -999
20040904, 0600,  , HU, 26.4N,  77.9W,  85,  960,  175,  160,  120,  160,  125,  100,   80,  110,   85,   60,   50,   75, -999
20040904, 1000, L, HU, 26.6N,  78.2W,  90,  961, -999, -999, -999, -999, -999, -999, -999, -999, -999, -999, -999, -999, -999
20040904, 1200,  , HU, 26.8N,  78.5W,  90,  962,  175,  160,  120,  160,  125,  100,   80,  110,   85,   60,   50,   75, -999
20040904, 1800,  , HU, 26.8N,  79.1W,  90,  962,  175,  160,  125,  160,  125,  100,   90,  120,   75,   60,   50,   75, -999
20040905, 0000,  , HU, 27.0N,  79.4W,  95,  958,  175,  160,  125,  160,  125,  100,   90,  120,   75,   60,   50,   75, -999
20040905, 0430, L, HU, 27.2N,  80.2W,  90,  960, -999, -999, -999, -999, -999, -999, -999, -999, -999, -999, -999, -999,   30
20040905, 0600,  , HU, 27.2N,  80.2W,  90,  960,  175,  160,  125,  160,  125,  100,   75,  120,   75,   60,   40,   60, -999
20040905, 1200,  , HU, 27.4N,  80.7W,  80,  969,  175,  150,  125,  125,   80,   80,   40,   40,   60,   30,   30,   30, -999
20040905, 1800,  , TS, 27.8N,  81.7W,  60,  975,  175,  125,  125,  125,   40,   30,   25,   25,    0,    0,    0,    0, -999
20040906, 0000,  , TS, 28.1N,  82.3W,  55,  978,  175,  125,  125,  175,   30,    0,    0,    0,    0,    0,    0,    0, -999
20040906, 0600,  , TS, 28.6N,  83.3W,  55,  981,  175,  125,  125,  125,   60,    0,    0,   45,    0,    0,    0,    0, -999
20040906, 1200,  , TS, 29.2N,  83.7W,  55,  982,   75,   90,   90,   75,   45,    0,    0,   45,    0,    0,    0,    0, -999
20040906, 1800, L, TS, 30.1N,  84.0W,  50,  982,   60,   90,   90,    0,   25,    0,    0,   25,    0,    0,    0,    0, -999
20040907, 0000,  , TS, 31.0N,  84.6W,  35,  984,    0,   90,   90,    0,    0,    0,    0,    0,    0,    0,    0,    0, -999
20040907, 0600,  , TD, 31.5N,  85.0W,  30,  988,    0,    0,    0,    0,    0,    0,    0,    0,    0,    0,    0,    0, -999
20040907, 1200,  , TD, 32.0N,  85.2W,  25,  992,    0,    0,    0,    0,    0,    0,    0,    0,    0,    0,    0,    0, -999
20040907, 1800,  , TD, 32.5N,  85.1W,  25,  996,    0,    0,    0,    0,    0,    0,    0,    0,    0,    0,    0,    0, -999
20040908, 0000,  , TD, 33.4N,  84.7W,  25,  998,    0,    0,    0,    0,    0,    0,    0,    0,    0,    0,    0,    0, -999
20040908, 0600,  , TD, 34.3N,  84.3W,  25, 1000,    0,    0,    0,    0,    0,    0,    0,    0,    0,    0,    0,    0, -999
20040908, 1200,  , TD, 36.1N,  83.2W,  25, 1001,    0,    0,    0,    0,    0,    0,    0,    0,    0,    0,    0,    0, -999
20040908, 1800,  , TD, 37.8N,  82.1W,  25, 1002,    0,    0,    0,    0,    0,    0,    0,    0,    0,    0,    0,    0, -999
20040909, 0000,  , EX, 38.7N,  81.3W,  25, 1001,    0,    0,    0,    0,    0,    0,    0,    0,    0,    0,    0,    0, -999
20040909, 0600,  , EX, 40.5N,  80.0W,  30, 1001,    0,    0,    0,    0,    0,    0,    0,    0,    0,    0,    0,    0, -999
20040909, 1200,  , EX, 42.8N,  77.7W,  35, 1001,   75,    0,    0,   75,    0,    0,    0,    0,    0,    0,    0,    0, -999
20040909, 1800,  , EX, 44.3N,  75.7W,  30, 1002,    0,    0,    0,    0,    0,    0,    0,    0,    0,    0,    0,    0, -999
20040910, 0000,  , EX, 45.3N,  73.3W,  25, 1003,    0,    0,    0,    0,    0,    0,    0,    0,    0,    0,    0,    0, -999
20040910, 0600,  , EX, 46.2N,  70.5W,  20, 1004,    0,    0,    0,    0,    0,    0,    0,    0,    0,    0,    0,    0, -999
20040910, 1200,  , EX, 46.6N,  67.3W,  20, 1005,    0,    0,    0,    0,    0,    0,    0,    0,    0,    0,    0,    0, -999
20040910, 1800,  , EX, 47.2N,  64.2W,  20, 1005,    0,    0,    0,    0,    0,    0,    0,    0,    0,    0,    0,    0, -999
AL072004,             GASTON,     28,
20040827, 1200,  , TD, 31.8N,  78.1W,  25, 1015,    0,    0,    0,    0,    0,    0,    0,    0,    0,    0,    0,    0, -999
20040827, 1800,  , TD, 31.6N,  78.0W,  25, 1014,    0,    0,    0,    0,    0,    0,    0,    0,    0,    0,    0,    0, -999
20040828, 0000,  , TD, 31.4N,  78.0W,  30, 1011,    0,    0,    0,    0,    0,    0,    0,    0,    0,    0,    0,    0, -999
20040828, 0600,  , TS, 31.3N,  78.2W,  35, 1005,    0,   50,    0,    0,    0,    0,    0,    0,    0,    0,    0,    0, -999
20040828, 1200,  , TS, 31.3N,  78.5W,  45, 1000,   50,   50,    0,    0,    0,    0,    0,    0,    0,    0,    0,    0, -999
20040828, 1800,  , TS, 31.3N,  78.8W,  50,  997,   75,   75,   40,   40,    0,   25,    0,    0,    0,    0,    0,    0, -999
20040829, 0000,  , TS, 31.5N,  79.1W,  55,  994,   50,   50,   50,   50,   25,   25,   25,   25,    0,    0,    0,    0, -999
20040829, 0600,  , TS, 32.1N,  79.4W,  60,  991,   50,   50,   40,   50,   25,   25,   25,   25,    0,    0,    0,    0, -999
20040829, 1200,  , HU, 32.8N,  79.5W,  65,  986,   50,   50,   30,   30,   25,   25,   20,   20,   10,   10,    0,    0, -999
20040829, 1400, L, HU, 33.0N,  79.6W,  65,  985, -999, -999, -999, -999, -999, -999, -999, -999, -999, -999, -999, -999,   10
20040829, 1800,  , TS, 33.5N,  79.6W,  45,  992,    0,   60,    0,    0,    0,    0,    0,    0,    0,    0,    0,    0, -999
20040830, 0000,  , TD, 34.2N,  79.4W,  30,  995,    0,    0,    0,    0,    0,    0,    0,    0,    0,    0,    0,    0, -999
20040830, 0600,  , TD, 34.9N,  79.1W,  30,  998,    0,    0,    0,    0,    0,    0,    0,    0,    0,    0,    0,    0, -999
20040830, 1200,  , TD, 35.6N,  78.7W,  25, 1000,    0,    0,    0,    0,    0,    0,    0,    0,    0,    0,    0,    0, -999
20040830, 1800,  , TD, 36.4N,  77.8W,  30, 1002,    0,    0,    0,    0,    0,    0,    0,    0,    0,    0,    0,    0, -999
20040831, 0000,  , TS, 37.2N,  76.6W,  35, 1001,    0,   45,    0,    0,    0,    0,    0,    0,    0,    0,    0,    0, -999
20040831, 0600,  , TS, 38.1N,  74.8W,  35, 1001,    0,   45,    0,    0,    0,    0,    0,    0,    0,    0,    0,    0, -999
20040831, 1200,  , TS, 39.1N,  72.9W,  35, 1001,    0,   45,    0,    0,    0,    0,    0,    0,    0,    0,    0,    0, -999
20040831, 1800,  , TS, 40.2N,  70.5W,  35,  999,    0,  120,   90,    0,    0,    0,    0,    0,    0,    0,    0,    0, -999
20040901, 0000,  , TS, 41.0N,  67.5W,  40,  999,   60,  120,   90,    0,    0,    0,    0,    0,    0,    0,    0,    0, -999
20040901, 0600,  , TS, 41.7N,  63.5W,  45,  999,  120,  120,   60,    0,    0,    0,    0,    0,    0,    0,    0,    0, -999
20040901, 1200,  , EX, 43.0N,  59.6W,  45,  999,  120,  120,   60,    0,    0,    0,    0,    0,    0,    0,    0,    0, -999
20040901, 1800,  , EX, 45.0N,  55.0W,  45,  998,   90,  240,  240,    0,    0,    0,    0,    0,    0,    0,    0,    0, -999
20040902, 0000,  , EX, 47.0N,  50.0W,  45,  997,    0,  240,  240,    0,    0,    0,    0,    0,    0,    0,    0,    0, -999
20040902, 0600,  , EX, 48.5N,  44.0W,  45,  996,    0,  240,  240,    0,    0,    0,    0,    0,    0,    0,    0,    0, -999
20040902, 1200,  , EX, 50.0N,  38.0W,  45,  994,    0,  240,  240,    0,    0,    0,    0,    0,    0,    0,    0,    0, -999
20040902, 1800,  , EX, 51.1N,  32.0W,  40,  994,    0,  240,  240,    0,    0,    0,    0,    0,    0,    0,    0,    0, -999
20040903, 0000,  , EX, 52.0N,  28.9W,  35,  998,    0,  240,  240,    0,    0,    0,    0,    0,    0,    0,    0,    0, -999
AL082004,            HERMINE,     16,
20040827, 1800,  , TD, 29.0N,  65.2W,  25, 1016,    0,    0,    0,    0,    0,    0,    0,    0,    0,    0,    0,    0, -999
20040828, 0000,  , TD, 29.0N,  65.7W,  25, 1016,    0,    0,    0,    0,    0,    0,    0,    0,    0,    0,    0,    0, -999
20040828, 0600,  , TD, 29.1N,  66.2W,  25, 1016,    0,    0,    0,    0,    0,    0,    0,    0,    0,    0,    0,    0, -999
20040828, 1200,  , TD, 29.2N,  66.6W,  30, 1015,    0,    0,    0,    0,    0,    0,    0,    0,    0,    0,    0,    0, -999
20040828, 1800,  , TD, 29.7N,  67.2W,  30, 1015,    0,    0,    0,    0,    0,    0,    0,    0,    0,    0,    0,    0, -999
20040829, 0000,  , TD, 30.1N,  68.4W,  30, 1014,    0,    0,    0,    0,    0,    0,    0,    0,    0,    0,    0,    0, -999
20040829, 0600,  , TD, 30.5N,  69.2W,  30, 1014,    0,    0,    0,    0,    0,    0,    0,    0,    0,    0,    0,    0, -999
20040829, 1200,  , TS, 31.1N,  69.8W,  35, 1012,   25,   50,   50,    0,    0,    0,    0,    0,    0,    0,    0,    0, -999
20040829, 1800,  , TS, 31.8N,  70.5W,  40, 1005,   25,   50,   50,    0,    0,    0,    0,    0,    0,    0,    0,    0, -999
20040830, 0000,  , TS, 32.6N,  71.1W,  40, 1005,   50,   50,   50,   50,    0,    0,    0,    0,    0,    0,    0,    0, -999
20040830, 0600,  , TS, 33.8N,  71.5W,  50, 1002,   50,   50,   40,   40,   25,   25,    0,    0,    0,    0,    0,    0, -999
20040830, 1200,  , TS, 35.8N,  71.5W,  45, 1007,   50,  100,    0,    0,    0,    0,    0,    0,    0,    0,    0,    0, -999
20040830, 1800,  , TS, 37.6N,  71.4W,  45, 1008,    0,  125,    0,    0,    0,    0,    0,    0,    0,    0,    0,    0, -999
20040831, 0000,  , TS, 39.9N,  71.3W,  35, 1011,    0,   40,    0,    0,    0,    0,    0,    0,    0,    0,    0,    0, -999
20040831, 0600, L, TS, 41.5N,  70.9W,  35, 1012,    0,   25,    0,    0,    0,    0,    0,    0,    0,    0,    0,    0, -999
20040831, 1200,  , EX, 43.1N,  70.5W,  25, 1014,    0,    0,    0,    0,    0,    0,    0,    0,    0,    0,    0,    0, -999
AL092004,               IVAN,     94,
20040902, 1800,  , TD,  9.7N,  27.6W,  25, 1009,    0,    0,    0,    0,    0,    0,    0,    0,    0,    0,    0,    0, -999
20040903, 0000,  , TD,  9.7N,  28.7W,  30, 1007,    0,    0,    0,    0,    0,    0,    0,    0,    0,    0,    0,    0, -999
20040903, 0600,  , TS,  9.7N,  30.3W,  35, 1005,   50,    0,    0,   50,    0,    0,    0,    0,    0,    0,    0,    0, -999
20040903, 1200,  , TS,  9.5N,  32.1W,  40, 1003,   50,    0,    0,   50,    0,    0,    0,    0,    0,    0,    0,    0, -999
20040903, 1800,  , TS,  9.3N,  33.6W,  45, 1000,   60,  125,  125,   60,    0,    0,    0,    0,    0,    0,    0,    0, -999
20040904, 0000,  , TS,  9.1N,  35.0W,  45,  999,   60,  125,  125,   60,    0,    0,    0,    0,    0,    0,    0,    0, -999
20040904, 0600,  , TS,  8.9N,  36.5W,  50,  997,   60,  100,  100,   60,   25,   25,   25,   25,    0,    0,    0,    0, -999
20040904, 1200,  , TS,  8.9N,  38.2W,  50,  997,   60,  100,  100,   60,   20,   20,   20,   20,    0,    0,    0,    0, -999
20040904, 1800,  , TS,  9.0N,  39.9W,  55,  994,   60,  100,   60,   60,   20,   20,   20,   20,    0,    0,    0,    0, -999
20040905, 0000,  , TS,  9.3N,  41.4W,  60,  991,   90,  100,   60,   90,   30,   30,   30,   30,    0,    0,    0,    0, -999
20040905, 0600,  , HU,  9.5N,  43.4W,  65,  987,   90,   90,   90,   90,   40,   40,   40,   40,   20,   20,   20,   20, -999
20040905, 1200,  , HU,  9.8N,  45.1W,  85,  977,  110,  110,   70,   90,   40,   40,   40,   40,   20,   20,   20,   20, -999
20040905, 1800,  , HU, 10.2N,  46.8W, 110,  955,  110,  110,   90,   90,   40,   40,   40,   40,   20,   20,   20,   20, -999
20040906, 0000,  , HU, 10.6N,  48.5W, 115,  948,  120,  120,  100,  100,   50,   50,   50,   50,   30,   30,   30,   30, -999
20040906, 0600,  , HU, 10.8N,  50.5W, 110,  950,  120,  120,  100,  100,   50,   50,   50,   50,   30,   30,   30,   30, -999
20040906, 1200,  , HU, 11.0N,  52.5W, 110,  955,  120,  120,  100,  120,   50,   50,   50,   50,   30,   30,   30,   30, -999
20040906, 1800,  , HU, 11.3N,  54.4W,  90,  969,  120,   50,   50,  120,   75,   20,   20,   75,   45,    0,    0,   45, -999
20040907, 0000,  , HU, 11.2N,  56.1W,  90,  964,  140,   50,   50,  140,   75,   20,   20,   90,   60,    0,    0,   60, -999
20040907, 0600,  , HU, 11.3N,  57.8W,  95,  965,  140,   60,   60,  140,   90,   30,   30,   90,   60,   15,   15,   60, -999
20040907, 1200,  , HU, 11.6N,  59.4W, 100,  963,  140,   60,   60,  140,   90,   30,   30,   90,   60,   15,   15,   60, -999
20040907, 1800,  , HU, 11.8N,  61.1W, 105,  956,  140,  125,   30,  140,  100,   75,   25,  100,   60,   15,   15,   60, -999
20040907, 2130, C, HU, 11.9N,  61.8W, 110,  952, -999, -999, -999, -999, -999, -999, -999, -999, -999, -999, -999, -999, -999
20040908, 0000,  , HU, 12.0N,  62.6W, 115,  950,  140,  125,   50,  140,  100,   75,   35,  100,   60,   20,   20,   60, -999
20040908, 0600,  , HU, 12.3N,  64.1W, 120,  946,  140,  125,   50,  140,  100,   75,   35,  100,   60,   20,   20,   60, -999
20040908, 1200,  , HU, 12.6N,  65.5W, 120,  955,  140,  125,   50,  140,  100,   75,   35,  100,   60,   20,   20,   60, -999
20040908, 1800,  , HU, 13.0N,  67.0W, 120,  950,  140,  125,   50,  140,  100,   75,   35,  100,   60,   20,   20,   60, -999
20040909, 0000,  , HU, 13.3N,  68.3W, 130,  938,  140,  125,   75,  140,  100,   75,   35,  100,   50,   25,   25,   50, -999
20040909, 0600,  , HU, 13.7N,  69.5W, 140,  925,  140,  125,   75,  140,  100,   75,   35,  100,   50,   25,   25,   50, -999
20040909, 1200,  , HU, 14.2N,  70.8W, 140,  919,  140,  125,   75,  140,  100,   75,   35,  100,   50,   25,   25,   50, -999
20040909, 1800,  , HU, 14.7N,  71.9W, 130,  921,  150,   75,   60,  140,   60,   60,   45,   60,   30,   30,   25,   30, -999
20040910, 0000,  , HU, 15.2N,  72.8W, 130,  923,  150,   90,   90,  150,  125,   60,   60,   60,   45,   35,   30,   45, -999
20040910, 0600,  , HU, 15.7N,  73.8W, 125,  930,  150,   90,   90,  150,  125,   60,   60,   60,   45,   35,   30,   45, -999
20040910, 1200,  , HU, 16.2N,  74.7W, 125,  934,  150,   90,   90,  150,   75,   50,   50,   75,   50,   25,   25,   40, -999
20040910, 1800,  , HU, 16.8N,  75.8W, 120,  940,  150,   90,   90,  150,   75,   50,   50,   75,   50,   25,   25,   40, -999
20040911, 0000,  , HU, 17.3N,  76.5W, 135,  926,  150,   90,   90,  150,   75,   50,   50,   75,   50,   40,   30,   40, -999
20040911, 0330, C, HU, 17.4N,  77.2W, 130,  924, -999, -999, -999, -999, -999, -999, -999, -999, -999, -999, -999, -999, -999
20040911, 0600,  , HU, 17.4N,  77.6W, 130,  923,  150,  100,  100,  150,   60,   60,   60,   60,   40,   30,   30,   40, -999
20040911, 1200,  , HU, 17.7N,  78.4W, 125,  925,  150,  100,  100,  150,   60,   60,   60,   60,   40,   30,   30,   40, -999
20040911, 1800,  , HU, 18.0N,  79.0W, 145,  920,  150,  100,  100,  150,   75,   60,   60,   75,   60,   30,   30,   60, -999
20040912, 0000,  , HU, 18.2N,  79.6W, 145,  910,  150,  100,  100,  150,   90,   75,   60,   90,   60,   60,   30,   60, -999
20040912, 0600,  , HU, 18.4N,  80.4W, 135,  915,  150,  100,  100,  150,  100,   70,   70,   95,   80,   45,   25,   55, -999
20040912, 1200,  , HU, 18.8N,  81.2W, 135,  919,  150,  120,  100,  150,  100,   90,   70,   90,   80,   60,   45,   55, -999
20040912, 1415, C, HU, 18.9N,  81.5W, 130,  920, -999, -999, -999, -999, -999, -999, -999, -999, -999, -999, -999, -999, -999
20040912, 1800,  , HU, 19.1N,  82.1W, 130,  920,  150,  120,  100,  150,  100,   90,   70,   90,   80,   60,   45,   55, -999
20040913, 0000,  , HU, 19.5N,  82.8W, 140,  916,  175,  150,  125,  150,  125,  100,   75,  100,   80,   60,   50,   60, -999
20040913, 0600,  , HU, 19.9N,  83.5W, 140,  920,  175,  150,  125,  125,  125,   90,   60,   75,   90,   75,   40,   50, -999
20040913, 1200,  , HU, 20.4N,  84.1W, 140,  915,  180,  150,  125,  125,  125,   90,   60,   75,   90,   75,   40,   50, -999
20040913, 1800,  , HU, 20.9N,  84.7W, 140,  912,  190,  175,  140,  150,  125,  110,   90,  100,  100,   85,   70,   75, -999
20040913, 2100, P, HU, 21.2N,  84.8W, 140,  910, -999, -999, -999, -999, -999, -999, -999, -999, -999, -999, -999, -999, -999
20040914, 0000,  , HU, 21.6N,  85.1W, 140,  914,  175,  175,  125,  150,  125,  110,   70,  100,   85,   85,   50,   75, -999
20040914, 0100, C, HU, 21.7N,  85.2W, 140,  916, -999, -999, -999, -999, -999, -999, -999, -999, -999, -999, -999, -999, -999
20040914, 0600,  , HU, 22.4N,  85.6W, 140,  924,  175,  175,  125,  150,  125,  110,   70,  100,   85,   85,   50,   75, -999
20040914, 1200,  , HU, 23.0N,  86.0W, 125,  930,  225,  175,  150,  200,  125,  110,   70,  100,   85,   85,   50,   75, -999
20040914, 1800,  , HU, 23.7N,  86.5W, 120,  931,  225,  175,  150,  200,  175,  125,   75,  125,   90,   90,   60,   75, -999
20040915, 0000,  , HU, 24.7N,  87.0W, 120,  928,  225,  175,  150,  200,  175,  125,   75,  125,   90,   90,   60,   75, -999
20040915, 0600,  , HU, 25.6N,  87.4W, 120,  935,  225,  175,  150,  200,  175,  125,   75,  125,   90,   90,   60,   75, -999
20040915, 1200,  , HU, 26.7N,  87.9W, 115,  939,  225,  250,  150,  175,  150,  100,   90,  100,   90,   90,   75,   75, -999
20040915, 1800,  , HU, 27.9N,  88.2W, 115,  937,  225,  250,  125,  150,  125,  100,  100,  100,   90,   90,   75,   75, -999
20040916, 0000,  , HU, 28.9N,  88.2W, 110,  931,  225,  250,  125,  150,  125,  125,  100,  100,   90,   90,   75,   75, -999
20040916, 0600,  , HU, 30.0N,  87.9W, 105,  943,  225,  250,  125,  100,  125,  125,  100,   75,   90,   90,   75,   50, -999
20040916, 0650, L, HU, 30.2N,  87.9W, 105,  946, -999, -999, -999, -999, -999, -999, -999, -999, -999, -999, -999, -999,   25
20040916, 1200,  , HU, 31.4N,  87.7W,  70,  965,  100,  250,  125,   75,   65,  125,   50,   40,   45,   45,   35,   25, -999
20040916, 1800,  , TS, 32.5N,  87.4W,  50,  975,   60,   60,   40,   40,   20,   20,    0,    0,    0,    0,    0,    0, -999
20040917, 0000,  , TD, 33.8N,  86.5W,  30,  986,    0,    0,    0,    0,    0,    0,    0,    0,    0,    0,    0,    0, -999
20040917, 0600,  , TD, 34.7N,  85.7W,  25,  991,    0,    0,    0,    0,    0,    0,    0,    0,    0,    0,    0,    0, -999
20040917, 1200,  , TD, 35.4N,  84.0W,  20,  994,    0,    0,    0,    0,    0,    0,    0,    0,    0,    0,    0,    0, -999
20040917, 1800,  , TD, 36.2N,  82.3W,  20,  996,    0,    0,    0,    0,    0,    0,    0,    0,    0,    0,    0,    0, -999
20040918, 0000,  , TD, 37.0N,  80.5W,  20,  999,    0,    0,    0,    0,    0,    0,    0,    0,    0,    0,    0,    0, -999
20040918, 0600,  , TD, 37.7N,  78.5W,  15,  998,    0,    0,    0,    0,    0,    0,    0,    0,    0,    0,    0,    0, -999
20040918, 1200,  , TD, 38.4N,  76.7W,  15, 1000,    0,    0,    0,    0,    0,    0,    0,    0,    0,    0,    0,    0, -999
20040918, 1800,  , EX, 38.0N,  75.5W,  25, 1002,    0,    0,    0,    0,    0,    0,    0,    0,    0,    0,    0,    0, -999
20040919, 0000,  , EX, 37.5N,  74.0W,  35, 1003,    0,    0,    0,   60,    0,    0,    0,    0,    0,    0,    0,    0, -999
20040919, 0600,  , EX, 36.0N,  74.0W,  35, 1005,    0,    0,    0,   75,    0,    0,    0,    0,    0,    0,    0,    0, -999
20040919, 1200,  , EX, 34.5N,  74.5W,  35, 1008,    0,    0,    0,   75,    0,    0,    0,    0,    0,    0,    0,    0, -999
20040919, 1800,  , EX, 32.8N,  75.8W,  35, 1008,    0,    0,    0,   75,    0,    0,    0,    0,    0,    0,    0,    0, -999
20040920, 0000,  , EX, 31.0N,  77.5W,  35, 1008,    0,    0,    0,   75,    0,    0,    0,    0,    0,    0,    0,    0, -999
20040920, 0600,  , EX, 29.0N,  78.5W,  35, 1008,    0,    0,    0,   60,    0,    0,    0,    0,    0,    0,    0,    0, -999
20040920, 1200,  , EX, 27.5N,  78.7W,  30, 1009,    0,    0,    0,    0,    0,    0,    0,    0,    0,    0,    0,    0, -999
20040920, 1800,  , EX, 26.4N,  79.1W,  25, 1009,    0,    0,    0,    0,    0,    0,    0,    0,    0,    0,    0,    0, -999
20040921, 0000,  , EX, 26.1N,  79.7W,  25, 1009,    0,    0,    0,    0,    0,    0,    0,    0,    0,    0,    0,    0, -999
20040921, 0600,  , EX, 25.9N,  80.6W,  25, 1009,    0,    0,    0,    0,    0,    0,    0,    0,    0,    0,    0,    0, -999
20040921, 1200,  , EX, 25.8N,  81.7W,  25, 1009,    0,    0,    0,    0,    0,    0,    0,    0,    0,    0,    0,    0, -999
20040921, 1800,  , LO, 25.2N,  82.8W,  25, 1010,    0,    0,    0,    0,    0,    0,    0,    0,    0,    0,    0,    0, -999
20040922, 0000,  , LO, 24.8N,  84.1W,  25, 1010,    0,    0,    0,    0,    0,    0,    0,    0,    0,    0,    0,    0, -999
20040922, 0600,  , LO, 25.1N,  86.1W,  25, 1010,    0,    0,    0,    0,    0,    0,    0,    0,    0,    0,    0,    0, -999
20040922, 1200,  , LO, 26.0N,  87.3W,  25, 1010,    0,    0,    0,    0,    0,    0,    0,    0,    0,    0,    0,    0, -999
20040922, 1800,  , TD, 26.5N,  88.6W,  30, 1008,    0,    0,    0,    0,    0,    0,    0,    0,    0,    0,    0,    0, -999
20040923, 0000,  , TS, 27.1N,  89.5W,  35, 1007,   75,   30,    0,    0,    0,    0,    0,    0,    0,    0,    0,    0, -999
20040923, 0600,  , TS, 27.9N,  91.0W,  35, 1007,   75,   50,    0,    0,    0,    0,    0,    0,    0,    0,    0,    0, -999
20040923, 1200,  , TS, 28.9N,  92.2W,  50,  998,   60,   60,   20,   40,   20,    0,    0,   20,    0,    0,    0,    0, -999
20040923, 1800,  , TS, 29.2N,  92.7W,  40, 1003,   50,   50,   20,   40,    0,    0,    0,    0,    0,    0,    0,    0, -999
20040924, 0000,  , TD, 29.6N,  93.2W,  30, 1003,    0,    0,    0,    0,    0,    0,    0,    0,    0,    0,    0,    0, -999
20040924, 0200, L, TD, 29.8N,  93.6W,  30, 1004,    0,    0,    0,    0,    0,    0,    0,    0,    0,    0,    0,    0, -999
20040924, 0600,  , TD, 30.1N,  94.2W,  25, 1009,    0,    0,    0,    0,    0,    0,    0,    0,    0,    0,    0,    0, -999
AL102004,            UNNAMED,     13,
20040907, 1200,  , TD, 31.5N,  39.7W,  25, 1009,    0,    0,    0,    0,    0,    0,    0,    0,    0,    0,    0,    0, -999
20040907, 1800,  , TD, 31.7N,  39.3W,  25, 1009,    0,    0,    0,    0,    0,    0,    0,    0,    0,    0,    0,    0, -999
20040908, 0000,  , TD, 32.0N,  38.7W,  25, 1010,    0,    0,    0,    0,    0,    0,    0,    0,    0,    0,    0,    0, -999
20040908, 0600,  , TD, 32.3N,  38.1W,  25, 1011,    0,    0,    0,    0,    0,    0,    0,    0,    0,    0,    0,    0, -999
20040908, 1200,  , TD, 32.8N,  37.1W,  25, 1012,    0,    0,    0,    0,    0,    0,    0,    0,    0,    0,    0,    0, -999
20040908, 1800,  , TD, 33.8N,  36.0W,  25, 1012,    0,    0,    0,    0,    0,    0,    0,    0,    0,    0,    0,    0, -999
20040909, 0000,  , TD, 35.3N,  35.0W,  30, 1012,    0,    0,    0,    0,    0,    0,    0,    0,    0,    0,    0,    0, -999
20040909, 0600,  , TD, 36.2N,  34.3W,  30, 1013,    0,    0,    0,    0,    0,    0,    0,    0,    0,    0,    0,    0, -999
20040909, 1200,  , LO, 36.5N,  33.6W,  30, 1013,    0,    0,    0,    0,    0,    0,    0,    0,    0,    0,    0,    0, -999
20040909, 1800,  , LO, 36.0N,  33.4W,  30, 1014,    0,    0,    0,    0,    0,    0,    0,    0,    0,    0,    0,    0, -999
20040910, 0000,  , LO, 35.7N,  32.3W,  30, 1014,    0,    0,    0,    0,    0,    0,    0,    0,    0,    0,    0,    0, -999
20040910, 0600,  , LO, 35.5N,  31.0W,  25, 1015,    0,    0,    0,    0,    0,    0,    0,    0,    0,    0,    0,    0, -999
20040910, 1200,  , LO, 35.3N,  29.5W,  20, 1016,    0,    0,    0,    0,    0,    0,    0,    0,    0,    0,    0,    0, -999
AL112004,             JEANNE,     69,
20040913, 1800,  , TD, 15.9N,  60.0W,  25, 1010,    0,    0,    0,    0,    0,    0,    0,    0,    0,    0,    0,    0, -999
20040914, 0000,  , TD, 16.0N,  60.7W,  25, 1010,    0,    0,    0,    0,    0,    0,    0,    0,    0,    0,    0,    0, -999
20040914, 0400, L, TD, 16.2N,  61.3W,  30, 1009,    0,    0,    0,    0,    0,    0,    0,    0,    0,    0,    0,    0, -999
20040914, 0600,  , TD, 16.3N,  61.5W,  30, 1009,    0,    0,    0,    0,    0,    0,    0,    0,    0,    0,    0,    0, -999
20040914, 1200,  , TS, 16.4N,  62.6W,  35, 1006,   30,   30,   15,    0,    0,    0,    0,    0,    0,    0,    0,    0, -999
20040914, 1800,  , TS, 16.7N,  63.5W,  50,  996,   35,   35,   35,   35,   15,   15,   15,   15,    0,    0,    0,    0, -999
20040915, 0000,  , TS, 17.1N,  64.0W,  55,  996,   35,   35,   35,   35,   15,   15,   15,   15,    0,    0,    0,    0, -999
20040915, 0600,  , TS, 17.2N,  64.8W,  55,  994,   35,   35,   35,   35,   15,   15,   15,   15,    0,    0,    0,    0, -999
20040915, 1200,  , TS, 17.6N,  65.4W,  60,  991,   50,   50,   50,   50,   20,   20,   20,   20,    0,    0,    0,    0, -999
20040915, 1600, L, TS, 18.0N,  66.0W,  60,  991, -999, -999, -999, -999, -999, -999, -999, -999, -999, -999, -999, -999, -999
20040915, 1800,  , TS, 18.1N,  66.2W,  60,  991,   60,   60,   60,   60,   20,   20,   20,   20,    0,    0,    0,    0, -999
20040916, 0000,  , TS, 18.5N,  67.1W,  60,  993,   60,   30,   60,   60,   20,   10,   20,   20,    0,    0,    0,    0, -999
20040916, 0600,  , TS, 18.6N,  67.8W,  60,  992,   35,   20,   20,   35,   15,    0,    0,   15,    0,    0,    0,    0, -999
20040916, 1100, L, HU, 18.6N,  68.3W,  70,  985, -999, -999, -999, -999, -999, -999, -999, -999, -999, -999, -999, -999, -999
20040916, 1200,  , HU, 18.6N,  68.5W,  70,  984,   35,   20,   20,   35,   25,    0,    0,   25,   20,    0,    0,   20, -999
20040916, 1800,  , HU, 18.8N,  69.0W,  65,  988,   60,   60,   30,   60,   30,   30,    0,   30,   20,    0,    0,   20, -999
20040917, 0000,  , TS, 19.2N,  69.4W,  60,  990,   60,   60,   30,   60,   30,   30,   15,   30,    0,    0,    0,    0, -999
20040917, 0600,  , TS, 19.4N,  69.9W,  55,  990,   60,   60,   30,   60,   30,   30,   15,   30,    0,    0,    0,    0, -999
20040917, 1200,  , TS, 19.7N,  70.7W,  50,  990,  175,  150,    0,   75,  100,    0,    0,   50,    0,    0,    0,    0, -999
20040917, 1800,  , TD, 20.0N,  71.6W,  30, 1002,    0,    0,    0,    0,    0,    0,    0,    0,    0,    0,    0,    0, -999
20040918, 0000,  , TS, 20.2N,  72.0W,  40, 1000,   15,    0,    0,   15,    0,    0,    0,    0,    0,    0,    0,    0, -999
20040918, 0600,  , TS, 20.4N,  72.5W,  45, 1000,   75,    0,    0,   20,    0,    0,    0,    0,    0,    0,    0,    0, -999
20040918, 1200,  , TS, 21.2N,  72.8W,  45, 1000,   75,   50,    0,   20,    0,    0,    0,    0,    0,    0,    0,    0, -999
20040918, 1800,  , TS, 21.7N,  72.3W,  40, 1005,   75,   75,    0,    0,    0,    0,    0,    0,    0,    0,    0,    0, -999
20040919, 0000,  , TS, 22.2N,  72.2W,  40, 1002,   75,   75,    0,    0,    0,    0,    0,    0,    0,    0,    0,    0, -999
20040919, 0600,  , TS, 22.8N,  72.3W,  40, 1002,   75,   75,    0,    0,    0,    0,    0,    0,    0,    0,    0,    0, -999
20040919, 1200,  , TS, 23.5N,  72.5W,  40, 1000,   75,   75,    0,    0,    0,    0,    0,    0,    0,    0,    0,    0, -999
20040919, 1800,  , TS, 24.2N,  72.3W,  45,  996,   75,   75,   75,   75,    0,    0,    0,    0,    0,    0,    0,    0, -999
20040920, 0000,  , TS, 24.8N,  72.1W,  50,  994,   75,   75,   75,   75,   25,   25,    0,    0,    0,    0,    0,    0, -999
20040920, 0600,  , TS, 25.5N,  72.0W,  55,  992,   90,   75,   75,   75,   60,   40,    0,    0,    0,    0,    0,    0, -999
20040920, 1200,  , TS, 26.6N,  71.7W,  60,  989,   90,   80,   80,   80,   60,   40,   40,   40,    0,    0,    0,    0, -999
20040920, 1800,  , HU, 27.2N,  71.4W,  75,  984,   90,   80,   80,   90,   60,   40,   50,   50,   20,   20,   20,   20, -999
20040921, 0000,  , HU, 27.4N,  70.8W,  75,  982,   90,   90,   90,   90,   60,   60,   60,   60,   20,   20,   20,   20, -999
20040921, 0600,  , HU, 27.6N,  70.2W,  75,  972,   90,   90,   90,  105,   60,   60,   60,   75,   30,   30,   30,   45, -999
20040921, 1200,  , HU, 27.6N,  69.5W,  75,  972,   90,   90,   90,  105,   60,   60,   60,   70,   30,   30,   30,   40, -999
20040921, 1800,  , HU, 27.4N,  69.2W,  75,  972,   90,   90,   90,  105,   60,   60,   60,   70,   30,   30,   30,   40, -999
20040922, 0000,  , HU, 27.2N,  68.9W,  80,  972,   90,   90,   90,  100,   60,   60,   60,   70,   30,   30,   30,   40, -999
20040922, 0600,  , HU, 26.8N,  68.7W,  85,  968,  100,  100,  100,  110,   60,   60,   60,   70,   30,   30,   30,   40, -999
20040922, 1200,  , HU, 26.5N,  68.5W,  85,  968,  100,  100,  100,  120,   60,   60,   60,   70,   30,   30,   30,   40, -999
20040922, 1800,  , HU, 26.2N,  68.8W,  85,  967,  100,  100,  100,  120,   60,   60,   60,   70,   30,   30,   30,   40, -999
20040923, 0000,  , HU, 25.7N,  69.0W,  85,  966,  100,  100,  100,  120,   60,   60,   60,   70,   30,   30,   30,   40, -999
20040923, 0600,  , HU, 25.5N,  69.3W,  85,  966,  100,  100,  100,  120,   60,   60,   60,   70,   30,   30,   30,   40, -999
20040923, 1200,  , HU, 25.5N,  69.6W,  80,  966,  100,  100,  100,  120,   60,   60,   60,   70,   30,   30,   30,   40, -999
20040923, 1800,  , HU, 25.8N,  70.0W,  75,  966,  100,  100,  100,  120,   60,   60,   60,   70,   30,   30,   30,   40, -999
20040924, 0000,  , HU, 26.0N,  70.4W,  70,  966,  100,  100,  100,  120,   60,   60,   60,   70,   30,   30,   30,   40, -999
20040924, 0600,  , HU, 26.1N,  71.2W,  75,  969,  105,  105,  105,  120,   70,   70,   70,   80,   35,   30,   35,   40, -999
20040924, 1200,  , HU, 26.2N,  72.2W,  80,  969,  120,  105,  105,  130,   70,   70,   70,   80,   35,   35,   35,   40, -999
20040924, 1800,  , HU, 26.4N,  73.1W,  85,  968,  120,  105,  105,  130,   70,   70,   70,   80,   35,   35,   35,   40, -999
20040925, 0000,  , HU, 26.4N,  74.3W,  85,  964,  180,  120,  105,  130,  100,   70,   70,   80,   60,   45,   45,   60, -999
20040925, 0600,  , HU, 26.5N,  75.6W,  90,  960,  180,  120,  105,  130,  100,   70,   70,   90,   60,   45,   45,   60, -999
20040925, 1200,  , HU, 26.6N,  76.9W, 100,  957,  180,  120,   75,  130,  100,   70,   50,   90,   60,   45,   30,   60, -999
20040925, 1400, L, HU, 26.7N,  77.3W, 100,  956, -999, -999, -999, -999, -999, -999, -999, -999, -999, -999, -999, -999, -999
20040925, 1800,  , HU, 26.9N,  78.2W, 105,  952,  180,  120,   85,  150,  100,   70,   50,   90,   60,   45,   30,   60, -999
20040926, 0000,  , HU, 27.1N,  79.4W, 105,  951,  180,  150,  125,  150,  100,   90,   70,   90,   60,   60,   50,   60, -999
20040926, 0400, L, HU, 27.2N,  80.2W, 105,  950, -999, -999, -999, -999, -999, -999, -999, -999, -999, -999, -999, -999,   45
20040926, 0600,  , HU, 27.3N,  80.6W,  95,  953,  180,  125,  125,  150,  100,   75,   60,   75,   60,   50,   40,   50, -999
20040926, 1200,  , HU, 27.7N,  81.6W,  75,  965,  150,  125,  125,  150,   75,   75,   60,   75,   30,    0,    0,   25, -999
20040926, 1800,  , TS, 28.3N,  82.3W,  55,  970,  150,  125,  100,  150,   75,   75,   60,   75,    0,    0,    0,    0, -999
20040927, 0000,  , TS, 29.3N,  82.7W,  45,  978,  150,  130,   75,   75,    0,    0,    0,    0,    0,    0,    0,    0, -999
20040927, 0600,  , TS, 30.1N,  83.3W,  40,  981,  175,  175,   90,   60,    0,    0,    0,    0,    0,    0,    0,    0, -999
20040927, 1200,  , TS, 31.1N,  83.9W,  35,  987,  175,  175,   90,   60,    0,    0,    0,    0,    0,    0,    0,    0, -999
20040927, 1800,  , TD, 32.5N,  83.6W,  30,  993,    0,    0,    0,    0,    0,    0,    0,    0,    0,    0,    0,    0, -999
20040928, 0000,  , TD, 33.2N,  83.2W,  25,  998,    0,    0,    0,    0,    0,    0,    0,    0,    0,    0,    0,    0, -999
20040928, 0600,  , TD, 34.1N,  82.4W,  20,  999,    0,    0,    0,    0,    0,    0,    0,    0,    0,    0,    0,    0, -999
20040928, 1200,  , TD, 35.4N,  81.0W,  20, 1000,    0,    0,    0,    0,    0,    0,    0,    0,    0,    0,    0,    0, -999
20040928, 1800,  , TD, 37.3N,  78.4W,  25,  999,    0,    0,    0,    0,    0,    0,    0,    0,    0,    0,    0,    0, -999
20040929, 0000,  , EX, 38.3N,  76.4W,  25,  999,    0,    0,    0,    0,    0,    0,    0,    0,    0,    0,    0,    0, -999
20040929, 0600,  , EX, 38.8N,  74.7W,  35,  999,  175,    0,    0,    0,    0,    0,    0,    0,    0,    0,    0,    0, -999
20040929, 1200,  , EX, 38.5N,  72.5W,  35,  999,  150,    0,    0,    0,    0,    0,    0,    0,    0,    0,    0,    0, -999
AL122004,               KARL,     48,
20040916, 0600,  , TD, 11.2N,  29.2W,  30, 1008,    0,    0,    0,    0,    0,    0,    0,    0,    0,    0,    0,    0, -999
20040916, 1200,  , TD, 11.2N,  30.7W,  30, 1007,    0,    0,    0,    0,    0,    0,    0,    0,    0,    0,    0,    0, -999
20040916, 1800,  , TS, 11.2N,  32.1W,  35, 1005,   30,    0,   30,   30,    0,    0,    0,    0,    0,    0,    0,    0, -999
20040917, 0000,  , TS, 11.2N,  33.3W,  40, 1002,   40,   30,   40,   40,    0,    0,    0,    0,    0,    0,    0,    0, -999
20040917, 0600,  , TS, 11.6N,  34.4W,  50,  997,   60,   50,   40,   60,   20,    0,    0,   20,    0,    0,    0,    0, -999
20040917, 1200,  , TS, 12.1N,  35.3W,  55,  994,   60,   60,   50,   60,   20,    0,    0,   20,    0,    0,    0,    0, -999
20040917, 1800,  , TS, 13.0N,  36.0W,  55,  992,   75,   75,   50,   75,   20,   20,   20,   20,    0,    0,    0,    0, -999
20040918, 0000,  , HU, 13.9N,  37.0W,  70,  984,   75,   75,   60,   75,   25,   20,   20,   25,   15,   10,   10,   15, -999
20040918, 0600,  , HU, 14.5N,  38.0W,  85,  975,   90,   75,   80,   75,   35,   30,   30,   35,   20,   15,   15,   20, -999
20040918, 1200,  , HU, 15.0N,  38.8W,  90,  970,  105,   75,  105,   75,   45,   35,   35,   45,   20,   15,   15,   20, -999
20040918, 1800,  , HU, 15.6N,  39.7W,  95,  965,  105,   90,  105,   90,   50,   40,   40,   50,   25,   20,   20,   25, -999
20040919, 0000,  , HU, 15.9N,  40.8W,  95,  965,  105,   90,  105,   90,   50,   40,   40,   50,   25,   20,   20,   25, -999
20040919, 0600,  , HU, 16.0N,  41.6W, 100,  960,  120,   90,  105,   90,   50,   40,   40,   50,   30,   25,   25,   30, -999
20040919, 1200,  , HU, 16.3N,  42.4W, 105,  955,  120,  105,   90,  105,   50,   40,   40,   50,   30,   25,   25,   30, -999
20040919, 1800,  , HU, 16.7N,  43.4W, 110,  951,  150,  105,   90,  105,   50,   40,   40,   50,   35,   25,   25,   35, -999
20040920, 0000,  , HU, 16.8N,  44.5W, 110,  951,  150,  105,   90,  120,   50,   40,   40,   50,   35,   25,   25,   35, -999
20040920, 0600,  , HU, 17.0N,  45.2W, 115,  948,  175,  120,   90,  150,   60,   50,   40,   50,   35,   35,   25,   35, -999
20040920, 1200,  , HU, 17.5N,  46.0W, 110,  951,  175,  135,  120,  175,   75,   60,   50,   70,   50,   40,   35,   50, -999
20040920, 1800,  , HU, 18.1N,  46.5W, 110,  951,  175,  150,  150,  175,   90,   60,   60,   90,   60,   45,   45,   60, -999
20040921, 0000,  , HU, 18.7N,  47.0W, 120,  943,  200,  175,  150,  200,   90,   75,   60,   90,   60,   45,   45,   60, -999
20040921, 0600,  , HU, 19.6N,  47.3W, 125,  938,  225,  200,  150,  225,   90,   90,   60,   90,   60,   60,   45,   60, -999
20040921, 1200,  , HU, 20.8N,  47.8W, 120,  943,  225,  225,  150,  225,  105,  105,   75,  105,   75,   60,   45,   75, -999
20040921, 1800,  , HU, 22.3N,  48.3W, 105,  948,  250,  250,  150,  200,  125,  125,   75,  125,   75,   75,   45,   75, -999
20040922, 0000,  , HU, 23.7N,  48.8W, 100,  955,  250,  250,  150,  200,  125,  125,   75,  125,   75,   75,   45,   75, -999
20040922, 0600,  , HU, 24.9N,  49.4W,  95,  962,  250,  250,  150,  200,  125,  125,   75,  125,   75,   75,   45,   75, -999
20040922, 1200,  , HU, 26.2N,  49.5W,  90,  967,  250,  250,  150,  200,  125,  125,   75,  125,   75,   75,   45,   75, -999
20040922, 1800,  , HU, 27.5N,  48.7W,  90,  970,  250,  250,  175,  200,  125,  125,   75,  100,   75,   75,   45,   75, -999
20040923, 0000,  , HU, 29.0N,  47.7W,  95,  965,  275,  275,  200,  200,  125,  125,   75,  100,   75,   75,   50,   50, -999
20040923, 0600,  , HU, 30.7N,  46.3W, 110,  951,  300,  300,  200,  200,  125,  125,   75,   75,   75,   75,   50,   50, -999
20040923, 1200,  , HU, 32.5N,  44.4W, 105,  953,  300,  325,  200,  200,  125,  125,   75,   75,   75,   75,   50,   50, -999
20040923, 1800,  , HU, 34.5N,  43.0W,  90,  955,  300,  350,  200,  200,  125,  150,   75,   75,   75,   75,   50,   50, -999
20040924, 0000,  , HU, 36.8N,  41.9W,  80,  957,  300,  350,  200,  200,  150,  150,   75,   75,   75,   75,   50,   50, -999
20040924, 0600,  , HU, 39.5N,  41.2W,  75,  959,  300,  350,  225,  225,  125,  150,  100,   75,   75,   75,   50,   50, -999
20040924, 1200,  , HU, 42.6N,  40.5W,  70,  961,  300,  350,  250,  250,  150,  175,  125,  100,   75,   90,   50,   50, -999
20040924, 1800,  , HU, 45.5N,  40.5W,  65,  962,  325,  350,  350,  250,  125,  175,  125,  150,   75,   90,   50,   50, -999
20040925, 0000,  , EX, 48.1N,  40.5W,  55,  963,  325,  350,  350,  250,  125,  175,  125,  150,    0,    0,    0,    0, -999
20040925, 0600,  , EX, 50.4N,  38.9W,  55,  967,  325,  350,  350,  250,  125,  175,  150,   90,    0,    0,    0,    0, -999
20040925, 1200,  , EX, 53.0N,  36.5W,  55,  973,  325,  350,  350,  250,  125,  175,  150,   90,    0,    0,    0,    0, -999
20040925, 1800,  , EX, 56.1N,  32.0W,  55,  980,  325,  350,  350,  250,  125,  175,  150,   90,    0,    0,    0,    0, -999
20040926, 0000,  , EX, 59.5N,  26.0W,  55,  986,  325,  350,  350,  250,  125,  175,  150,   90,    0,    0,    0,    0, -999
20040926, 0600,  , EX, 62.0N,  17.0W,  55,  983,  325,  350,  350,  250,  125,  175,  150,   90,    0,    0,    0,    0, -999
20040926, 1200,  , EX, 63.5N,   8.0W,  60,  976,  325,  350,  350,  250,  125,  175,  150,   90,    0,    0,    0,    0, -999
20040926, 1800,  , EX, 64.0N,   2.0W,  60,  976,  325,  350,  350,  250,  125,  175,  150,   90,    0,    0,    0,    0, -999
20040927, 0000,  , EX, 64.0N,   2.5E,  55,  980,  160,  350,  350,  125,    0,  175,  150,    0,    0,    0,    0,    0, -999
20040927, 0600,  , EX, 64.5N,   7.0E,  45,  980,   80,  300,  300,   60,    0,    0,    0,    0,    0,    0,    0,    0, -999
20040927, 1200,  , EX, 65.0N,  10.5E,  40,  986,    0,  180,  180,    0,    0,    0,    0,    0,    0,    0,    0,    0, -999
20040927, 1800,  , EX, 65.3N,  12.0E,  35,  989,    0,  180,  180,    0,    0,    0,    0,    0,    0,    0,    0,    0, -999
20040928, 0000,  , EX, 65.5N,  13.5E,  30,  992,    0,    0,    0,    0,    0,    0,    0,    0,    0,    0,    0,    0, -999
AL132004,               LISA,     55,
20040919, 1800,  , TD, 13.3N,  32.4W,  30, 1004,    0,    0,    0,    0,    0,    0,    0,    0,    0,    0,    0,    0, -999
20040920, 0000,  , TD, 13.3N,  33.3W,  30, 1004,    0,    0,    0,    0,    0,    0,    0,    0,    0,    0,    0,    0, -999
20040920, 0600,  , TD, 13.4N,  34.3W,  30, 1004,    0,    0,    0,    0,    0,    0,    0,    0,    0,    0,    0,    0, -999
20040920, 1200,  , TS, 13.5N,  35.4W,  40, 1002,   40,   40,   40,   40,    0,    0,    0,    0,    0,    0,    0,    0, -999
20040920, 1800,  , TS, 13.7N,  36.4W,  50,  997,   45,   45,   45,   45,   15,   15,   15,   15,    0,    0,    0,    0, -999
20040921, 0000,  , TS, 13.7N,  37.4W,  55,  994,   45,   45,   45,   45,   15,   15,   15,   15,    0,    0,    0,    0, -999
20040921, 0600,  , TS, 13.9N,  38.3W,  60,  990,   45,   45,   45,   45,   15,   15,   15,   15,    0,    0,    0,    0, -999
20040921, 1200,  , TS, 14.1N,  39.1W,  60,  990,   45,   45,   45,   45,   20,   20,   20,   20,    0,    0,    0,    0, -999
20040921, 1800,  , TS, 14.3N,  39.7W,  60,  990,   45,   45,   45,   45,   20,   20,   20,   20,    0,    0,    0,    0, -999
20040922, 0000,  , TS, 14.4N,  40.2W,  55,  994,   50,   50,   30,   50,   20,   20,   20,   20,    0,    0,    0,    0, -999
20040922, 0600,  , TS, 14.4N,  40.6W,  50,  997,   50,   50,   30,   50,   20,   20,   20,   20,    0,    0,    0,    0, -999
20040922, 1200,  , TS, 14.2N,  41.1W,  45, 1000,   40,   40,   40,   40,    0,    0,    0,    0,    0,    0,    0,    0, -999
20040922, 1800,  , TS, 13.9N,  41.5W,  45, 1000,   40,   40,   40,   40,    0,    0,    0,    0,    0,    0,    0,    0, -999
20040923, 0000,  , TS, 13.2N,  41.4W,  45, 1000,   40,   40,   40,   40,    0,    0,    0,    0,    0,    0,    0,    0, -999
20040923, 0600,  , TS, 13.0N,  40.6W,  40, 1002,   50,   50,   50,   50,    0,    0,    0,    0,    0,    0,    0,    0, -999
20040923, 1200,  , TS, 13.1N,  40.0W,  35, 1003,   50,   50,   50,   50,    0,    0,    0,    0,    0,    0,    0,    0, -999
20040923, 1800,  , TD, 14.3N,  40.5W,  30, 1005,    0,    0,    0,    0,    0,    0,    0,    0,    0,    0,    0,    0, -999
20040924, 0000,  , TD, 14.3N,  41.7W,  30, 1005,    0,    0,    0,    0,    0,    0,    0,    0,    0,    0,    0,    0, -999
20040924, 0600,  , TS, 13.8N,  42.4W,  40, 1002,    0,   60,    0,    0,    0,    0,    0,    0,    0,    0,    0,    0, -999
20040924, 1200,  , TS, 13.9N,  43.2W,  35, 1003,    0,   60,    0,    0,    0,    0,    0,    0,    0,    0,    0,    0, -999
20040924, 1800,  , TD, 14.0N,  43.8W,  30, 1005,    0,    0,    0,    0,    0,    0,    0,    0,    0,    0,    0,    0, -999
20040925, 0000,  , TD, 14.3N,  44.4W,  30, 1005,    0,    0,    0,    0,    0,    0,    0,    0,    0,    0,    0,    0, -999
20040925, 0600,  , TS, 14.9N,  44.9W,  35, 1003,   75,   75,    0,    0,    0,    0,    0,    0,    0,    0,    0,    0, -999
20040925, 1200,  , TS, 15.7N,  45.4W,  45, 1000,   75,   75,    0,    0,    0,    0,    0,    0,    0,    0,    0,    0, -999
20040925, 1800,  , TS, 16.7N,  45.7W,  45, 1000,   75,   75,    0,    0,    0,    0,    0,    0,    0,    0,    0,    0, -999
20040926, 0000,  , TS, 17.4N,  45.8W,  45, 1000,  100,   90,    0,    0,    0,    0,    0,    0,    0,    0,    0,    0, -999
20040926, 0600,  , TS, 18.0N,  45.9W,  50,  997,  100,  100,   50,   50,   20,   20,   20,   20,    0,    0,    0,    0, -999
20040926, 1200,  , TS, 18.7N,  46.0W,  55,  994,  100,  100,   50,   50,   20,   20,   20,   20,    0,    0,    0,    0, -999
20040926, 1800,  , TS, 19.2N,  46.0W,  50,  997,  100,  100,   50,   50,   20,   20,   20,   20,    0,    0,    0,    0, -999
20040927, 0000,  , TS, 19.6N,  46.0W,  45, 1000,  100,  100,   25,   75,    0,    0,    0,    0,    0,    0,    0,    0, -999
20040927, 0600,  , TS, 20.0N,  46.1W,  45, 1000,  100,  100,    0,  100,    0,    0,    0,    0,    0,    0,    0,    0, -999
20040927, 1200,  , TS, 20.6N,  46.2W,  45, 1000,  100,  100,    0,   50,    0,    0,    0,    0,    0,    0,    0,    0, -999
20040927, 1800,  , TS, 21.3N,  46.2W,  40, 1002,   75,   60,    0,    0,    0,    0,    0,    0,    0,    0,    0,    0, -999
20040928, 0000,  , TS, 22.0N,  46.4W,  40, 1002,   75,   75,    0,   50,    0,    0,    0,    0,    0,    0,    0,    0, -999
20040928, 0600,  , TS, 23.0N,  46.5W,  40, 1002,   90,   75,    0,   50,    0,    0,    0,    0,    0,    0,    0,    0, -999
20040928, 1200,  , TS, 24.3N,  46.5W,  45, 1000,   90,   75,    0,   50,    0,    0,    0,    0,    0,    0,    0,    0, -999
20040928, 1800,  , TS, 25.4N,  46.5W,  55,  994,   75,   75,    0,   50,   30,    0,    0,   30,    0,    0,    0,    0, -999
20040929, 0000,  , TS, 26.4N,  46.4W,  60,  990,  125,   75,   25,   60,   30,    0,    0,   30,    0,    0,    0,    0, -999
20040929, 0600,  , TS, 27.5N,  46.2W,  60,  990,  175,   90,   75,   75,   60,    0,    0,   30,    0,    0,    0,    0, -999
20040929, 1200,  , TS, 28.9N,  45.8W,  60,  990,  175,  100,  100,  100,   60,   40,   40,   40,    0,    0,    0,    0, -999
20040929, 1800,  , TS, 30.1N,  45.8W,  60,  990,  175,  100,  100,  100,   40,   40,   40,   40,    0,    0,    0,    0, -999
20040930, 0000,  , TS, 31.1N,  46.1W,  60,  990,  200,  200,  100,  150,   40,   40,   40,   40,    0,    0,    0,    0, -999
20040930, 0600,  , TS, 32.0N,  46.7W,  55,  994,  200,  200,  100,  150,   40,   40,   40,   40,    0,    0,    0,    0, -999
20040930, 1200,  , TS, 32.4N,  47.3W,  50,  997,  150,  150,   80,   80,   40,   40,   40,   40,    0,    0,    0,    0, -999
20040930, 1800,  , TS, 33.1N,  47.8W,  45, 1000,  125,  125,   60,   60,    0,    0,    0,    0,    0,    0,    0,    0, -999
20041001, 0000,  , TS, 34.1N,  47.8W,  50,  997,  125,  125,   60,   60,   40,   40,    0,   40,    0,    0,    0,    0, -999
20041001, 0600,  , TS, 35.1N,  47.6W,  55,  994,  125,  125,   60,   60,   40,   40,    0,   40,    0,    0,    0,    0, -999
20041001, 1200,  , TS, 36.3N,  47.0W,  60,  990,   90,   90,   60,   60,   40,   40,    0,    0,    0,    0,    0,    0, -999
20041001, 1800,  , TS, 37.7N,  45.8W,  60,  990,   60,   90,   60,   40,   40,   50,    0,    0,    0,    0,    0,    0, -999
20041002, 0000,  , TS, 38.9N,  43.8W,  60,  990,   60,   90,   60,   40,   40,   50,    0,    0,    0,    0,    0,    0, -999
20041002, 0600,  , HU, 40.3N,  41.6W,  65,  987,   60,   90,   60,   40,   40,   50,    0,    0,   20,   20,    0,    0, -999
20041002, 1200,  , HU, 41.6N,  39.1W,  65,  987,   60,   90,   60,   40,   40,   50,    0,    0,   20,   20,    0,    0, -999
20041002, 1800,  , TS, 42.8N,  36.0W,  55,  994,   60,  125,   60,    0,    0,   50,    0,    0,    0,    0,    0,    0, -999
20041003, 0000,  , TS, 43.8N,  33.0W,  50,  997,   60,  125,   60,    0,    0,   50,    0,    0,    0,    0,    0,    0, -999
20041003, 0600,  , EX, 44.5N,  30.0W,  45, 1000,    0,  125,    0,    0,    0,    0,    0,    0,    0,    0,    0,    0, -999
AL142004,            MATTHEW,     13,
20041008, 1200,  , TD, 24.0N,  95.4W,  30, 1007,    0,    0,    0,    0,    0,    0,    0,    0,    0,    0,    0,    0, -999
20041008, 1800,  , TS, 24.1N,  94.2W,  35, 1004,  150,  100,    0,    0,    0,    0,    0,    0,    0,    0,    0,    0, -999
20041009, 0000,  , TS, 24.6N,  93.7W,  40, 1000,  150,  100,    0,    0,    0,    0,    0,    0,    0,    0,    0,    0, -999
20041009, 0600,  , TS, 25.3N,  93.2W,  35, 1002,  100,  100,    0,    0,    0,    0,    0,    0,    0,    0,    0,    0, -999
20041009, 1200,  , TS, 26.3N,  92.8W,  35, 1002,  100,  100,    0,    0,    0,    0,    0,    0,    0,    0,    0,    0, -999
20041009, 1800,  , TS, 26.8N,  92.0W,  40,  997,  120,  100,    0,    0,    0,    0,    0,    0,    0,    0,    0,    0, -999
20041010, 0000,  , TS, 27.3N,  91.4W,  40,  998,  120,  120,    0,    0,    0,    0,    0,    0,    0,    0,    0,    0, -999
20041010, 0600,  , TS, 28.1N,  91.2W,  40,  999,  100,  100,    0,    0,    0,    0,    0,    0,    0,    0,    0,    0, -999
20041010, 1100, L, TS, 29.2N,  91.0W,  35,  999, -999, -999, -999, -999, -999, -999, -999, -999, -999, -999, -999, -999, -999
20041010, 1200,  , TD, 29.4N,  90.9W,  30, 1000,    0,    0,    0,    0,    0,    0,    0,    0,    0,    0,    0,    0, -999
20041010, 1800,  , TD, 30.4N,  90.9W,  25, 1002,    0,    0,    0,    0,    0,    0,    0,    0,    0,    0,    0,    0, -999
20041011, 0000,  , EX, 32.0N,  91.0W,  25, 1003,    0,    0,    0,    0,    0,    0,    0,    0,    0,    0,    0,    0, -999
20041011, 0600,  , EX, 33.6N,  91.9W,  20, 1005,    0,    0,    0,    0,    0,    0,    0,    0,    0,    0,    0,    0, -999
AL152004,             NICOLE,      8,
20041010, 0000,  , EX, 30.0N,  65.2W,  40, 1000,  250,    0,    0,  250,    0,    0,    0,    0,    0,    0,    0,    0, -999
20041010, 0600,  , SS, 31.0N,  66.3W,  40, 1000,  250,    0,    0,  250,    0,    0,    0,    0,    0,    0,    0,    0, -999
20041010, 1200,  , SS, 31.5N,  66.5W,  40, 1000,  150,  100,  175,  200,    0,    0,    0,    0,    0,    0,    0,    0, -999
20041010, 1800,  , SS, 32.1N,  66.5W,  40,  998,  100,  100,  175,  175,    0,    0,    0,    0,    0,    0,    0,    0, -999
20041011, 0000,  , SS, 32.9N,  65.5W,  40,  994,  100,  100,   75,   75,    0,    0,    0,    0,    0,    0,    0,    0, -999
20041011, 0600,  , SS, 34.3N,  63.9W,  40,  992,  100,  100,   75,   75,    0,    0,    0,    0,    0,    0,    0,    0, -999
20041011, 1200,  , SS, 36.0N,  61.8W,  45,  986,  175,  175,  150,  225,    0,    0,    0,    0,    0,    0,    0,    0, -999
20041011, 1800,  , SS, 38.5N,  60.5W,  45,  986,  300,  200,  200,  300,    0,    0,    0,    0,    0,    0,    0,    0, -999
AL162004,               OTTO,     39,
20041126, 0000,  , EX, 28.0N,  40.0W,  30, 1009,    0,    0,    0,    0,    0,    0,    0,    0,    0,    0,    0,    0, -999
20041126, 0600,  , EX, 27.3N,  41.0W,  35, 1006,  300,    0,    0,  300,    0,    0,    0,    0,    0,    0,    0,    0, -999
20041126, 1200,  , EX, 26.5N,  41.9W,  35, 1002,  350,    0,    0,  300,    0,    0,    0,    0,    0,    0,    0,    0, -999
20041126, 1800,  , EX, 26.8N,  42.5W,  35, 1000,  350,  300,    0,  250,    0,    0,    0,    0,    0,    0,    0,    0, -999
20041127, 0000,  , EX, 26.8N,  43.2W,  35, 1000,  350,  400,    0,  200,    0,    0,    0,    0,    0,    0,    0,    0, -999
20041127, 0600,  , EX, 26.7N,  43.8W,  35, 1000,  350,  600,    0,    0,    0,    0,    0,    0,    0,    0,    0,    0, -999
20041127, 1200,  , EX, 26.4N,  44.3W,  35, 1000,  350,  600,    0,    0,    0,    0,    0,    0,    0,    0,    0,    0, -999
20041127, 1800,  , EX, 26.2N,  44.4W,  35, 1000,  325,  500,    0,    0,    0,    0,    0,    0,    0,    0,    0,    0, -999
20041128, 0000,  , EX, 26.3N,  44.1W,  35, 1000,  300,  400,    0,    0,    0,    0,    0,    0,    0,    0,    0,    0, -999
20041128, 0600,  , EX, 27.4N,  43.9W,  35, 1000,  300,  300,    0,  360,    0,    0,    0,    0,    0,    0,    0,    0, -999
20041128, 1200,  , EX, 28.2N,  44.0W,  35, 1000,  300,    0,    0,  360,    0,    0,    0,    0,    0,    0,    0,    0, -999
20041128, 1800,  , EX, 28.7N,  45.1W,  35,  999,  300,    0,    0,  360,    0,    0,    0,    0,    0,    0,    0,    0, -999
20041129, 0000,  , EX, 28.8N,  46.5W,  35,  998,  300,    0,    0,  360,    0,    0,    0,    0,    0,    0,    0,    0, -999
20041129, 0600,  , EX, 29.0N,  47.8W,  40,  998,  300,    0,    0,  330,    0,    0,    0,    0,    0,    0,    0,    0, -999
20041129, 1200,  , SS, 29.6N,  47.9W,  40,  998,  275,    0,    0,  300,    0,    0,    0,    0,    0,    0,    0,    0, -999
20041129, 1800,  , SS, 30.2N,  48.8W,  45,  998,  250,    0,    0,  275,    0,    0,    0,    0,    0,    0,    0,    0, -999
20041130, 0000,  , SS, 30.7N,  49.7W,  45,  997,  225,    0,    0,  250,    0,    0,    0,    0,    0,    0,    0,    0, -999
20041130, 0600,  , SS, 30.9N,  50.5W,  45,  997,  225,    0,    0,  225,    0,    0,    0,    0,    0,    0,    0,    0, -999
20041130, 1200,  , SS, 31.3N,  51.0W,  40,  997,  200,    0,    0,  200,    0,    0,    0,    0,    0,    0,    0,    0, -999
20041130, 1800,  , TS, 31.7N,  51.0W,  40,  997,  175,    0,    0,  175,    0,    0,    0,    0,    0,    0,    0,    0, -999
20041201, 0000,  , TS, 31.8N,  50.9W,  40,  997,  150,   60,   60,  150,    0,    0,    0,    0,    0,    0,    0,    0, -999
20041201, 0600,  , TS, 31.9N,  50.8W,  40,  997,  150,   60,   60,  100,    0,    0,    0,    0,    0,    0,    0,    0, -999
20041201, 1200,  , TS, 31.6N,  50.4W,  40,  997,  100,   60,   60,   60,    0,    0,    0,    0,    0,    0,    0,    0, -999
20041201, 1800,  , TS, 31.0N,  50.1W,  35,  997,   75,   60,   45,   45,    0,    0,    0,    0,    0,    0,    0,    0, -999
20041202, 0000,  , TS, 30.5N,  49.9W,  35,  997,   45,   60,   45,   30,    0,    0,    0,    0,    0,    0,    0,    0, -999
20041202, 0600,  , TS, 29.9N,  50.1W,  35,  996,   20,   45,   20,   20,    0,    0,    0,    0,    0,    0,    0,    0, -999
20041202, 1200,  , TD, 29.1N,  50.4W,  30,  995,    0,    0,    0,    0,    0,    0,    0,    0,    0,    0,    0,    0, -999
20041202, 1800,  , TD, 28.5N,  50.1W,  30,  996,    0,    0,    0,    0,    0,    0,    0,    0,    0,    0,    0,    0, -999
20041203, 0000,  , TD, 27.9N,  50.1W,  30,  997,    0,    0,    0,    0,    0,    0,    0,    0,    0,    0,    0,    0, -999
20041203, 0600,  , LO, 27.2N,  50.2W,  30,  998,    0,    0,    0,    0,    0,    0,    0,    0,    0,    0,    0,    0, -999
20041203, 1200,  , LO, 26.5N,  50.3W,  30, 1000,    0,    0,    0,    0,    0,    0,    0,    0,    0,    0,    0,    0, -999
20041203, 1800,  , LO, 26.2N,  50.6W,  25, 1002,    0,    0,    0,    0,    0,    0,    0,    0,    0,    0,    0,    0, -999
20041204, 0000,  , LO, 25.8N,  50.2W,  25, 1005,    0,    0,    0,    0,    0,    0,    0,    0,    0,    0,    0,    0, -999
20041204, 0600,  , LO, 25.4N,  50.1W,  25, 1008,    0,    0,    0,    0,    0,    0,    0,    0,    0,    0,    0,    0, -999
20041204, 1200,  , LO, 25.0N,  50.4W,  25, 1010,    0,    0,    0,    0,    0,    0,    0,    0,    0,    0,    0,    0, -999
20041204, 1800,  , LO, 25.1N,  50.9W,  25, 1011,    0,    0,    0,    0,    0,    0,    0,    0,    0,    0,    0,    0, -999
20041205, 0000,  , LO, 25.5N,  51.1W,  20, 1012,    0,    0,    0,    0,    0,    0,    0,    0,    0,    0,    0,    0, -999
20041205, 0600,  , LO, 25.9N,  51.1W,  20, 1013,    0,    0,    0,    0,    0,    0,    0,    0,    0,    0,    0,    0, -999
20041205, 1200,  , LO, 26.1N,  51.4W,  20, 1014,    0,    0,    0,    0,    0,    0,    0,    0,    0,    0,    0,    0, -999
