AL011918,            UNNAMED,     28,
19180801, 0000,  , TS, 12.6N,  58.5W,  35, -999, -999, -999, -999, -999, -999, -999, -999, -999, -999, -999, -999, -999, -999
19180801, 0600,  , TS, 12.8N,  60.3W,  35, -999, -999, -999, -999, -999, -999, -999, -999, -999, -999, -999, -999, -999, -999
19180801, 1200,  , TS, 13.0N,  62.0W,  35, -999, -999, -999, -999, -999, -999, -999, -999, -999, -999, -999, -999, -999, -999
19180801, 1800,  , TS, 13.2N,  63.8W,  35, -999, -999, -999, -999, -999, -999, -999, -999, -999, -999, -999, -999, -999, -999
19180802, 0000,  , TS, 13.4N,  65.5W,  35, -999, -999, -999, -999, -999, -999, -999, -999, -999, -999, -999, -999, -999, -999
19180802, 0600,  , TS, 13.7N,  67.3W,  40, -999, -999, -999, -999, -999, -999, -999, -999, -999, -999, -999, -999, -999, -999
19180802, 1200,  , TS, 14.0N,  69.0W,  40, -999, -999, -999, -999, -999, -999, -999, -999, -999, -999, -999, -999, -999, -999
19180802, 1800,  , TS, 14.4N,  70.8W,  40, -999, -999, -999, -999, -999, -999, -999, -999, -999, -999, -999, -999, -999, -999
19180803, 0000,  , TS, 14.9N,  72.5W,  45, -999, -999, -999, -999, -999, -999, -999, -999, -999, -999, -999, -999, -999, -999
19180803, 0600,  , TS, 15.4N,  74.3W,  45, -999, -999, -999, -999, -999, -999, -999, -999, -999, -999, -999, -999, -999, -999
19180803, 1200,  , TS, 16.0N,  76.0W,  45, -999, -999, -999, -999, -999, -999, -999, -999, -999, -999, -999, -999, -999, -999
19180803, 1800,  , TS, 16.8N,  77.6W,  50, -999, -999, -999, -999, -999, -999, -999, -999, -999, -999, -999, -999, -999, -999
19180804, 0000,  , TS, 17.7N,  79.3W,  50, -999, -999, -999, -999, -999, -999, -999, -999, -999, -999, -999, -999, -999, -999
19180804, 0600,  , TS, 18.6N,  80.9W,  50, -999, -999, -999, -999, -999, -999, -999, -999, -999, -999, -999, -999, -999, -999
19180804, 1200,  , TS, 19.5N,  82.5W,  55, -999, -999, -999, -999, -999, -999, -999, -999, -999, -999, -999, -999, -999, -999
19180804, 1800,  , TS, 20.5N,  84.0W,  55, -999, -999, -999, -999, -999, -999, -999, -999, -999, -999, -999, -999, -999, -999
19180805, 0000,  , TS, 21.5N,  85.5W,  55, -999, -999, -999, -999, -999, -999, -999, -999, -999, -999, -999, -999, -999, -999
19180805, 0600,  , TS, 22.5N,  86.9W,  60, -999, -999, -999, -999, -999, -999, -999, -999, -999, -999, -999, -999, -999, -999
19180805, 1200,  , HU, 23.5N,  88.3W,  70, -999, -999, -999, -999, -999, -999, -999, -999, -999, -999, -999, -999, -999, -999
19180805, 1800,  , HU, 24.6N,  89.4W,  80, -999, -999, -999, -999, -999, -999, -999, -999, -999, -999, -999, -999, -999, -999
19180806, 0000,  , HU, 25.8N,  90.4W,  90, -999, -999, -999, -999, -999, -999, -999, -999, -999, -999, -999, -999, -999, -999
19180806, 0600,  , HU, 27.1N,  91.4W, 100, -999, -999, -999, -999, -999, -999, -999, -999, -999, -999, -999, -999, -999, -999
19180806, 1200,  , HU, 28.5N,  92.3W, 105, -999, -999, -999, -999, -999, -999, -999, -999, -999, -999, -999, -999, -999, -999
19180806, 1800, L, HU, 29.8N,  93.2W, 105,  955, -999, -999, -999, -999, -999, -999, -999, -999, -999, -999, -999, -999,   10
19180807, 0000,  , TS, 31.0N,  94.0W,  60, -999, -999, -999, -999, -999, -999, -999, -999, -999, -999, -999, -999, -999, -999
19180807, 0600,  , TS, 32.2N,  94.6W,  45, -999, -999, -999, -999, -999, -999, -999, -999, -999, -999, -999, -999, -999, -999
19180807, 1200,  , TS, 33.7N,  95.0W,  35, -999, -999, -999, -999, -999, -999, -999, -999, -999, -999, -999, -999, -999, -999
19180807, 1800,  , TD, 35.5N,  95.2W,  30, -999, -999, -999, -999, -999, -999, -999, -999, -999, -999, -999, -999, -999, -999
AL021918,            UNNAMED,     18,
19180822, 0600,  , TS, 12.0N,  57.5W,  60, -999, -999, -999, -999, -999, -999, -999, -999, -999, -999, -999, -999, -999, -999
19180822, 1200,  , TS, 12.1N,  59.0W,  60, -999, -999, -999, -999, -999, -999, -999, -999, -999, -999, -999, -999, -999, -999
19180822, 1800,  , TS, 12.3N,  60.6W,  60, -999, -999, -999, -999, -999, -999, -999, -999, -999, -999, -999, -999, -999, -999
19180823, 0000,  , TS, 12.7N,  62.4W,  60, -999, -999, -999, -999, -999, -999, -999, -999, -999, -999, -999, -999, -999, -999
19180823, 0600,  , TS, 13.2N,  64.4W,  60, -999, -999, -999, -999, -999, -999, -999, -999, -999, -999, -999, -999, -999, -999
19180823, 1200,  , TS, 13.7N,  66.5W,  60, -999, -999, -999, -999, -999, -999, -999, -999, -999, -999, -999, -999, -999, -999
19180823, 1800,  , TS, 14.1N,  68.4W,  60, -999, -999, -999, -999, -999, -999, -999, -999, -999, -999, -999, -999, -999, -999
19180824, 0000,  , TS, 14.5N,  70.4W,  60, -999, -999, -999, -999, -999, -999, -999, -999, -999, -999, -999, -999, -999, -999
19180824, 0600,  , HU, 14.9N,  72.3W,  65, -999, -999, -999, -999, -999, -999, -999, -999, -999, -999, -999, -999, -999, -999
19180824, 1200,  , HU, 15.2N,  74.4W,  70, -999, -999, -999, -999, -999, -999, -999, -999, -999, -999, -999, -999, -999, -999
19180824, 1800,  , HU, 15.3N,  76.4W,  75, -999, -999, -999, -999, -999, -999, -999, -999, -999, -999, -999, -999, -999, -999
19180825, 0000,  , HU, 15.4N,  78.8W,  80, -999, -999, -999, -999, -999, -999, -999, -999, -999, -999, -999, -999, -999, -999
19180825, 0600,  , HU, 15.5N,  80.9W,  85, -999, -999, -999, -999, -999, -999, -999, -999, -999, -999, -999, -999, -999, -999
19180825, 1200,  , HU, 15.6N,  83.0W,  90,  968, -999, -999, -999, -999, -999, -999, -999, -999, -999, -999, -999, -999, -999
19180825, 1800,  , HU, 15.8N,  85.2W,  80, -999, -999, -999, -999, -999, -999, -999, -999, -999, -999, -999, -999, -999, -999
19180826, 0000,  , HU, 16.1N,  87.6W,  70, -999, -999, -999, -999, -999, -999, -999, -999, -999, -999, -999, -999, -999, -999
19180826, 0600,  , TS, 16.5N,  89.4W,  45, -999, -999, -999, -999, -999, -999, -999, -999, -999, -999, -999, -999, -999, -999
19180826, 1200,  , TD, 17.0N,  91.0W,  30, -999, -999, -999, -999, -999, -999, -999, -999, -999, -999, -999, -999, -999, -999
AL031918,            UNNAMED,     15,
19180823, 0600,  , TS, 27.7N,  73.3W,  35, -999, -999, -999, -999, -999, -999, -999, -999, -999, -999, -999, -999, -999, -999
19180823, 1200,  , TS, 28.8N,  74.5W,  35, -999, -999, -999, -999, -999, -999, -999, -999, -999, -999, -999, -999, -999, -999
19180823, 1800,  , TS, 30.0N,  75.7W,  40, -999, -999, -999, -999, -999, -999, -999, -999, -999, -999, -999, -999, -999, -999
19180824, 0000,  , TS, 31.2N,  76.6W,  40, -999, -999, -999, -999, -999, -999, -999, -999, -999, -999, -999, -999, -999, -999
19180824, 0600,  , TS, 32.4N,  77.1W,  50, -999, -999, -999, -999, -999, -999, -999, -999, -999, -999, -999, -999, -999, -999
19180824, 1200,  , TS, 33.5N,  77.3W,  60, -999, -999, -999, -999, -999, -999, -999, -999, -999, -999, -999, -999, -999, -999
19180824, 1800,  , HU, 34.4N,  77.0W,  65, -999, -999, -999, -999, -999, -999, -999, -999, -999, -999, -999, -999, -999, -999
19180824, 2100, L, HU, 34.8N,  76.8W,  65, -999, -999, -999, -999, -999, -999, -999, -999, -999, -999, -999, -999, -999,   30
19180825, 0000,  , TS, 35.1N,  76.5W,  60, -999, -999, -999, -999, -999, -999, -999, -999, -999, -999, -999, -999, -999, -999
19180825, 0600,  , TS, 35.7N,  75.9W,  60, -999, -999, -999, -999, -999, -999, -999, -999, -999, -999, -999, -999, -999, -999
19180825, 1200,  , TS, 36.2N,  75.3W,  60, -999, -999, -999, -999, -999, -999, -999, -999, -999, -999, -999, -999, -999, -999
19180825, 1800,  , TS, 36.8N,  74.6W,  55, -999, -999, -999, -999, -999, -999, -999, -999, -999, -999, -999, -999, -999, -999
19180826, 0000,  , TS, 37.5N,  73.8W,  45, -999, -999, -999, -999, -999, -999, -999, -999, -999, -999, -999, -999, -999, -999
19180826, 0600,  , TS, 38.2N,  72.9W,  35, -999, -999, -999, -999, -999, -999, -999, -999, -999, -999, -999, -999, -999, -999
19180826, 1200,  , EX, 39.0N,  72.0W,  30, -999, -999, -999, -999, -999, -999, -999, -999, -999, -999, -999, -999, -999, -999
AL041918,            UNNAMED,     23,
19180831, 1200,  , TS, 35.0N,  51.0W,  35, -999, -999, -999, -999, -999, -999, -999, -999, -999, -999, -999, -999, -999, -999
19180831, 1800,  , TS, 35.2N,  51.3W,  35, -999, -999, -999, -999, -999, -999, -999, -999, -999, -999, -999, -999, -999, -999
19180901, 0000,  , TS, 35.5N,  51.6W,  35, -999, -999, -999, -999, -999, -999, -999, -999, -999, -999, -999, -999, -999, -999
19180901, 0600,  , TS, 35.8N,  51.9W,  35, -999, -999, -999, -999, -999, -999, -999, -999, -999, -999, -999, -999, -999, -999
19180901, 1200,  , TS, 36.0N,  52.0W,  35, -999, -999, -999, -999, -999, -999, -999, -999, -999, -999, -999, -999, -999, -999
19180901, 1800,  , TS, 36.2N,  52.0W,  35, -999, -999, -999, -999, -999, -999, -999, -999, -999, -999, -999, -999, -999, -999
19180902, 0000,  , TS, 36.5N,  51.9W,  40, -999, -999, -999, -999, -999, -999, -999, -999, -999, -999, -999, -999, -999, -999
19180902, 0600,  , TS, 36.7N,  51.8W,  40, -999, -999, -999, -999, -999, -999, -999, -999, -999, -999, -999, -999, -999, -999
19180902, 1200,  , TS, 37.0N,  51.5W,  45, -999, -999, -999, -999, -999, -999, -999, -999, -999, -999, -999, -999, -999, -999
19180902, 1800,  , TS, 37.3N,  51.0W,  45, -999, -999, -999, -999, -999, -999, -999, -999, -999, -999, -999, -999, -999, -999
19180903, 0000,  , TS, 37.6N,  50.5W,  50, -999, -999, -999, -999, -999, -999, -999, -999, -999, -999, -999, -999, -999, -999
19180903, 0600,  , TS, 37.8N,  50.0W,  50, -999, -999, -999, -999, -999, -999, -999, -999, -999, -999, -999, -999, -999, -999
19180903, 1200,  , TS, 38.0N,  49.5W,  55, -999, -999, -999, -999, -999, -999, -999, -999, -999, -999, -999, -999, -999, -999
19180903, 1800,  , TS, 38.2N,  49.2W,  55, -999, -999, -999, -999, -999, -999, -999, -999, -999, -999, -999, -999, -999, -999
19180904, 0000,  , TS, 38.3N,  49.0W,  60, -999, -999, -999, -999, -999, -999, -999, -999, -999, -999, -999, -999, -999, -999
19180904, 0600,  , TS, 38.4N,  48.8W,  60, -999, -999, -999, -999, -999, -999, -999, -999, -999, -999, -999, -999, -999, -999
19180904, 1200,  , TS, 38.5N,  48.5W,  60, -999, -999, -999, -999, -999, -999, -999, -999, -999, -999, -999, -999, -999, -999
19180904, 1800,  , TS, 38.6N,  48.2W,  60, -999, -999, -999, -999, -999, -999, -999, -999, -999, -999, -999, -999, -999, -999
19180905, 0000,  , TS, 38.7N,  47.9W,  55, -999, -999, -999, -999, -999, -999, -999, -999, -999, -999, -999, -999, -999, -999
19180905, 0600,  , TS, 38.8N,  47.5W,  50, -999, -999, -999, -999, -999, -999, -999, -999, -999, -999, -999, -999, -999, -999
19180905, 1200,  , TS, 39.0N,  47.0W,  45, -999, -999, -999, -999, -999, -999, -999, -999, -999, -999, -999, -999, -999, -999
19180905, 1800,  , TS, 39.2N,  46.2W,  40, -999, -999, -999, -999, -999, -999, -999, -999, -999, -999, -999, -999, -999, -999
19180906, 0000,  , TS, 39.5N,  45.2W,  35, -999, -999, -999, -999, -999, -999, -999, -999, -999, -999, -999, -999, -999, -999
AL051918,            UNNAMED,     27,
19180902, 0000,  , TS, 24.6N,  57.0W,  40, -999, -999, -999, -999, -999, -999, -999, -999, -999, -999, -999, -999, -999, -999
19180902, 0600,  , TS, 24.8N,  57.8W,  45, -999, -999, -999, -999, -999, -999, -999, -999, -999, -999, -999, -999, -999, -999
19180902, 1200,  , TS, 25.0N,  58.5W,  50, -999, -999, -999, -999, -999, -999, -999, -999, -999, -999, -999, -999, -999, -999
19180902, 1800,  , TS, 25.2N,  59.0W,  60, -999, -999, -999, -999, -999, -999, -999, -999, -999, -999, -999, -999, -999, -999
19180903, 0000,  , HU, 25.4N,  59.5W,  65, -999, -999, -999, -999, -999, -999, -999, -999, -999, -999, -999, -999, -999, -999
19180903, 0600,  , HU, 25.7N,  60.0W,  70, -999, -999, -999, -999, -999, -999, -999, -999, -999, -999, -999, -999, -999, -999
19180903, 1200,  , HU, 26.0N,  60.5W,  70, -999, -999, -999, -999, -999, -999, -999, -999, -999, -999, -999, -999, -999, -999
19180903, 1800,  , HU, 26.6N,  61.2W,  75, -999, -999, -999, -999, -999, -999, -999, -999, -999, -999, -999, -999, -999, -999
19180904, 0000,  , HU, 27.7N,  62.0W,  75, -999, -999, -999, -999, -999, -999, -999, -999, -999, -999, -999, -999, -999, -999
19180904, 0600,  , HU, 28.8N,  62.9W,  80, -999, -999, -999, -999, -999, -999, -999, -999, -999, -999, -999, -999, -999, -999
19180904, 1200,  , HU, 29.8N,  63.8W,  80, -999, -999, -999, -999, -999, -999, -999, -999, -999, -999, -999, -999, -999, -999
19180904, 1800,  , HU, 30.8N,  64.6W,  85, -999, -999, -999, -999, -999, -999, -999, -999, -999, -999, -999, -999, -999, -999
19180905, 0000,  , HU, 31.8N,  65.3W,  90, -999, -999, -999, -999, -999, -999, -999, -999, -999, -999, -999, -999, -999, -999
19180905, 0600,  , HU, 32.8N,  65.8W,  95, -999, -999, -999, -999, -999, -999, -999, -999, -999, -999, -999, -999, -999, -999
19180905, 1200,  , HU, 33.8N,  66.3W,  95, -999, -999, -999, -999, -999, -999, -999, -999, -999, -999, -999, -999, -999, -999
19180905, 1800,  , HU, 34.8N,  66.8W,  95, -999, -999, -999, -999, -999, -999, -999, -999, -999, -999, -999, -999, -999, -999
19180906, 0000,  , HU, 35.8N,  67.2W,  90, -999, -999, -999, -999, -999, -999, -999, -999, -999, -999, -999, -999, -999, -999
19180906, 0600,  , HU, 36.8N,  67.3W,  80, -999, -999, -999, -999, -999, -999, -999, -999, -999, -999, -999, -999, -999, -999
19180906, 1200,  , HU, 38.0N,  67.2W,  70, -999, -999, -999, -999, -999, -999, -999, -999, -999, -999, -999, -999, -999, -999
19180906, 1800,  , TS, 39.7N,  66.5W,  60, -999, -999, -999, -999, -999, -999, -999, -999, -999, -999, -999, -999, -999, -999
19180907, 0000,  , EX, 42.5N,  65.0W,  50, -999, -999, -999, -999, -999, -999, -999, -999, -999, -999, -999, -999, -999, -999
19180907, 0600,  , EX, 45.5N,  63.0W,  45, -999, -999, -999, -999, -999, -999, -999, -999, -999, -999, -999, -999, -999, -999
19180907, 1200,  , EX, 47.5N,  60.5W,  40, -999, -999, -999, -999, -999, -999, -999, -999, -999, -999, -999, -999, -999, -999
19180907, 1800,  , EX, 48.5N,  58.0W,  40, -999, -999, -999, -999, -999, -999, -999, -999, -999, -999, -999, -999, -999, -999
19180908, 0000,  , EX, 48.9N,  56.5W,  40, -999, -999, -999, -999, -999, -999, -999, -999, -999, -999, -999, -999, -999, -999
19180908, 0600,  , EX, 49.0N,  55.5W,  35, -999, -999, -999, -999, -999, -999, -999, -999, -999, -999, -999, -999, -999, -999
19180908, 1200,  , EX, 49.0N,  55.0W,  30, -999, -999, -999, -999, -999, -999, -999, -999, -999, -999, -999, -999, -999, -999
AL061918,            UNNAMED,     23,
19180909, 0000,  , TS, 13.9N,  59.8W,  35, -999, -999, -999, -999, -999, -999, -999, -999, -999, -999, -999, -999, -999, -999
19180909, 0600,  , TS, 14.3N,  60.7W,  35, -999, -999, -999, -999, -999, -999, -999, -999, -999, -999, -999, -999, -999, -999
19180909, 1200,  , TS, 14.7N,  61.6W,  35, -999, -999, -999, -999, -999, -999, -999, -999, -999, -999, -999, -999, -999, -999
19180909, 1800,  , TS, 15.1N,  62.5W,  35, -999, -999, -999, -999, -999, -999, -999, -999, -999, -999, -999, -999, -999, -999
19180910, 0000,  , TS, 15.4N,  63.3W,  35, -999, -999, -999, -999, -999, -999, -999, -999, -999, -999, -999, -999, -999, -999
19180910, 0600,  , TS, 15.7N,  64.1W,  35, -999, -999, -999, -999, -999, -999, -999, -999, -999, -999, -999, -999, -999, -999
19180910, 1200,  , TS, 16.0N,  65.0W,  35, -999, -999, -999, -999, -999, -999, -999, -999, -999, -999, -999, -999, -999, -999
19180910, 1800,  , TS, 16.2N,  66.2W,  35, -999, -999, -999, -999, -999, -999, -999, -999, -999, -999, -999, -999, -999, -999
19180911, 0000,  , TS, 16.4N,  67.5W,  35, -999, -999, -999, -999, -999, -999, -999, -999, -999, -999, -999, -999, -999, -999
19180911, 0600,  , TS, 16.6N,  68.7W,  40, -999, -999, -999, -999, -999, -999, -999, -999, -999, -999, -999, -999, -999, -999
19180911, 1200,  , TS, 16.8N,  70.0W,  40, -999, -999, -999, -999, -999, -999, -999, -999, -999, -999, -999, -999, -999, -999
19180911, 1800,  , TS, 16.9N,  71.2W,  40, -999, -999, -999, -999, -999, -999, -999, -999, -999, -999, -999, -999, -999, -999
19180912, 0000,  , TS, 17.0N,  72.5W,  40, -999, -999, -999, -999, -999, -999, -999, -999, -999, -999, -999, -999, -999, -999
19180912, 0600,  , TS, 17.1N,  73.7W,  40, -999, -999, -999, -999, -999, -999, -999, -999, -999, -999, -999, -999, -999, -999
19180912, 1200,  , TS, 17.2N,  75.0W,  40, -999, -999, -999, -999, -999, -999, -999, -999, -999, -999, -999, -999, -999, -999
19180912, 1800,  , TS, 17.2N,  76.2W,  35, -999, -999, -999, -999, -999, -999, -999, -999, -999, -999, -999, -999, -999, -999
19180913, 0000,  , TS, 17.2N,  77.5W,  35, -999, -999, -999, -999, -999, -999, -999, -999, -999, -999, -999, -999, -999, -999
19180913, 0600,  , TS, 17.3N,  78.7W,  35, -999, -999, -999, -999, -999, -999, -999, -999, -999, -999, -999, -999, -999, -999
19180913, 1200,  , TS, 17.5N,  80.0W,  35, -999, -999, -999, -999, -999, -999, -999, -999, -999, -999, -999, -999, -999, -999
19180913, 1800,  , TS, 17.8N,  81.2W,  35, -999, -999, -999, -999, -999, -999, -999, -999, -999, -999, -999, -999, -999, -999
19180914, 0000,  , TS, 18.4N,  82.3W,  35, -999, -999, -999, -999, -999, -999, -999, -999, -999, -999, -999, -999, -999, -999
19180914, 0600,  , TD, 18.9N,  83.3W,  30, -999, -999, -999, -999, -999, -999, -999, -999, -999, -999, -999, -999, -999, -999
19180914, 1200,  , TD, 19.5N,  84.0W,  25, -999, -999, -999, -999, -999, -999, -999, -999, -999, -999, -999, -999, -999, -999
