AL012006,            ALBERTO,     38,
20060610, 0600,  , TD, 20.0N,  85.0W,  25, 1004,    0,    0,    0,    0,    0,    0,    0,    0,    0,    0,    0,    0, -999
20060610, 1200,  , TD, 21.0N,  85.3W,  30, 1003,    0,    0,    0,    0,    0,    0,    0,    0,    0,    0,    0,    0, -999
20060610, 1800,  , TD, 21.9N,  85.7W,  30, 1003,    0,    0,    0,    0,    0,    0,    0,    0,    0,    0,    0,    0, -999
20060611, 0000,  , TS, 22.5N,  86.3W,  35, 1003,  100,   75,    0,    0,    0,    0,    0,    0,    0,    0,    0,    0, -999
20060611, 0600,  , TS, 23.1N,  87.1W,  35, 1003,  100,   75,    0,    0,    0,    0,    0,    0,    0,    0,    0,    0, -999
20060611, 1200,  , TS, 23.6N,  87.8W,  40, 1002,  150,  150,    0,    0,    0,    0,    0,    0,    0,    0,    0,    0, -999
20060611, 1800,  , TS, 24.3N,  87.8W,  40, 1004,  200,  150,    0,    0,    0,    0,    0,    0,    0,    0,    0,    0, -999
20060612, 0000,  , TS, 25.0N,  87.8W,  40, 1004,  200,  150,    0,    0,    0,    0,    0,    0,    0,    0,    0,    0, -999
20060612, 0600,  , TS, 25.8N,  87.4W,  45, 1004,  200,  150,    0,    0,    0,    0,    0,    0,    0,    0,    0,    0, -999
20060612, 1200,  , TS, 26.8N,  86.3W,  60, 1000,  200,  150,    0,    0,  125,  100,    0,    0,    0,    0,    0,    0, -999
20060612, 1800,  , TS, 27.5N,  85.4W,  60,  997,  200,  150,    0,   60,  125,  100,    0,   30,    0,    0,    0,    0, -999
20060613, 0000,  , TS, 28.0N,  85.0W,  60,  995,  140,  140,    0,   60,   60,   60,    0,   30,    0,    0,    0,    0, -999
20060613, 0600,  , TS, 28.8N,  84.4W,  55,  995,   90,  150,   30,   60,   30,   50,    0,   30,    0,    0,    0,    0, -999
20060613, 1200,  , TS, 29.5N,  84.1W,  45,  996,   60,  100,   60,   60,    0,    0,    0,    0,    0,    0,    0,    0, -999
20060613, 1630, L, TS, 29.9N,  83.7W,  40,  998, -999, -999, -999, -999, -999, -999, -999, -999, -999, -999, -999, -999, -999
20060613, 1800,  , TS, 30.3N,  83.5W,  35,  997,  150,    0,    0,    0,    0,    0,    0,    0,    0,    0,    0,    0, -999
20060614, 0000,  , TS, 31.3N,  82.8W,  35, 1001,  130,    0,    0,    0,    0,    0,    0,    0,    0,    0,    0,    0, -999
20060614, 0600,  , TD, 32.8N,  81.9W,  30, 1003,    0,    0,    0,    0,    0,    0,    0,    0,    0,    0,    0,    0, -999
20060614, 1200,  , EX, 34.3N,  80.7W,  35, 1003,    0,  100,    0,    0,    0,    0,    0,    0,    0,    0,    0,    0, -999
20060614, 1800,  , EX, 35.5N,  77.5W,  35, 1002,    0,  125,  100,    0,    0,    0,    0,    0,    0,    0,    0,    0, -999
20060615, 0000,  , EX, 37.0N,  73.0W,  45,  999,    0,  200,  100,    0,    0,    0,    0,    0,    0,    0,    0,    0, -999
20060615, 0600,  , EX, 38.8N,  69.9W,  45,  990,  150,  300,  100,   60,    0,    0,    0,    0,    0,    0,    0,    0, -999
20060615, 1200,  , EX, 40.9N,  66.8W,  50,  979,  150,  300,  100,   60,    0,   60,   60,    0,    0,    0,    0,    0, -999
20060615, 1800,  , EX, 42.6N,  64.2W,  55,  971,  200,  425,  125,   90,    0,   60,   60,    0,    0,    0,    0,    0, -999
20060616, 0000,  , EX, 44.0N,  62.0W,  55,  969,  200,  425,  125,   90,    0,   60,   60,    0,    0,    0,    0,    0, -999
20060616, 0600,  , EX, 46.0N,  58.5W,  50,  972,  200,  425,  125,   90,    0,   60,   60,    0,    0,    0,    0,    0, -999
20060616, 1200,  , EX, 47.4N,  55.0W,  45,  985,  300,  300,    0,    0,    0,    0,    0,    0,    0,    0,    0,    0, -999
20060616, 1800,  , EX, 49.3N,  51.5W,  40,  990,  250,  250,    0,    0,    0,    0,    0,    0,    0,    0,    0,    0, -999
20060617, 0000,  , EX, 50.8N,  45.2W,  40,  995,  250,  250,    0,    0,    0,    0,    0,    0,    0,    0,    0,    0, -999
20060617, 0600,  , EX, 51.5N,  39.0W,  40,  995,    0,  325,    0,    0,    0,    0,    0,    0,    0,    0,    0,    0, -999
20060617, 1200,  , EX, 53.0N,  34.5W,  40,  995,    0,  325,    0,    0,    0,    0,    0,    0,    0,    0,    0,    0, -999
20060617, 1800,  , EX, 54.0N,  29.0W,  35,  995,    0,  350,    0,    0,    0,    0,    0,    0,    0,    0,    0,    0, -999
20060618, 0000,  , EX, 54.5N,  23.0W,  30,  995,    0,    0,    0,    0,    0,    0,    0,    0,    0,    0,    0,    0, -999
20060618, 0600,  , EX, 54.5N,  16.0W,  30,  995,    0,    0,    0,    0,    0,    0,    0,    0,    0,    0,    0,    0, -999
20060618, 1200,  , EX, 54.5N,  12.0W,  30,  995,    0,    0,    0,    0,    0,    0,    0,    0,    0,    0,    0,    0, -999
20060618, 1800,  , EX, 55.0N,   9.0W,  30,  997,    0,    0,    0,    0,    0,    0,    0,    0,    0,    0,    0,    0, -999
20060619, 0000,  , EX, 56.5N,   5.5W,  30,  999,    0,    0,    0,    0,    0,    0,    0,    0,    0,    0,    0,    0, -999
20060619, 0600,  , EX, 57.0N,   3.0W,  30,  999,    0,    0,    0,    0,    0,    0,    0,    0,    0,    0,    0,    0, -999
AL022006,            UNNAMED,     13,
20060716, 1200,  , EX, 37.2N,  68.7W,  30, 1009,    0,    0,    0,    0,    0,    0,    0,    0,    0,    0,    0,    0, -999
20060716, 1800,  , EX, 37.7N,  68.2W,  30, 1009,    0,    0,    0,    0,    0,    0,    0,    0,    0,    0,    0,    0, -999
20060717, 0000,  , EX, 38.3N,  67.6W,  30, 1009,    0,    0,    0,    0,    0,    0,    0,    0,    0,    0,    0,    0, -999
20060717, 0600,  , TD, 39.1N,  66.4W,  30, 1008,    0,    0,    0,    0,    0,    0,    0,    0,    0,    0,    0,    0, -999
20060717, 1200,  , TS, 40.0N,  65.1W,  40, 1003,    0,   60,    0,    0,    0,    0,    0,    0,    0,    0,    0,    0, -999
20060717, 1800,  , TS, 41.1N,  63.7W,  45,  998,    0,   60,    0,    0,    0,    0,    0,    0,    0,    0,    0,    0, -999
20060718, 0000,  , TS, 42.4N,  62.1W,  40,  999,    0,   60,    0,    0,    0,    0,    0,    0,    0,    0,    0,    0, -999
20060718, 0600,  , TS, 43.7N,  60.1W,  35, 1004,    0,   60,    0,    0,    0,    0,    0,    0,    0,    0,    0,    0, -999
20060718, 1200,  , LO, 45.5N,  58.0W,  30, 1007,    0,    0,    0,    0,    0,    0,    0,    0,    0,    0,    0,    0, -999
20060718, 1800,  , LO, 47.1N,  55.8W,  25, 1009,    0,    0,    0,    0,    0,    0,    0,    0,    0,    0,    0,    0, -999
20060719, 0000,  , LO, 48.6N,  52.9W,  25, 1012,    0,    0,    0,    0,    0,    0,    0,    0,    0,    0,    0,    0, -999
20060719, 0600,  , LO, 49.2N,  49.4W,  25, 1012,    0,    0,    0,    0,    0,    0,    0,    0,    0,    0,    0,    0, -999
20060719, 1200,  , LO, 49.8N,  46.1W,  25, 1014,    0,    0,    0,    0,    0,    0,    0,    0,    0,    0,    0,    0, -999
AL032006,              BERYL,     18,
20060718, 1200,  , TD, 32.3N,  73.3W,  30, 1010,    0,    0,    0,    0,    0,    0,    0,    0,    0,    0,    0,    0, -999
20060718, 1800,  , TS, 33.0N,  73.3W,  35, 1008,   40,   40,    0,    0,    0,    0,    0,    0,    0,    0,    0,    0, -999
20060719, 0000,  , TS, 33.8N,  73.5W,  35, 1006,   40,   60,    0,    0,    0,    0,    0,    0,    0,    0,    0,    0, -999
20060719, 0600,  , TS, 34.5N,  73.7W,  35, 1005,   60,   60,    0,    0,    0,    0,    0,    0,    0,    0,    0,    0, -999
20060719, 1200,  , TS, 35.2N,  73.6W,  40, 1004,   85,   85,   35,   35,    0,    0,    0,    0,    0,    0,    0,    0, -999
20060719, 1800,  , TS, 35.9N,  73.5W,  50, 1003,   85,   85,   40,   40,   15,   15,   10,   10,    0,    0,    0,    0, -999
20060720, 0000,  , TS, 36.6N,  73.2W,  50, 1002,  120,   85,   50,   50,   35,   35,   20,   20,    0,    0,    0,    0, -999
20060720, 0600,  , TS, 37.4N,  73.2W,  50, 1001,  120,   90,   60,   50,   40,   40,   20,   20,    0,    0,    0,    0, -999
20060720, 1200,  , TS, 38.3N,  73.0W,  50, 1002,  120,   90,   60,   50,   40,   40,   20,   20,    0,    0,    0,    0, -999
20060720, 1800,  , TS, 39.1N,  72.5W,  45, 1002,  120,   90,   60,   50,    0,    0,    0,    0,    0,    0,    0,    0, -999
20060721, 0000,  , TS, 39.8N,  71.8W,  45, 1003,   90,   75,   50,   40,    0,    0,    0,    0,    0,    0,    0,    0, -999
20060721, 0600,  , TS, 41.0N,  70.5W,  45, 1000,   75,   75,   50,    0,    0,    0,    0,    0,    0,    0,    0,    0, -999
20060721, 0645, L, TS, 41.3N,  70.1W,  45, 1000, -999, -999, -999, -999, -999, -999, -999, -999, -999, -999, -999, -999, -999
20060721, 1200,  , TS, 42.4N,  68.4W,  40, 1002,   75,  100,  100,    0,    0,    0,    0,    0,    0,    0,    0,    0, -999
20060721, 1800,  , EX, 43.8N,  66.3W,  35, 1000,  100,  150,  150,    0,    0,    0,    0,    0,    0,    0,    0,    0, -999
20060722, 0000,  , EX, 45.5N,  63.3W,  35, 1002,  150,  200,  200,    0,    0,    0,    0,    0,    0,    0,    0,    0, -999
20060722, 0600,  , EX, 47.2N,  60.0W,  35, 1003,  150,  200,  200,    0,    0,    0,    0,    0,    0,    0,    0,    0, -999
20060722, 1200,  , EX, 48.5N,  56.5W,  30, 1004,    0,    0,    0,    0,    0,    0,    0,    0,    0,    0,    0,    0, -999
AL042006,              CHRIS,     23,
20060801, 0000,  , TD, 16.3N,  58.1W,  30, 1011,    0,    0,    0,    0,    0,    0,    0,    0,    0,    0,    0,    0, -999
20060801, 0600,  , TS, 16.8N,  58.9W,  35, 1009,   30,    0,    0,    0,    0,    0,    0,    0,    0,    0,    0,    0, -999
20060801, 1200,  , TS, 17.2N,  59.8W,  40, 1006,   30,   30,    0,    0,    0,    0,    0,    0,    0,    0,    0,    0, -999
20060801, 1800,  , TS, 17.7N,  60.6W,  50, 1004,   20,   20,   20,    0,   15,   15,    0,    0,    0,    0,    0,    0, -999
20060802, 0000,  , TS, 18.1N,  61.4W,  50, 1003,   25,   35,   35,   25,   15,    0,    0,    0,    0,    0,    0,    0, -999
20060802, 0600,  , TS, 18.5N,  62.2W,  55, 1001,   65,   50,   25,   35,   20,   15,    0,    0,    0,    0,    0,    0, -999
20060802, 1200,  , TS, 19.0N,  63.0W,  55, 1001,   65,   50,   25,   35,   20,   15,    0,    0,    0,    0,    0,    0, -999
20060802, 1800,  , TS, 19.6N,  63.9W,  50, 1004,   70,   70,    0,    0,   20,    0,    0,    0,    0,    0,    0,    0, -999
20060803, 0000,  , TS, 19.9N,  64.8W,  50, 1007,   70,   70,    0,    0,   25,   25,    0,    0,    0,    0,    0,    0, -999
20060803, 0600,  , TS, 20.2N,  65.8W,  40, 1010,   70,   70,    0,    0,    0,    0,    0,    0,    0,    0,    0,    0, -999
20060803, 1200,  , TS, 20.4N,  66.8W,  35, 1011,   70,    0,    0,    0,    0,    0,    0,    0,    0,    0,    0,    0, -999
20060803, 1800,  , TD, 20.6N,  67.7W,  30, 1011,    0,    0,    0,    0,    0,    0,    0,    0,    0,    0,    0,    0, -999
20060804, 0000,  , TD, 20.7N,  68.7W,  30, 1011,    0,    0,    0,    0,    0,    0,    0,    0,    0,    0,    0,    0, -999
20060804, 0600,  , LO, 20.8N,  70.2W,  25, 1011,    0,    0,    0,    0,    0,    0,    0,    0,    0,    0,    0,    0, -999
20060804, 1200,  , LO, 21.2N,  71.1W,  25, 1011,    0,    0,    0,    0,    0,    0,    0,    0,    0,    0,    0,    0, -999
20060804, 1800,  , LO, 21.3N,  72.2W,  25, 1012,    0,    0,    0,    0,    0,    0,    0,    0,    0,    0,    0,    0, -999
20060805, 0000,  , LO, 21.5N,  73.4W,  25, 1012,    0,    0,    0,    0,    0,    0,    0,    0,    0,    0,    0,    0, -999
20060805, 0600,  , LO, 21.6N,  75.0W,  20, 1012,    0,    0,    0,    0,    0,    0,    0,    0,    0,    0,    0,    0, -999
20060805, 1200,  , LO, 21.8N,  76.3W,  20, 1012,    0,    0,    0,    0,    0,    0,    0,    0,    0,    0,    0,    0, -999
20060805, 1800,  , LO, 22.1N,  77.6W,  20, 1012,    0,    0,    0,    0,    0,    0,    0,    0,    0,    0,    0,    0, -999
20060806, 0000,  , LO, 22.4N,  78.9W,  20, 1012,    0,    0,    0,    0,    0,    0,    0,    0,    0,    0,    0,    0, -999
20060806, 0600,  , LO, 22.8N,  80.2W,  20, 1013,    0,    0,    0,    0,    0,    0,    0,    0,    0,    0,    0,    0, -999
20060806, 1200,  , LO, 23.2N,  81.7W,  15, 1013,    0,    0,    0,    0,    0,    0,    0,    0,    0,    0,    0,    0, -999
AL052006,              DEBBY,     26,
20060821, 1800,  , TD, 11.6N,  21.7W,  30, 1007,    0,    0,    0,    0,    0,    0,    0,    0,    0,    0,    0,    0, -999
20060822, 0000,  , TD, 12.0N,  22.7W,  30, 1007,    0,    0,    0,    0,    0,    0,    0,    0,    0,    0,    0,    0, -999
20060822, 0600,  , TD, 12.6N,  23.9W,  30, 1007,    0,    0,    0,    0,    0,    0,    0,    0,    0,    0,    0,    0, -999
20060822, 1200,  , TD, 13.4N,  25.3W,  30, 1007,    0,    0,    0,    0,    0,    0,    0,    0,    0,    0,    0,    0, -999
20060822, 1800,  , TD, 14.2N,  26.7W,  30, 1005,    0,    0,    0,    0,    0,    0,    0,    0,    0,    0,    0,    0, -999
20060823, 0000,  , TS, 14.9N,  28.1W,  35, 1003,   30,   30,   30,   30,    0,    0,    0,    0,    0,    0,    0,    0, -999
20060823, 0600,  , TS, 15.7N,  29.5W,  40, 1002,   45,   30,   30,   40,    0,    0,    0,    0,    0,    0,    0,    0, -999
20060823, 1200,  , TS, 16.7N,  31.0W,  45, 1001,   50,   30,   30,   40,    0,    0,    0,    0,    0,    0,    0,    0, -999
20060823, 1800,  , TS, 17.6N,  32.4W,  45, 1001,   50,   20,   20,   40,    0,    0,    0,    0,    0,    0,    0,    0, -999
20060824, 0000,  , TS, 18.4N,  33.9W,  45, 1000,   50,   20,   20,   40,    0,    0,    0,    0,    0,    0,    0,    0, -999
20060824, 0600,  , TS, 19.2N,  35.5W,  45,  999,   50,   20,   20,   40,    0,    0,    0,    0,    0,    0,    0,    0, -999
20060824, 1200,  , TS, 20.1N,  37.1W,  45, 1000,   50,   20,   20,   40,    0,    0,    0,    0,    0,    0,    0,    0, -999
20060824, 1800,  , TS, 20.9N,  38.7W,  45, 1000,   50,   20,   20,   40,    0,    0,    0,    0,    0,    0,    0,    0, -999
20060825, 0000,  , TS, 21.7N,  40.2W,  45, 1000,   50,   20,   20,   45,    0,    0,    0,    0,    0,    0,    0,    0, -999
20060825, 0600,  , TS, 22.6N,  41.5W,  45, 1001,   60,    0,    0,   45,    0,    0,    0,    0,    0,    0,    0,    0, -999
20060825, 1200,  , TS, 23.6N,  42.7W,  40, 1002,   75,    0,    0,   45,    0,    0,    0,    0,    0,    0,    0,    0, -999
20060825, 1800,  , TS, 24.4N,  44.1W,  35, 1005,   90,    0,    0,    0,    0,    0,    0,    0,    0,    0,    0,    0, -999
20060826, 0000,  , TS, 24.8N,  45.1W,  35, 1008,   90,    0,    0,    0,    0,    0,    0,    0,    0,    0,    0,    0, -999
20060826, 0600,  , TD, 25.2N,  46.1W,  30, 1009,    0,    0,    0,    0,    0,    0,    0,    0,    0,    0,    0,    0, -999
20060826, 1200,  , LO, 25.7N,  46.9W,  25, 1010,    0,    0,    0,    0,    0,    0,    0,    0,    0,    0,    0,    0, -999
20060826, 1800,  , LO, 26.5N,  47.5W,  25, 1011,    0,    0,    0,    0,    0,    0,    0,    0,    0,    0,    0,    0, -999
20060827, 0000,  , LO, 27.3N,  48.1W,  25, 1012,    0,    0,    0,    0,    0,    0,    0,    0,    0,    0,    0,    0, -999
20060827, 0600,  , LO, 28.3N,  48.8W,  25, 1012,    0,    0,    0,    0,    0,    0,    0,    0,    0,    0,    0,    0, -999
20060827, 1200,  , LO, 29.4N,  49.1W,  25, 1012,    0,    0,    0,    0,    0,    0,    0,    0,    0,    0,    0,    0, -999
20060827, 1800,  , LO, 30.6N,  48.9W,  25, 1012,    0,    0,    0,    0,    0,    0,    0,    0,    0,    0,    0,    0, -999
20060828, 0000,  , LO, 32.1N,  48.3W,  25, 1012,    0,    0,    0,    0,    0,    0,    0,    0,    0,    0,    0,    0, -999
AL062006,            ERNESTO,     47,
20060824, 1800,  , TD, 12.7N,  61.6W,  30, 1008,    0,    0,    0,    0,    0,    0,    0,    0,    0,    0,    0,    0, -999
20060825, 0000,  , TD, 13.0N,  63.0W,  30, 1007,    0,    0,    0,    0,    0,    0,    0,    0,    0,    0,    0,    0, -999
20060825, 0600,  , TD, 13.3N,  64.4W,  30, 1005,    0,    0,    0,    0,    0,    0,    0,    0,    0,    0,    0,    0, -999
20060825, 1200,  , TS, 13.7N,  65.8W,  35, 1005,   80,    0,    0,    0,    0,    0,    0,    0,    0,    0,    0,    0, -999
20060825, 1800,  , TS, 14.0N,  67.1W,  35, 1004,   80,    0,    0,    0,    0,    0,    0,    0,    0,    0,    0,    0, -999
20060826, 0000,  , TS, 14.3N,  68.3W,  40, 1002,   80,    0,    0,    0,    0,    0,    0,    0,    0,    0,    0,    0, -999
20060826, 0600,  , TS, 14.6N,  69.5W,  45,  999,  100,    0,    0,   40,    0,    0,    0,    0,    0,    0,    0,    0, -999
20060826, 1200,  , TS, 15.1N,  70.4W,  50,  997,  100,    0,    0,   40,   20,    0,    0,    0,    0,    0,    0,    0, -999
20060826, 1800,  , TS, 15.7N,  71.2W,  55,  997,  100,   50,    0,   50,   20,    0,    0,    0,    0,    0,    0,    0, -999
20060827, 0000,  , TS, 16.3N,  72.0W,  55,  995,   80,   50,    0,   50,   20,    0,    0,    0,    0,    0,    0,    0, -999
20060827, 0600,  , HU, 16.9N,  72.7W,  65,  992,   80,   70,   20,   50,   25,   20,   10,   10,   10,    0,    0,    0, -999
20060827, 1200,  , TS, 17.4N,  73.4W,  55,  997,   80,   80,   20,   30,   25,   20,   10,   10,    0,    0,    0,    0, -999
20060827, 1800,  , TS, 17.8N,  74.0W,  45, 1002,   80,   80,   20,    0,    0,    0,    0,    0,    0,    0,    0,    0, -999
20060828, 0000,  , TS, 18.3N,  74.6W,  40, 1003,   60,   60,    0,    0,    0,    0,    0,    0,    0,    0,    0,    0, -999
20060828, 0600,  , TS, 19.1N,  75.2W,  40, 1004,   60,   60,    0,    0,    0,    0,    0,    0,    0,    0,    0,    0, -999
20060828, 1115, L, TS, 19.9N,  75.5W,  35, 1005, -999, -999, -999, -999, -999, -999, -999, -999, -999, -999, -999, -999, -999
20060828, 1200,  , TS, 20.0N,  75.6W,  35, 1005,   75,   60,    0,   30,    0,    0,    0,    0,    0,    0,    0,    0, -999
20060828, 1800,  , TS, 20.8N,  76.4W,  35, 1007,   90,   60,    0,   60,    0,    0,    0,    0,    0,    0,    0,    0, -999
20060829, 0000,  , TS, 21.6N,  77.4W,  35, 1007,   75,   30,    0,   60,    0,    0,    0,    0,    0,    0,    0,    0, -999
20060829, 0600,  , TS, 22.4N,  78.5W,  40, 1006,   75,    0,    0,   50,    0,    0,    0,    0,    0,    0,    0,    0, -999
20060829, 1200,  , TS, 23.2N,  79.3W,  40, 1006,   75,    0,    0,   40,    0,    0,    0,    0,    0,    0,    0,    0, -999
20060829, 1800,  , TS, 23.9N,  79.9W,  40, 1005,   90,   60,    0,   40,    0,    0,    0,    0,    0,    0,    0,    0, -999
20060830, 0000,  , TS, 24.7N,  80.4W,  40, 1004,   90,   60,   25,   25,    0,    0,    0,    0,    0,    0,    0,    0, -999
20060830, 0300, L, TS, 24.9N,  80.6W,  40, 1003, -999, -999, -999, -999, -999, -999, -999, -999, -999, -999, -999, -999, -999
20060830, 0500, L, TS, 25.2N,  80.7W,  40, 1003, -999, -999, -999, -999, -999, -999, -999, -999, -999, -999, -999, -999, -999
20060830, 0600,  , TS, 25.3N,  80.8W,  40, 1003,   90,   60,   25,   25,    0,    0,    0,    0,    0,    0,    0,    0, -999
20060830, 1200,  , TS, 26.1N,  81.0W,  35, 1002,   60,   60,    0,    0,    0,    0,    0,    0,    0,    0,    0,    0, -999
20060830, 1800,  , TS, 27.0N,  80.9W,  35, 1001,   20,   20,    0,    0,    0,    0,    0,    0,    0,    0,    0,    0, -999
20060831, 0000,  , TS, 28.1N,  80.7W,  35, 1000,    0,   50,    0,    0,    0,    0,    0,    0,    0,    0,    0,    0, -999
20060831, 0600,  , TS, 29.4N,  80.4W,  45,  999,    0,   75,   40,    0,    0,    0,    0,    0,    0,    0,    0,    0, -999
20060831, 1200,  , TS, 30.6N,  79.9W,  55,  995,   50,   75,   40,    0,    0,   25,   20,    0,    0,    0,    0,    0, -999
20060831, 1800,  , TS, 31.9N,  79.2W,  60,  993,  100,  100,   60,   25,   40,   40,   40,    0,    0,    0,    0,    0, -999
20060901, 0000,  , TS, 33.2N,  78.4W,  60,  988,  100,  125,   60,   45,   40,   50,   40,    0,    0,    0,    0,    0, -999
20060901, 0340, L, TS, 33.9N,  78.1W,  60,  985, -999, -999, -999, -999, -999, -999, -999, -999, -999, -999, -999, -999, -999
20060901, 0600,  , TS, 34.5N,  78.0W,  50,  985,  100,  100,   40,   20,   25,   50,    0,    0,    0,    0,    0,    0, -999
20060901, 1200,  , TD, 35.8N,  77.6W,  30,  991,    0,    0,    0,    0,    0,    0,    0,    0,    0,    0,    0,    0, -999
20060901, 1800,  , EX, 36.6N,  77.2W,  40,  997,  100,    0,    0,    0,    0,    0,    0,    0,    0,    0,    0,    0, -999
20060902, 0000,  , EX, 37.1N,  77.0W,  40, 1002,  150,    0,    0,    0,    0,    0,    0,    0,    0,    0,    0,    0, -999
20060902, 0600,  , EX, 37.6N,  76.8W,  40, 1005,  150,    0,    0,    0,    0,    0,    0,    0,    0,    0,    0,    0, -999
20060902, 1200,  , EX, 38.2N,  76.7W,  40, 1007,  150,    0,    0,    0,    0,    0,    0,    0,    0,    0,    0,    0, -999
20060902, 1800,  , EX, 38.9N,  76.7W,  40, 1010,  150,    0,    0,    0,    0,    0,    0,    0,    0,    0,    0,    0, -999
20060903, 0000,  , EX, 39.9N,  76.7W,  35, 1012,  150,    0,    0,    0,    0,    0,    0,    0,    0,    0,    0,    0, -999
20060903, 0600,  , EX, 41.3N,  77.1W,  25, 1014,    0,    0,    0,    0,    0,    0,    0,    0,    0,    0,    0,    0, -999
20060903, 1200,  , EX, 43.1N,  77.5W,  20, 1014,    0,    0,    0,    0,    0,    0,    0,    0,    0,    0,    0,    0, -999
20060903, 1800,  , EX, 44.5N,  77.0W,  20, 1015,    0,    0,    0,    0,    0,    0,    0,    0,    0,    0,    0,    0, -999
20060904, 0000,  , EX, 45.6N,  75.8W,  20, 1015,    0,    0,    0,    0,    0,    0,    0,    0,    0,    0,    0,    0, -999
20060904, 0600,  , EX, 46.5N,  74.4W,  20, 1014,    0,    0,    0,    0,    0,    0,    0,    0,    0,    0,    0,    0, -999
AL072006,           FLORENCE,     62,
20060903, 1800,  , TD, 14.1N,  39.4W,  30, 1007,    0,    0,    0,    0,    0,    0,    0,    0,    0,    0,    0,    0, -999
20060904, 0000,  , TD, 14.7N,  40.0W,  30, 1007,    0,    0,    0,    0,    0,    0,    0,    0,    0,    0,    0,    0, -999
20060904, 0600,  , TD, 15.4N,  41.0W,  30, 1007,    0,    0,    0,    0,    0,    0,    0,    0,    0,    0,    0,    0, -999
20060904, 1200,  , TD, 16.0N,  42.3W,  30, 1007,    0,    0,    0,    0,    0,    0,    0,    0,    0,    0,    0,    0, -999
20060904, 1800,  , TD, 16.4N,  43.5W,  30, 1007,    0,    0,    0,    0,    0,    0,    0,    0,    0,    0,    0,    0, -999
20060905, 0000,  , TD, 16.6N,  44.8W,  30, 1007,    0,    0,    0,    0,    0,    0,    0,    0,    0,    0,    0,    0, -999
20060905, 0600,  , TS, 16.8N,  46.1W,  35, 1007,  100,    0,    0,   90,    0,    0,    0,    0,    0,    0,    0,    0, -999
20060905, 1200,  , TS, 17.0N,  46.9W,  35, 1005,  100,    0,    0,   90,    0,    0,    0,    0,    0,    0,    0,    0, -999
20060905, 1800,  , TS, 17.3N,  47.8W,  40, 1003,  110,    0,    0,   90,    0,    0,    0,    0,    0,    0,    0,    0, -999
20060906, 0000,  , TS, 17.6N,  48.6W,  40, 1003,  125,    0,    0,   90,    0,    0,    0,    0,    0,    0,    0,    0, -999
20060906, 0600,  , TS, 18.1N,  49.7W,  40, 1003,  175,   50,    0,  105,    0,    0,    0,    0,    0,    0,    0,    0, -999
20060906, 1200,  , TS, 18.5N,  50.6W,  45, 1003,  225,  100,    0,  120,    0,    0,    0,    0,    0,    0,    0,    0, -999
20060906, 1800,  , TS, 19.0N,  51.3W,  45, 1000,  250,  135,    0,  150,    0,    0,    0,    0,    0,    0,    0,    0, -999
20060907, 0000,  , TS, 19.3N,  51.9W,  45, 1000,  280,  170,    0,  180,    0,    0,    0,    0,    0,    0,    0,    0, -999
20060907, 0600,  , TS, 19.6N,  52.6W,  45, 1000,  315,  210,    0,  215,    0,    0,    0,    0,    0,    0,    0,    0, -999
20060907, 1200,  , TS, 19.9N,  53.3W,  40, 1002,  350,  250,    0,  250,    0,    0,    0,    0,    0,    0,    0,    0, -999
20060907, 1800,  , TS, 20.3N,  54.3W,  40, 1002,  350,  250,    0,  250,    0,    0,    0,    0,    0,    0,    0,    0, -999
20060908, 0000,  , TS, 20.9N,  55.7W,  40, 1002,  350,  250,    0,  250,    0,    0,    0,    0,    0,    0,    0,    0, -999
20060908, 0600,  , TS, 21.5N,  57.1W,  40, 1002,  350,  250,    0,  250,    0,    0,    0,    0,    0,    0,    0,    0, -999
20060908, 1200,  , TS, 21.7N,  58.8W,  40, 1002,  350,  250,    0,  250,    0,    0,    0,    0,    0,    0,    0,    0, -999
20060908, 1800,  , TS, 21.9N,  60.1W,  45, 1000,  325,  250,    0,  250,    0,    0,    0,    0,    0,    0,    0,    0, -999
20060909, 0000,  , TS, 22.7N,  61.0W,  50,  997,  300,  200,   60,  250,   50,    0,    0,   50,    0,    0,    0,    0, -999
20060909, 0600,  , TS, 23.8N,  62.3W,  50,  993,  275,  200,   75,  250,   50,    0,    0,   50,    0,    0,    0,    0, -999
20060909, 1200,  , TS, 24.4N,  63.2W,  50,  992,  250,  200,   90,  250,   50,    0,    0,   50,    0,    0,    0,    0, -999
20060909, 1800,  , TS, 25.1N,  64.0W,  50,  991,  250,  200,   90,  250,   50,    0,    0,   50,    0,    0,    0,    0, -999
20060910, 0000,  , TS, 26.2N,  64.6W,  60,  987,  225,  160,   90,  225,   50,    0,    0,   50,    0,    0,    0,    0, -999
20060910, 0600,  , HU, 27.1N,  65.3W,  70,  980,  225,  120,   90,  225,   75,   30,   30,   75,   40,    0,    0,   25, -999
20060910, 1200,  , HU, 28.1N,  65.9W,  75,  978,  225,  135,   90,  225,   75,   30,   30,   75,   40,    0,    0,   25, -999
20060910, 1800,  , HU, 29.3N,  66.1W,  80,  976,  225,  155,   90,  225,   80,   40,   30,   80,   50,   25,    0,   30, -999
20060911, 0000,  , HU, 30.4N,  66.2W,  80,  975,  225,  175,   90,  225,   80,   60,   40,   40,   50,   30,   25,   30, -999
20060911, 0600,  , HU, 31.3N,  66.2W,  70,  977,  250,  175,   90,  175,   80,   60,   40,   40,   60,   45,   25,   30, -999
20060911, 1200,  , HU, 32.4N,  65.7W,  75,  974,  250,  175,   90,  175,   80,   80,   40,   40,   60,   60,   30,   30, -999
20060911, 1800,  , HU, 33.6N,  65.0W,  75,  974,  250,  205,  165,  270,  100,  100,   95,   80,   60,   60,   30,   30, -999
20060912, 0000,  , HU, 34.9N,  64.1W,  70,  975,  250,  240,  240,  360,  120,  120,  150,  120,   60,   60,   30,   30, -999
20060912, 0600,  , HU, 36.3N,  63.2W,  65,  976,  300,  270,  240,  360,  120,  120,  135,  120,   60,   60,   30,   30, -999
20060912, 1200,  , HU, 37.4N,  61.9W,  65,  976,  360,  300,  240,  360,  120,  120,  120,  120,   60,   60,   30,   30, -999
20060912, 1800,  , HU, 38.5N,  60.2W,  65,  977,  360,  300,  240,  300,  180,  180,  120,  120,   90,   90,   30,   30, -999
20060913, 0000,  , EX, 40.6N,  57.9W,  70,  978,  380,  300,  300,  330,  180,  180,  120,  180,   90,   90,   30,   30, -999
20060913, 0600,  , EX, 43.1N,  56.3W,  70,  972,  400,  300,  300,  300,  120,  150,  125,  150,   60,   75,   45,   45, -999
20060913, 1200,  , EX, 45.5N,  55.6W,  70,  967,  420,  360,  300,  300,   60,  125,  125,  120,    0,   60,   60,   60, -999
20060913, 1800,  , EX, 46.4N,  54.0W,  70,  963,  420,  360,  300,  300,   60,  150,  125,  120,    0,   75,   60,   60, -999
20060914, 0000,  , EX, 47.6N,  51.3W,  65,  965,  420,  360,  300,  300,   60,  180,  125,  120,    0,   90,   60,   60, -999
20060914, 0600,  , EX, 48.6N,  48.3W,  60,  967,  420,  360,  300,  300,   60,  125,  125,   60,    0,    0,    0,    0, -999
20060914, 1200,  , EX, 49.2N,  45.2W,  55,  970,  420,  360,  300,  300,   60,  125,  125,   60,    0,    0,    0,    0, -999
20060914, 1800,  , EX, 49.8N,  42.6W,  50,  976,  390,  360,  330,  300,   60,  125,  125,   60,    0,    0,    0,    0, -999
20060915, 0000,  , EX, 50.0N,  39.6W,  45,  981,  360,  360,  360,  300,    0,    0,    0,    0,    0,    0,    0,    0, -999
20060915, 0600,  , EX, 49.7N,  35.8W,  45,  982,  240,  390,  390,  300,    0,    0,    0,    0,    0,    0,    0,    0, -999
20060915, 1200,  , EX, 49.5N,  31.7W,  45,  984,  180,  420,  420,  300,    0,    0,    0,    0,    0,    0,    0,    0, -999
20060915, 1800,  , EX, 49.8N,  27.5W,  40,  986,  150,  390,  390,  240,    0,    0,    0,    0,    0,    0,    0,    0, -999
20060916, 0000,  , EX, 50.6N,  23.9W,  40,  987,  120,  360,  360,  180,    0,    0,    0,    0,    0,    0,    0,    0, -999
20060916, 0600,  , EX, 52.5N,  21.0W,  40,  987,    0,  360,  360,  180,    0,    0,    0,    0,    0,    0,    0,    0, -999
20060916, 1200,  , EX, 54.6N,  20.5W,  40,  985,    0,  360,  360,  180,    0,    0,    0,    0,    0,    0,    0,    0, -999
20060916, 1800,  , EX, 56.6N,  20.5W,  40,  983,    0,  360,  240,  180,    0,    0,    0,    0,    0,    0,    0,    0, -999
20060917, 0000,  , EX, 58.2N,  20.5W,  40,  980,    0,  360,  240,  180,    0,    0,    0,    0,    0,    0,    0,    0, -999
20060917, 0600,  , EX, 59.6N,  20.6W,  40,  980,    0,  360,  240,  180,    0,    0,    0,    0,    0,    0,    0,    0, -999
20060917, 1200,  , EX, 60.9N,  21.2W,  40,  979,    0,  300,  240,  210,    0,    0,    0,    0,    0,    0,    0,    0, -999
20060917, 1800,  , EX, 62.0N,  22.5W,  45,  978,    0,  240,  240,  240,    0,    0,    0,    0,    0,    0,    0,    0, -999
20060918, 0000,  , EX, 62.6N,  24.5W,  50,  976,  420,  180,  180,  360,  360,    0,    0,    0,    0,    0,    0,    0, -999
20060918, 0600,  , EX, 63.0N,  26.5W,  50,  977,  420,    0,    0,  420,  360,    0,    0,  300,    0,    0,    0,    0, -999
20060918, 1200,  , EX, 63.0N,  29.0W,  50,  978,  420,    0,    0,  420,  300,    0,    0,  300,    0,    0,    0,    0, -999
20060918, 1800,  , EX, 63.0N,  31.4W,  50,  979,  420,    0,    0,  420,  300,    0,    0,  300,    0,    0,    0,    0, -999
20060919, 0000,  , EX, 62.0N,  34.0W,  50,  982,  210,    0,    0,  420,    0,    0,    0,  300,    0,    0,    0,    0, -999
AL082006,             GORDON,     57,
20060910, 1800,  , TD, 20.2N,  53.8W,  25, 1012,    0,    0,    0,    0,    0,    0,    0,    0,    0,    0,    0,    0, -999
20060911, 0000,  , TD, 20.3N,  54.5W,  30, 1011,    0,    0,    0,    0,    0,    0,    0,    0,    0,    0,    0,    0, -999
20060911, 0600,  , TD, 20.6N,  55.3W,  30, 1010,    0,    0,    0,    0,    0,    0,    0,    0,    0,    0,    0,    0, -999
20060911, 1200,  , TS, 20.9N,  56.3W,  35, 1008,   40,   25,    0,    0,    0,    0,    0,    0,    0,    0,    0,    0, -999
20060911, 1800,  , TS, 21.4N,  57.1W,  40, 1005,   40,   25,    0,    0,    0,    0,    0,    0,    0,    0,    0,    0, -999
20060912, 0000,  , TS, 21.8N,  57.6W,  50, 1003,   75,   25,    0,    0,   30,    0,    0,    0,    0,    0,    0,    0, -999
20060912, 0600,  , TS, 22.3N,  58.0W,  50, 1000,   75,   25,    0,   50,   30,    0,    0,    0,    0,    0,    0,    0, -999
20060912, 1200,  , TS, 22.8N,  58.2W,  50,  998,   75,   25,    0,   50,   30,    0,    0,    0,    0,    0,    0,    0, -999
20060912, 1800,  , TS, 23.4N,  58.2W,  55,  994,   75,   40,    0,   50,   30,    0,    0,    0,    0,    0,    0,    0, -999
20060913, 0000,  , HU, 24.0N,  58.1W,  65,  987,   75,   50,   20,   50,   30,   30,    0,    0,   20,    0,    0,    0, -999
20060913, 0600,  , HU, 24.7N,  58.0W,  70,  984,   75,   75,   50,   50,   30,   30,    0,    0,   20,   20,    0,    0, -999
20060913, 1200,  , HU, 25.6N,  57.9W,  80,  980,   80,   80,   65,   80,   40,   40,   20,   40,   20,   20,   10,   20, -999
20060913, 1800,  , HU, 26.5N,  57.7W,  95,  965,   90,   90,   75,   85,   50,   50,   25,   50,   25,   25,   10,   25, -999
20060914, 0000,  , HU, 27.3N,  57.4W, 105,  955,  120,  120,   85,   85,   50,   50,   40,   50,   25,   25,   10,   25, -999
20060914, 0600,  , HU, 28.2N,  56.8W, 105,  956,  120,  120,   85,   85,   50,   50,   40,   50,   25,   25,   15,   25, -999
20060914, 1200,  , HU, 29.1N,  56.2W, 105,  956,  120,  120,   90,   90,   50,   50,   40,   50,   25,   25,   15,   25, -999
20060914, 1800,  , HU, 29.8N,  55.4W, 105,  958,  120,  120,   90,   90,   50,   50,   40,   50,   25,   25,   15,   25, -999
20060915, 0000,  , HU, 30.3N,  54.6W, 100,  960,  120,  120,   90,   90,   50,   50,   40,   50,   25,   25,   15,   25, -999
20060915, 0600,  , HU, 30.8N,  53.8W,  95,  965,  100,  105,   90,   90,   50,   50,   50,   50,   25,   25,   20,   25, -999
20060915, 1200,  , HU, 31.1N,  53.5W,  85,  973,   80,   90,   90,   90,   40,   50,   60,   60,   20,   20,   30,   30, -999
20060915, 1800,  , HU, 31.1N,  53.5W,  80,  976,   80,   90,   90,   90,   40,   50,   60,   60,   20,   20,   30,   30, -999
20060916, 0000,  , HU, 31.1N,  53.5W,  75,  980,   90,   90,   90,   90,   40,   40,   40,   40,   20,   20,   20,   20, -999
20060916, 0600,  , HU, 31.2N,  53.6W,  70,  983,   90,   90,   90,   90,   40,   40,   40,   40,   20,   20,   20,   20, -999
20060916, 1200,  , HU, 31.3N,  53.8W,  65,  987,   90,   90,   70,   90,   50,   50,   40,   40,   20,    0,   20,   20, -999
20060916, 1800,  , HU, 31.5N,  53.9W,  65,  987,   90,   90,   70,   90,   50,   50,   40,   40,   20,    0,   20,   20, -999
20060917, 0000,  , HU, 31.9N,  53.8W,  65,  987,  100,  100,   70,   90,   50,   50,   40,   40,   20,   20,   20,   20, -999
20060917, 0600,  , HU, 32.4N,  53.7W,  65,  987,  100,  100,   80,   90,   50,   50,   40,   50,   20,   20,   20,   20, -999
20060917, 1200,  , HU, 33.3N,  53.3W,  70,  983,  100,  100,   80,   80,   50,   50,   40,   40,   20,   20,   20,   20, -999
20060917, 1800,  , HU, 34.1N,  52.9W,  70,  983,  100,  100,   80,   80,   50,   50,   40,   40,   20,   20,   20,   20, -999
20060918, 0000,  , HU, 35.0N,  52.1W,  75,  981,   80,   80,   80,   60,   40,   40,   40,   30,   20,   20,   20,   20, -999
20060918, 0600,  , HU, 36.1N,  50.6W,  75,  979,   80,   80,   80,   60,   40,   40,   40,   30,   20,   20,   20,   20, -999
20060918, 1200,  , HU, 36.9N,  48.7W,  80,  976,   80,   90,   80,   60,   40,   50,   40,   30,   25,   30,   25,    0, -999
20060918, 1800,  , HU, 37.5N,  46.3W,  85,  972,   80,   90,   80,   60,   40,   50,   40,   30,   25,   35,   30,    0, -999
20060919, 0000,  , HU, 38.0N,  43.3W,  85,  972,   60,  100,  100,   60,   40,   60,   60,   40,   25,   35,   35,   25, -999
20060919, 0600,  , HU, 38.1N,  40.2W,  90,  970,   60,  100,  100,  110,   40,   60,   60,   40,   25,   35,   35,   25, -999
20060919, 1200,  , HU, 38.0N,  37.0W,  80,  977,   75,  100,  150,  150,   40,   60,   60,   40,   25,   35,   35,   25, -999
20060919, 1800,  , HU, 37.8N,  33.5W,  75,  979,   75,  100,  150,  150,   40,   60,   60,   40,   25,   35,   35,   25, -999
20060920, 0000,  , HU, 37.7N,  29.9W,  70,  980,   75,  100,  150,  100,   40,   60,   60,   40,   25,   35,   35,   25, -999
20060920, 0600,  , HU, 37.6N,  26.1W,  70,  980,   70,  150,  200,   70,   30,   80,   80,   30,   15,   40,   40,   15, -999
20060920, 1200,  , HU, 37.8N,  22.6W,  65,  983,   70,  150,  200,   70,   30,   80,   80,   30,    0,   60,    0,    0, -999
20060920, 1800,  , HU, 38.5N,  18.5W,  65,  983,   70,  150,  200,   70,   60,  100,  100,   60,    0,   70,    0,    0, -999
20060921, 0000,  , EX, 40.1N,  14.0W,  60,  984,  210,  210,  150,  150,  170,  120,  120,  120,    0,    0,    0,    0, -999
20060921, 0600,  , EX, 43.8N,  10.4W,  55,  986,  210,  210,   90,   90,  120,  120,    0,    0,    0,    0,    0,    0, -999
20060921, 1200,  , EX, 48.5N,   9.0W,  55,  982,  250,  250,   45,   45,   60,  180,    0,    0,    0,    0,    0,    0, -999
20060921, 1800,  , EX, 52.5N,   9.5W,  55,  978,  300,  300,    0,    0,    0,  240,    0,    0,    0,    0,    0,    0, -999
20060922, 0000,  , EX, 54.5N,  10.5W,  60,  975,  360,  360,    0,  120,   90,  180,    0,    0,    0,    0,    0,    0, -999
20060922, 0600,  , EX, 57.0N,  14.0W,  65,  974,  420,  420,   60,  420,  150,  120,    0,  360,  120,    0,    0,    0, -999
20060922, 1200,  , EX, 56.5N,  18.5W,  55,  976,  300,  200,  150,  360,   45,   60,    0,  180,    0,    0,    0,    0, -999
20060922, 1800,  , EX, 56.0N,  19.5W,  45,  980,  120,    0,  300,  300,    0,    0,    0,    0,    0,    0,    0,    0, -999
20060923, 0000,  , EX, 54.5N,  20.0W,  45,  982,   60,    0,  300,  150,    0,    0,    0,    0,    0,    0,    0,    0, -999
20060923, 0600,  , EX, 52.5N,  20.0W,  40,  986,    0,    0,  300,    0,    0,    0,    0,    0,    0,    0,    0,    0, -999
20060923, 1200,  , EX, 50.7N,  17.7W,  35,  993,    0,  300,  240,    0,    0,    0,    0,    0,    0,    0,    0,    0, -999
20060923, 1800,  , EX, 49.0N,  14.5W,  35,  994,    0,  600,    0,    0,    0,    0,    0,    0,    0,    0,    0,    0, -999
20060924, 0000,  , EX, 48.0N,  10.0W,  30,  995,    0,    0,    0,    0,    0,    0,    0,    0,    0,    0,    0,    0, -999
20060924, 0600,  , EX, 48.5N,   8.5W,  30,  996,    0,    0,    0,    0,    0,    0,    0,    0,    0,    0,    0,    0, -999
20060924, 1200,  , EX, 49.0N,   8.0W,  30,  998,    0,    0,    0,    0,    0,    0,    0,    0,    0,    0,    0,    0, -999
20060924, 1800,  , EX, 50.5N,   7.5W,  25, 1001,    0,    0,    0,    0,    0,    0,    0,    0,    0,    0,    0,    0, -999
AL092006,             HELENE,     62,
20060912, 1200,  , TD, 11.9N,  22.0W,  25, 1007,    0,    0,    0,    0,    0,    0,    0,    0,    0,    0,    0,    0, -999
20060912, 1800,  , TD, 11.9N,  23.2W,  30, 1007,    0,    0,    0,    0,    0,    0,    0,    0,    0,    0,    0,    0, -999
20060913, 0000,  , TD, 11.9N,  24.6W,  30, 1007,    0,    0,    0,    0,    0,    0,    0,    0,    0,    0,    0,    0, -999
20060913, 0600,  , TD, 12.0N,  26.1W,  30, 1007,    0,    0,    0,    0,    0,    0,    0,    0,    0,    0,    0,    0, -999
20060913, 1200,  , TD, 12.2N,  28.0W,  30, 1007,    0,    0,    0,    0,    0,    0,    0,    0,    0,    0,    0,    0, -999
20060913, 1800,  , TD, 12.5N,  30.0W,  30, 1006,    0,    0,    0,    0,    0,    0,    0,    0,    0,    0,    0,    0, -999
20060914, 0000,  , TS, 12.9N,  31.9W,  35, 1005,   60,    0,    0,   60,    0,    0,    0,    0,    0,    0,    0,    0, -999
20060914, 0600,  , TS, 13.2N,  33.8W,  35, 1005,   75,    0,    0,   75,    0,    0,    0,    0,    0,    0,    0,    0, -999
20060914, 1200,  , TS, 13.6N,  35.6W,  40, 1003,   75,    0,    0,   75,    0,    0,    0,    0,    0,    0,    0,    0, -999
20060914, 1800,  , TS, 14.0N,  37.0W,  40, 1003,   90,   45,    0,   90,    0,    0,    0,    0,    0,    0,    0,    0, -999
20060915, 0000,  , TS, 14.4N,  38.3W,  40, 1002,   90,   45,    0,   90,    0,    0,    0,    0,    0,    0,    0,    0, -999
20060915, 0600,  , TS, 14.8N,  39.6W,  45, 1000,   90,   45,    0,   90,    0,    0,    0,    0,    0,    0,    0,    0, -999
20060915, 1200,  , TS, 15.5N,  40.8W,  50,  997,   90,   60,   30,   90,   25,   25,    0,   25,    0,    0,    0,    0, -999
20060915, 1800,  , TS, 16.2N,  42.1W,  55,  995,  100,   75,   50,  100,   25,   25,    0,   25,    0,    0,    0,    0, -999
20060916, 0000,  , TS, 17.0N,  43.3W,  60,  992,  110,  100,   60,  110,   25,   25,   20,   25,    0,    0,    0,    0, -999
20060916, 0600,  , TS, 17.7N,  44.3W,  60,  990,  125,  125,   75,  110,   25,   25,   20,   25,    0,    0,    0,    0, -999
20060916, 1200,  , HU, 18.4N,  45.3W,  65,  987,  150,  125,   90,  125,   40,   40,   25,   40,   25,    0,    0,    0, -999
20060916, 1800,  , HU, 18.9N,  46.2W,  65,  986,  150,  125,   90,  125,   40,   40,   25,   40,   25,    0,    0,    0, -999
20060917, 0000,  , HU, 19.4N,  47.1W,  70,  983,  150,  125,   90,  125,   40,   40,   30,   40,   20,   20,   15,   20, -999
20060917, 0600,  , HU, 19.9N,  47.9W,  75,  979,  150,  125,   90,  125,   40,   40,   30,   40,   20,   20,   15,   20, -999
20060917, 1200,  , HU, 20.3N,  48.4W,  80,  976,  150,  125,   90,  125,   60,   60,   40,   60,   30,   30,   25,   30, -999
20060917, 1800,  , HU, 20.8N,  48.8W,  90,  970,  150,  125,   90,  125,   60,   60,   40,   60,   35,   35,   25,   30, -999
20060918, 0000,  , HU, 21.4N,  49.1W, 100,  962,  175,  150,  100,  125,   90,   65,   45,   60,   45,   40,   30,   35, -999
20060918, 0600,  , HU, 22.0N,  49.4W, 105,  955,  175,  150,  100,  125,   90,   65,   45,   60,   45,   40,   30,   35, -999
20060918, 1200,  , HU, 22.7N,  49.7W, 105,  958,  175,  150,  100,  125,   90,   65,   45,   60,   45,   40,   30,   35, -999
20060918, 1800,  , HU, 23.6N,  50.4W,  95,  962,  175,  150,  125,  150,  100,   65,   45,   80,   60,   40,   30,   30, -999
20060919, 0000,  , HU, 24.0N,  51.0W,  95,  962,  175,  150,  125,  150,  100,   75,   60,  100,   60,   50,   40,   50, -999
20060919, 0600,  , HU, 24.3N,  51.7W,  95,  960,  175,  175,  150,  175,  100,   75,   60,  100,   60,   50,   40,   50, -999
20060919, 1200,  , HU, 24.4N,  52.5W,  95,  958,  175,  175,  150,  175,  100,   75,   60,  100,   60,   50,   40,   50, -999
20060919, 1800,  , HU, 24.4N,  53.5W,  90,  956,  175,  175,  150,  175,  100,   75,   60,  100,   50,   30,   30,   50, -999
20060920, 0000,  , HU, 24.5N,  54.4W,  90,  958,  175,  175,  150,  175,  100,   75,   60,  100,   40,   30,   30,   40, -999
20060920, 0600,  , HU, 24.9N,  55.2W,  90,  958,  175,  175,  150,  175,  100,   75,   60,  100,   40,   30,   30,   40, -999
20060920, 1200,  , HU, 25.4N,  56.0W,  90,  959,  175,  175,  150,  175,  100,   75,   60,  100,   40,   30,   30,   40, -999
20060920, 1800,  , HU, 25.9N,  56.7W,  80,  960,  175,  175,  150,  175,   90,   75,   60,   75,   40,   30,   30,   30, -999
20060921, 0000,  , HU, 26.8N,  57.0W,  80,  962,  175,  175,  150,  175,   75,   75,   60,   75,   40,   30,   30,   40, -999
20060921, 0600,  , HU, 27.8N,  57.0W,  75,  964,  180,  180,  150,  175,   75,   75,   60,   60,   40,   30,   30,   30, -999
20060921, 1200,  , HU, 29.0N,  57.0W,  75,  968,  180,  180,  180,  180,   75,   75,   60,   60,   30,   30,   25,   25, -999
20060921, 1800,  , HU, 30.2N,  57.0W,  75,  970,  200,  200,  180,  180,   75,   75,   60,   60,   30,   30,   25,   25, -999
20060922, 0000,  , HU, 31.4N,  56.6W,  75,  970,  200,  200,  180,  180,   75,   90,   60,   60,   35,   35,   30,   30, -999
20060922, 0600,  , HU, 32.5N,  55.9W,  70,  970,  200,  200,  180,  180,   75,   90,   60,   60,   35,   35,   30,   30, -999
20060922, 1200,  , HU, 33.6N,  55.1W,  70,  970,  225,  200,  200,  200,   75,   90,   60,   75,   30,   45,   30,   30, -999
20060922, 1800,  , HU, 34.9N,  53.7W,  70,  968,  225,  200,  200,  225,   75,   90,   60,   75,   30,   50,   50,   30, -999
20060923, 0000,  , HU, 35.7N,  51.7W,  75,  964,  225,  225,  250,  250,   90,  120,   90,  100,   30,   60,   60,   45, -999
20060923, 0600,  , HU, 36.4N,  49.6W,  80,  962,  225,  225,  300,  300,   90,  150,  150,  175,    0,   75,   60,   60, -999
20060923, 1200,  , HU, 37.1N,  47.5W,  80,  962,  225,  225,  300,  300,   90,  150,  150,  175,    0,  100,   90,   90, -999
20060923, 1800,  , HU, 37.7N,  45.4W,  75,  963,  225,  225,  300,  300,   90,  150,  150,  175,    0,  100,   90,   90, -999
20060924, 0000,  , HU, 38.6N,  43.2W,  70,  964,  275,  250,  300,  325,   90,  150,  150,  200,    0,  100,   90,   80, -999
20060924, 0600,  , HU, 39.5N,  40.9W,  65,  964,  300,  250,  325,  325,   90,  150,  150,  200,    0,  100,   90,   80, -999
20060924, 1200,  , HU, 40.6N,  38.2W,  65,  964,  300,  300,  350,  325,   90,  150,  175,  200,    0,  100,   90,   80, -999
20060924, 1800,  , EX, 42.0N,  35.9W,  65,  964,  300,  300,  350,  325,   90,  150,  175,  200,    0,  100,   90,   90, -999
20060925, 0000,  , EX, 43.2N,  34.7W,  65,  964,  300,  300,  350,  325,  100,  175,  175,  200,    0,  100,  100,  100, -999
20060925, 0600,  , EX, 44.1N,  33.3W,  65,  966,  225,  300,  350,  300,  100,  175,  175,  200,    0,  100,  100,  100, -999
20060925, 1200,  , EX, 44.7N,  31.7W,  60,  968,  150,  300,  350,  300,  100,  175,  175,  150,    0,    0,    0,    0, -999
20060925, 1800,  , EX, 44.9N,  29.8W,  55,  972,  150,  300,  350,  275,   75,  175,  175,  100,    0,    0,    0,    0, -999
20060926, 0000,  , EX, 45.0N,  27.6W,  50,  977,  150,  300,  350,  200,    0,  125,  125,   75,    0,    0,    0,    0, -999
20060926, 0600,  , EX, 45.5N,  25.2W,  50,  980,  150,  300,  350,  150,    0,  125,  100,    0,    0,    0,    0,    0, -999
20060926, 1200,  , EX, 46.0N,  22.7W,  50,  984,  120,  300,  300,  120,    0,   90,   90,    0,    0,    0,    0,    0, -999
20060926, 1800,  , EX, 47.2N,  20.1W,  45,  986,  120,  300,  240,  100,    0,    0,    0,    0,    0,    0,    0,    0, -999
20060927, 0000,  , EX, 49.0N,  17.0W,  45,  988,  120,  300,  180,    0,    0,    0,    0,    0,    0,    0,    0,    0, -999
20060927, 0600,  , EX, 51.3N,  13.3W,  45,  988,  120,  275,  150,    0,    0,    0,    0,    0,    0,    0,    0,    0, -999
20060927, 1200,  , EX, 53.9N,  10.1W,  40,  988,   90,  225,  150,    0,    0,    0,    0,    0,    0,    0,    0,    0, -999
20060927, 1800,  , EX, 56.3N,   7.6W,  40,  988,   90,  200,  150,    0,    0,    0,    0,    0,    0,    0,    0,    0, -999
AL102006,              ISAAC,     24,
20060927, 1800,  , TD, 26.1N,  52.6W,  30, 1012,    0,    0,    0,    0,    0,    0,    0,    0,    0,    0,    0,    0, -999
20060928, 0000,  , TD, 26.8N,  53.4W,  30, 1012,    0,    0,    0,    0,    0,    0,    0,    0,    0,    0,    0,    0, -999
20060928, 0600,  , TS, 27.4N,  54.0W,  35, 1008,  100,   75,    0,    0,    0,    0,    0,    0,    0,    0,    0,    0, -999
20060928, 1200,  , TS, 28.0N,  54.4W,  40, 1006,  100,   75,    0,    0,    0,    0,    0,    0,    0,    0,    0,    0, -999
20060928, 1800,  , TS, 28.6N,  54.6W,  40, 1006,  100,  100,    0,   45,    0,    0,    0,    0,    0,    0,    0,    0, -999
20060929, 0000,  , TS, 28.9N,  54.9W,  40, 1006,  110,  110,   45,   75,    0,    0,    0,    0,    0,    0,    0,    0, -999
20060929, 0600,  , TS, 29.0N,  55.4W,  40, 1006,  110,  110,   45,   75,    0,    0,    0,    0,    0,    0,    0,    0, -999
20060929, 1200,  , TS, 29.2N,  55.8W,  45, 1003,  110,  100,   60,   75,    0,    0,    0,    0,    0,    0,    0,    0, -999
20060929, 1800,  , TS, 29.5N,  56.5W,  50, 1000,  110,  100,   60,   75,   40,   40,    0,   40,    0,    0,    0,    0, -999
20060930, 0000,  , TS, 29.8N,  57.1W,  60,  997,  110,  100,   60,   75,   40,   40,    0,   40,    0,    0,    0,    0, -999
20060930, 0600,  , TS, 30.1N,  57.7W,  60,  995,  110,  100,   60,   75,   40,   40,    0,   40,    0,    0,    0,    0, -999
20060930, 1200,  , HU, 30.6N,  58.5W,  65,  992,  110,  100,   60,   80,   60,   45,   30,   40,   35,   30,    0,   30, -999
20060930, 1800,  , HU, 31.3N,  59.2W,  70,  989,  110,  100,   60,   80,   60,   45,   30,   40,   35,   30,    0,   30, -999
20061001, 0000,  , HU, 32.0N,  59.8W,  75,  987,  110,  110,   60,   80,   50,   40,   40,   40,   25,   25,   10,   25, -999
20061001, 0600,  , HU, 32.8N,  60.2W,  75,  985,  110,  110,   60,   80,   40,   40,   40,   40,   20,   20,   20,   20, -999
20061001, 1200,  , HU, 33.8N,  60.3W,  70,  986,  130,  130,   80,   80,   40,   40,   40,   40,   20,   20,   20,   20, -999
20061001, 1800,  , HU, 35.2N,  60.3W,  70,  987,  130,  130,   80,   80,   40,   40,   40,   40,   20,   20,   20,   20, -999
20061002, 0000,  , HU, 37.2N,  59.6W,  65,  988,  175,  150,   75,   75,   50,   40,   40,   40,   20,   20,   20,   20, -999
20061002, 0600,  , HU, 39.8N,  58.0W,  65,  989,  200,  200,   75,   75,   60,   50,   40,   40,   20,   20,    0,    0, -999
20061002, 1200,  , TS, 42.5N,  56.2W,  60,  990,  225,  200,   75,   75,   60,   60,   25,   25,    0,    0,    0,    0, -999
20061002, 1800,  , TS, 45.5N,  53.7W,  55,  995,  225,  175,   75,   75,   50,   50,    0,    0,    0,    0,    0,    0, -999
20061003, 0000,  , EX, 47.6N,  51.0W,  55,  996,  200,  150,   75,   75,   50,   50,    0,    0,    0,    0,    0,    0, -999
20061003, 0600,  , EX, 48.6N,  49.0W,  45,  998,  150,  125,   50,   50,    0,    0,    0,    0,    0,    0,    0,    0, -999
20061003, 1200,  , EX, 49.5N,  47.0W,  35, 1000,   90,   90,   25,   25,    0,    0,    0,    0,    0,    0,    0,    0, -999
