AL012025,             ANDREA,     15,
20250622, 0000,  , LO, 30.0N,  57.6W,  20, 1017,    0,    0,    0,    0,    0,    0,    0,    0,    0,    0,    0,    0,   30
20250622, 0600,  , LO, 30.5N,  57.6W,  20, 1017,    0,    0,    0,    0,    0,    0,    0,    0,    0,    0,    0,    0,   30
20250622, 1200,  , LO, 31.0N,  57.6W,  25, 1017,    0,    0,    0,    0,    0,    0,    0,    0,    0,    0,    0,    0,   30
20250622, 1800,  , LO, 31.5N,  57.4W,  25, 1017,    0,    0,    0,    0,    0,    0,    0,    0,    0,    0,    0,    0,   30
20250623, 0000,  , LO, 32.0N,  57.0W,  30, 1016,    0,    0,    0,    0,    0,    0,    0,    0,    0,    0,    0,    0,   30
20250623, 0600,  , TD, 32.6N,  56.3W,  30, 1015,    0,    0,    0,    0,    0,    0,    0,    0,    0,    0,    0,    0,   20
20250623, 1200,  , TS, 33.2N,  55.2W,  35, 1014,    0,   30,    0,    0,    0,    0,    0,    0,    0,    0,    0,    0,   20
20250623, 1800,  , TS, 33.9N,  54.2W,  35, 1014,    0,   30,    0,    0,    0,    0,    0,    0,    0,    0,    0,    0,   20
20250624, 0000,  , TS, 34.6N,  53.0W,  35, 1014,    0,   30,    0,    0,    0,    0,    0,    0,    0,    0,    0,    0,   20
20250624, 0600,  , TS, 35.4N,  51.5W,  35, 1014,   30,   30,    0,    0,    0,    0,    0,    0,    0,    0,    0,    0,   30
20250624, 1200,  , TS, 36.3N,  49.8W,  35, 1014,   30,   40,   30,    0,    0,    0,    0,    0,    0,    0,    0,    0,   30
20250624, 1800,  , LO, 37.3N,  48.2W,  35, 1014,   30,   40,   30,    0,    0,    0,    0,    0,    0,    0,    0,    0,   30
20250625, 0000,  , LO, 38.2N,  46.6W,  30, 1015,    0,    0,    0,    0,    0,    0,    0,    0,    0,    0,    0,    0,   40
20250625, 0600,  , LO, 38.8N,  44.7W,  30, 1015,    0,    0,    0,    0,    0,    0,    0,    0,    0,    0,    0,    0,   40
20250625, 1200,  , LO, 39.3N,  42.2W,  30, 1015,    0,    0,    0,    0,    0,    0,    0,    0,    0,    0,    0,    0,   40
AL022025,              BARRY,      8,
20250628, 1800,  , TD, 19.2N,  93.9W,  25, 1011,    0,    0,    0,    0,    0,    0,    0,    0,    0,    0,    0,    0,   50
20250629, 0000,  , TD, 19.5N,  94.7W,  25, 1011,    0,    0,    0,    0,    0,    0,    0,    0,    0,    0,    0,    0,   50
20250629, 0600,  , TD, 19.7N,  95.4W,  30, 1010,    0,    0,    0,    0,    0,    0,    0,    0,    0,    0,    0,    0,   50
20250629, 1200,  , TS, 20.1N,  96.0W,  35, 1008,   30,    0,    0,    0,    0,    0,    0,    0,    0,    0,    0,    0,   30
20250629, 1800,  , TS, 20.9N,  96.7W,  40, 1006,   40,   20,    0,    0,    0,    0,    0,    0,    0,    0,    0,    0,   20
20250630, 0000,  , TS, 21.7N,  97.4W,  35, 1008,   30,    0,    0,    0,    0,    0,    0,    0,    0,    0,    0,    0,   20
20250630, 0200, L, TD, 21.9N,  97.7W,  30, 1009,    0,    0,    0,    0,    0,    0,    0,    0,    0,    0,    0,    0,   20
20250630, 0600,  , TD, 22.3N,  98.2W,  25, 1009,    0,    0,    0,    0,    0,    0,    0,    0,    0,    0,    0,    0,   50
AL032025,            CHANTAL,     16,
20250704, 0600,  , LO, 30.0N,  79.6W,  25, 1012,    0,    0,    0,    0,    0,    0,    0,    0,    0,    0,    0,    0,   80
20250704, 1200,  , LO, 30.5N,  79.3W,  30, 1012,    0,    0,    0,    0,    0,    0,    0,    0,    0,    0,    0,    0,   70
20250704, 1800,  , TD, 30.7N,  79.1W,  30, 1011,    0,    0,    0,    0,    0,    0,    0,    0,    0,    0,    0,    0,   70
20250705, 0000,  , TD, 30.7N,  79.0W,  30, 1011,    0,    0,    0,    0,    0,    0,    0,    0,    0,    0,    0,    0,   60
20250705, 0600,  , TS, 30.8N,  78.9W,  35, 1010,   50,    0,    0,    0,    0,    0,    0,    0,    0,    0,    0,    0,   50
20250705, 1200,  , TS, 31.0N,  78.8W,  35, 1009,   60,   60,    0,    0,    0,    0,    0,    0,    0,    0,    0,    0,   40
20250705, 1800,  , TS, 31.6N,  78.6W,  40, 1006,   90,  120,    0,    0,    0,    0,    0,    0,    0,    0,    0,    0,   40
20250706, 0000,  , TS, 32.3N,  78.6W,  45, 1004,   90,  120,    0,   30,    0,    0,    0,    0,    0,    0,    0,    0,   40
20250706, 0600,  , TS, 33.3N,  78.9W,  50, 1002,  100,  110,    0,   40,   40,    0,    0,    0,    0,    0,    0,    0,   40
20250706, 0800, L, TS, 33.6N,  79.0W,  45, 1003,  100,  110,    0,   40,    0,    0,    0,    0,    0,    0,    0,    0,   40
20250706, 1200,  , TS, 33.9N,  79.1W,  35, 1005,    0,   70,    0,    0,    0,    0,    0,    0,    0,    0,    0,    0,   50
20250706, 1800,  , TD, 34.6N,  79.1W,  25, 1006,    0,    0,    0,    0,    0,    0,    0,    0,    0,    0,    0,    0,   60
20250707, 0000,  , TD, 35.5N,  78.9W,  25, 1006,    0,    0,    0,    0,    0,    0,    0,    0,    0,    0,    0,    0,   60
20250707, 0600,  , TD, 36.3N,  78.4W,  25, 1009,    0,    0,    0,    0,    0,    0,    0,    0,    0,    0,    0,    0,   60
20250707, 1200,  , LO, 37.2N,  77.0W,  25, 1011,    0,    0,    0,    0,    0,    0,    0,    0,    0,    0,    0,    0,   70
20250707, 1800,  , LO, 37.9N,  75.9W,  20, 1012,    0,    0,    0,    0,    0,    0,    0,    0,    0,    0,    0,    0,   70
AL042025,             DEXTER,     43,
20250802, 1800,  , EX, 33.2N,  75.6W,  30, 1013,    0,    0,    0,    0,    0,    0,    0,    0,    0,    0,    0,    0,   80
20250803, 0000,  , EX, 32.9N,  74.6W,  35, 1011,    0,    0,    0,   90,    0,    0,    0,    0,    0,    0,    0,    0,   70
20250803, 0600,  , EX, 33.1N,  73.5W,  35, 1010,    0,   50,    0,    0,    0,    0,    0,    0,    0,    0,    0,    0,   50
20250803, 1200,  , EX, 33.4N,  72.2W,  35, 1008,    0,   40,    0,    0,    0,    0,    0,    0,    0,    0,    0,    0,   40
20250803, 1800,  , TS, 33.7N,  71.0W,  35, 1007,   50,   60,    0,    0,    0,    0,    0,    0,    0,    0,    0,    0,   50
20250804, 0000,  , TS, 34.0N,  69.9W,  40, 1003,   70,  110,    0,   30,    0,    0,    0,    0,    0,    0,    0,    0,   90
20250804, 0600,  , TS, 34.4N,  68.8W,  40, 1003,   70,  100,    0,   30,    0,    0,    0,    0,    0,    0,    0,    0,   90
20250804, 1200,  , TS, 35.0N,  67.9W,  40, 1004,   70,   80,    0,    0,    0,    0,    0,    0,    0,    0,    0,    0,   60
20250804, 1800,  , TS, 35.7N,  66.9W,  40, 1005,   70,   80,    0,    0,    0,    0,    0,    0,    0,    0,    0,    0,   60
20250805, 0000,  , TS, 36.4N,  65.9W,  40, 1005,   70,  100,    0,    0,    0,    0,    0,    0,    0,    0,    0,    0,   60
20250805, 0600,  , TS, 37.0N,  64.9W,  35, 1008,   70,   80,    0,   40,    0,    0,    0,    0,    0,    0,    0,    0,   60
20250805, 1200,  , TS, 37.7N,  63.9W,  35, 1009,   60,   70,    0,   50,    0,    0,    0,    0,    0,    0,    0,    0,   45
20250805, 1800,  , TS, 38.2N,  62.8W,  35, 1009,   60,   70,    0,   50,    0,    0,    0,    0,    0,    0,    0,    0,   35
20250806, 0000,  , TS, 38.8N,  61.8W,  40, 1006,   70,   70,    0,   50,    0,    0,    0,    0,    0,    0,    0,    0,   35
20250806, 0600,  , TS, 39.3N,  60.5W,  45, 1003,  110,   70,   40,   60,    0,    0,    0,    0,    0,    0,    0,    0,   45
20250806, 1200,  , TS, 39.6N,  59.0W,  50,  999,  150,   70,   60,   80,  100,    0,    0,   40,    0,    0,    0,    0,   60
20250806, 1800,  , TS, 39.8N,  57.2W,  50,  999,  150,   90,   80,   90,   80,    0,    0,   70,    0,    0,    0,    0,   65
20250807, 0000,  , EX, 39.9N,  55.2W,  50,  999,  150,  120,   90,  100,   70,    0,    0,   70,    0,    0,    0,    0,   65
20250807, 0600,  , EX, 40.4N,  53.2W,  55,  998,  150,  120,  100,  110,    0,    0,    0,   60,    0,    0,    0,    0,   55
20250807, 1200,  , EX, 40.9N,  51.3W,  60,  997,  160,  130,  110,  110,   50,    0,   40,   40,    0,    0,    0,    0,   45
20250807, 1800,  , EX, 41.4N,  48.9W,  60,  996,  160,  170,  120,  130,   50,    0,   40,   50,    0,    0,    0,    0,   40
20250808, 0000,  , EX, 42.3N,  46.5W,  65,  994,  160,  210,  130,  150,   60,    0,    0,   60,    0,    0,    0,   50,   40
20250808, 0600,  , EX, 43.6N,  45.0W,  70,  989,  140,  200,  150,  130,   70,   70,   70,   70,    0,    0,   50,   50,   40
20250808, 1200,  , EX, 44.7N,  43.5W,  70,  988,  130,  190,  180,  120,   80,   90,   90,   80,    0,    0,   50,    0,   45
20250808, 1800,  , EX, 45.2N,  41.6W,  60,  991,  120,  200,  200,  130,    0,   90,   90,    0,    0,    0,    0,    0,   55
20250809, 0000,  , EX, 45.4N,  39.2W,  50,  994,    0,  210,  220,  160,    0,   90,  100,    0,    0,    0,    0,    0,   60
20250809, 0600,  , EX, 45.7N,  36.7W,  45,  997,    0,  190,  190,    0,    0,    0,    0,    0,    0,    0,    0,    0,   70
20250809, 1200,  , EX, 45.9N,  34.1W,  40, 1000,    0,  170,  160,    0,    0,    0,    0,    0,    0,    0,    0,    0,   75
20250809, 1800,  , EX, 46.4N,  31.5W,  35, 1002,    0,  150,  140,    0,    0,    0,    0,    0,    0,    0,    0,    0,   85
20250810, 0000,  , EX, 46.9N,  29.4W,  30, 1004,    0,    0,    0,    0,    0,    0,    0,    0,    0,    0,    0,    0,  100
20250810, 0600,  , EX, 47.3N,  27.5W,  30, 1005,    0,    0,    0,    0,    0,    0,    0,    0,    0,    0,    0,    0,  110
20250810, 1200,  , EX, 47.6N,  25.9W,  30, 1007,    0,    0,    0,    0,    0,    0,    0,    0,    0,    0,    0,    0,  120
20250810, 1800,  , EX, 47.9N,  24.5W,  30, 1008,    0,    0,    0,    0,    0,    0,    0,    0,    0,    0,    0,    0,  120
20250811, 0000,  , EX, 48.1N,  23.1W,  30, 1008,    0,    0,    0,    0,    0,    0,    0,    0,    0,    0,    0,    0,  120
20250811, 0600,  , EX, 48.3N,  21.8W,  30, 1008,    0,    0,    0,    0,    0,    0,    0,    0,    0,    0,    0,    0,  120
20250811, 1200,  , EX, 48.5N,  20.5W,  25, 1009,    0,    0,    0,    0,    0,    0,    0,    0,    0,    0,    0,    0,  115
20250811, 1800,  , EX, 48.6N,  19.3W,  25, 1009,    0,    0,    0,    0,    0,    0,    0,    0,    0,    0,    0,    0,  115
20250812, 0000,  , EX, 48.7N,  18.1W,  25, 1009,    0,    0,    0,    0,    0,    0,    0,    0,    0,    0,    0,    0,  110
20250812, 0600,  , EX, 48.6N,  17.0W,  25, 1008,    0,    0,    0,    0,    0,    0,    0,    0,    0,    0,    0,    0,  105
20250812, 1200,  , EX, 48.5N,  16.0W,  25, 1008,    0,    0,    0,    0,    0,    0,    0,    0,    0,    0,    0,    0,  105
20250812, 1800,  , EX, 48.7N,  14.8W,  25, 1008,    0,    0,    0,    0,    0,    0,    0,    0,    0,    0,    0,    0,  105
20250813, 0000,  , EX, 49.0N,  13.6W,  25, 1008,    0,    0,    0,    0,    0,    0,    0,    0,    0,    0,    0,    0,  105
20250813, 0600,  , EX, 49.4N,  12.2W,  25, 1008,    0,    0,    0,    0,    0,    0,    0,    0,    0,    0,    0,    0,  105
AL052025,               ERIN,     68,
20250811, 0000,  , TD, 16.5N,  23.1W,  30, 1007,    0,    0,    0,    0,    0,    0,    0,    0,    0,    0,    0,    0,   40
20250811, 0600, L, TS, 17.2N,  25.2W,  35, 1006,    0,    0,    0,   30,    0,    0,    0,    0,    0,    0,    0,    0,   30
20250811, 1200,  , TS, 17.3N,  27.3W,  40, 1004,   20,    0,    0,   30,    0,    0,    0,    0,    0,    0,    0,    0,   20
20250811, 1800,  , TS, 17.4N,  29.3W,  40, 1004,   20,    0,    0,   30,    0,    0,    0,    0,    0,    0,    0,    0,   20
20250812, 0000,  , TS, 17.5N,  31.3W,  40, 1004,   40,    0,    0,   40,    0,    0,    0,    0,    0,    0,    0,    0,   20
20250812, 0600,  , TS, 17.5N,  33.3W,  40, 1004,   40,    0,    0,   40,    0,    0,    0,    0,    0,    0,    0,    0,   20
20250812, 1200,  , TS, 17.3N,  35.4W,  40, 1004,   20,    0,    0,   30,    0,    0,    0,    0,    0,    0,    0,    0,   15
20250812, 1800,  , TS, 17.1N,  37.4W,  40, 1004,   20,    0,    0,   30,    0,    0,    0,    0,    0,    0,    0,    0,   15
20250813, 0000,  , TS, 16.8N,  39.3W,  40, 1004,   50,    0,    0,   50,    0,    0,    0,    0,    0,    0,    0,    0,   15
20250813, 0600,  , TS, 16.6N,  41.0W,  40, 1004,   50,    0,    0,   50,    0,    0,    0,    0,    0,    0,    0,    0,   15
20250813, 1200,  , TS, 16.4N,  42.7W,  45, 1002,   50,    0,    0,   50,    0,    0,    0,    0,    0,    0,    0,    0,   15
20250813, 1800,  , TS, 16.3N,  44.3W,  45, 1002,   50,    0,    0,   50,    0,    0,    0,    0,    0,    0,    0,    0,   15
20250814, 0000,  , TS, 16.3N,  45.9W,  45, 1002,   40,    0,    0,   50,    0,    0,    0,    0,    0,    0,    0,    0,   15
20250814, 0600,  , TS, 16.3N,  47.5W,  45, 1002,   40,    0,    0,   50,    0,    0,    0,    0,    0,    0,    0,    0,   15
20250814, 1200,  , TS, 16.3N,  48.9W,  50,  999,   40,   20,   20,   50,   15,    0,    0,    0,    0,    0,    0,    0,   15
20250814, 1800,  , TS, 16.6N,  50.4W,  55,  998,   40,   20,   20,   50,   15,    0,    0,    0,    0,    0,    0,    0,   15
20250815, 0000,  , TS, 16.9N,  51.9W,  60,  997,   60,   40,   20,   50,   20,   15,    0,    0,    0,    0,    0,    0,   15
20250815, 0600,  , TS, 17.4N,  53.5W,  60,  997,   70,   40,   20,   50,   20,   15,    0,    0,    0,    0,    0,    0,   15
20250815, 1200,  , HU, 18.0N,  55.2W,  65,  996,  100,   50,   20,   90,   40,   30,    0,   40,   20,    0,    0,    0,   15
20250815, 1800,  , HU, 18.7N,  56.8W,  65,  993,  100,   50,   20,   90,   40,   30,    0,   40,   20,    0,    0,    0,   15
20250816, 0000,  , HU, 19.4N,  58.5W,  75,  981,  110,   50,   30,  100,   40,   30,   15,   40,   25,    0,    0,   20,   15
20250816, 0600,  , HU, 19.6N,  60.4W,  95,  967,  110,   50,   30,  100,   40,   30,   20,   40,   25,   15,   15,   20,   10
20250816, 1200,  , HU, 19.6N,  62.1W, 130,  934,  120,   50,   40,  110,   40,   30,   20,   40,   25,   15,   15,   20,    5
20250816, 1800,  , HU, 19.8N,  63.4W, 140,  913,  160,  110,   40,  120,   50,   30,   20,   40,   25,   20,   15,   20,    5
20250817, 0000,  , HU, 20.0N,  64.6W, 125,  934,  180,  110,   40,  150,   70,   30,   20,   50,   20,   20,   15,   20,    5
20250817, 0600,  , HU, 20.3N,  65.8W, 110,  940,  180,  110,   70,  150,   70,   60,   30,   50,   20,   20,   15,   20,    5
20250817, 1200,  , HU, 20.7N,  67.0W, 110,  940,  180,  140,   90,  150,   70,   60,   40,   50,   45,   30,   15,   20,    5
20250817, 1800,  , HU, 21.5N,  68.0W, 110,  946,  180,  140,   90,  150,   70,   60,   40,   50,   45,   30,   15,   20,   20
20250818, 0000,  , HU, 22.0N,  68.9W, 110,  946,  200,  170,  100,  170,   90,   80,   40,   50,   50,   40,   20,   25,   20
20250818, 0600,  , HU, 22.5N,  69.7W, 115,  945,  200,  200,  120,  170,  110,  110,   60,   70,   70,   60,   40,   40,   20
20250818, 1200,  , HU, 22.9N,  70.5W, 120,  935,  200,  200,  140,  170,  110,  110,   70,   70,   70,   60,   40,   40,   20
20250818, 1800,  , HU, 23.5N,  71.0W, 115,  937,  200,  200,  140,  170,  110,  110,   70,   70,   70,   60,   40,   40,   20
20250819, 0000,  , HU, 24.0N,  71.4W, 100,  947,  200,  200,  140,  170,  110,  110,   70,   80,   70,   60,   40,   40,   20
20250819, 0600,  , HU, 24.5N,  71.8W,  90,  955,  200,  200,  150,  160,  110,  110,   70,   90,   70,   60,   40,   40,   25
20250819, 1200,  , HU, 25.2N,  72.1W,  85,  958,  180,  220,  150,  160,  110,  110,   70,   90,   70,   60,   40,   40,   20
20250819, 1800,  , HU, 26.1N,  72.5W,  85,  958,  180,  220,  150,  160,  110,  110,   70,   90,   70,   60,   40,   40,   20
20250820, 0000,  , HU, 27.2N,  72.8W,  85,  959,  220,  230,  150,  160,  140,  140,   70,   90,   80,   70,   40,   50,   25
20250820, 0600,  , HU, 28.3N,  73.2W,  90,  954,  220,  230,  150,  160,  140,  140,   70,   90,   80,   70,   40,   50,   30
20250820, 1200,  , HU, 29.5N,  73.7W,  95,  943,  220,  230,  180,  180,  140,  140,   70,   90,   80,   90,   40,   50,   40
20250820, 1800,  , HU, 30.7N,  73.6W,  95,  942,  220,  230,  180,  180,  140,  140,  100,  100,   80,   90,   50,   50,   40
20250821, 0000,  , HU, 32.1N,  73.3W,  95,  941,  220,  260,  200,  200,  140,  160,  100,   90,   80,   90,   70,   60,   40
20250821, 0600,  , HU, 33.6N,  72.6W,  90,  945,  220,  280,  200,  200,  140,  160,  100,   90,   80,   90,   70,   60,   50
20250821, 1200,  , HU, 34.9N,  71.7W,  90,  949,  220,  280,  220,  200,  140,  160,  100,   90,   80,   90,   70,   60,   60
20250821, 1800,  , HU, 35.9N,  70.1W,  85,  952,  240,  300,  240,  240,  140,  170,  130,  120,   80,  100,   80,   70,   70
20250822, 0000,  , HU, 36.9N,  68.4W,  85,  954,  270,  320,  270,  290,  140,  180,  130,  140,   70,  110,   80,   80,   80
20250822, 0600,  , HU, 37.9N,  66.5W,  80,  956,  280,  320,  270,  280,  140,  180,  130,  150,   70,  110,   80,   80,   80
20250822, 1200,  , HU, 38.5N,  64.6W,  80,  956,  380,  330,  270,  280,  180,  190,  180,  150,   90,  110,  100,  100,   80
20250822, 1800,  , EX, 39.4N,  61.4W,  80,  957,  380,  330,  270,  280,  180,  190,  180,  150,   90,  110,  110,  100,   90
20250823, 0000,  , EX, 40.4N,  58.1W,  80,  957,  360,  370,  320,  310,  240,  230,  200,  150,   90,  110,  110,   90,   90
20250823, 0600,  , EX, 41.3N,  54.7W,  75,  962,  360,  370,  320,  310,  240,  230,  200,  150,   90,  110,  110,   90,   90
20250823, 1200,  , EX, 42.0N,  50.5W,  75,  962,  360,  370,  320,  310,  240,  230,  200,  150,   90,  110,  110,   90,   90
20250823, 1800,  , EX, 43.0N,  45.0W,  70,  962,  360,  370,  320,  310,  240,  230,  200,  150,   90,  110,  110,   90,   90
20250824, 0000,  , EX, 45.5N,  40.5W,  70,  961,  300,  390,  450,  290,  210,  220,  200,  150,   70,  110,  110,   80,   90
20250824, 0600,  , EX, 48.0N,  35.3W,  70,  960,  300,  390,  450,  290,  210,  220,  200,  130,   70,  100,  110,   80,   90
20250824, 1200,  , EX, 50.8N,  30.9W,  80,  952,  330,  420,  490,  300,  210,  270,  290,  180,    0,  160,  160,    0,  120
20250824, 1800,  , EX, 52.6N,  28.2W,  80,  952,  350,  420,  470,  330,  200,  270,  290,  160,    0,  160,  160,    0,  150
20250825, 0000,  , EX, 53.7N,  26.4W,  70,  954,  350,  420,  460,  370,  200,  270,  280,  160,    0,  160,  160,    0,  150
20250825, 0600,  , EX, 54.9N,  23.9W,  60,  955,  330,  420,  460,  350,  180,  270,  270,    0,    0,    0,    0,    0,  180
20250825, 1200,  , EX, 56.1N,  22.1W,  55,  957,  330,  420,  460,  350,  180,  270,  270,    0,    0,    0,    0,    0,  180
20250825, 1800,  , EX, 57.3N,  21.3W,  50,  958,  330,  420,  460,  350,  180,  270,  270,    0,    0,    0,    0,    0,  180
20250826, 0000,  , EX, 58.3N,  20.9W,  45,  961,  330,  490,  490,  350,    0,    0,    0,    0,    0,    0,    0,    0,  210
20250826, 0600,  , EX, 59.3N,  20.6W,  45,  962,  240,  390,  490,  270,    0,    0,    0,    0,    0,    0,    0,    0,  210
20250826, 1200,  , EX, 59.9N,  21.6W,  45,  963,  240,  270,  500,    0,    0,    0,    0,    0,    0,    0,    0,    0,  210
20250826, 1800,  , EX, 60.3N,  22.5W,  45,  963,  240,  270,  500,    0,    0,    0,    0,    0,    0,    0,    0,    0,  210
20250827, 0000,  , EX, 60.0N,  23.3W,  45,  968,    0,    0,  470,    0,    0,    0,    0,    0,    0,    0,    0,    0,  210
20250827, 0600,  , EX, 59.3N,  22.7W,  40,  975,    0,    0,  470,    0,    0,    0,    0,    0,    0,    0,    0,    0,  210
20250827, 1200,  , EX, 58.6N,  20.9W,  40,  980,    0,    0,  400,    0,    0,    0,    0,    0,    0,    0,    0,    0,  210
20250827, 1800,  , EX, 58.0N,  19.0W,  40,  985,    0,    0,  400,    0,    0,    0,    0,    0,    0,    0,    0,    0,  210
AL062025,            FERNAND,     21,
20250823, 1800,  , TS, 26.6N,  61.7W,  35, 1010,    0,   90,    0,    0,    0,    0,    0,    0,    0,    0,    0,    0,   90
20250824, 0000,  , TS, 28.0N,  61.3W,  35, 1009,    0,   80,    0,    0,    0,    0,    0,    0,    0,    0,    0,    0,   90
20250824, 0600,  , TS, 29.2N,  60.9W,  35, 1009,    0,   70,    0,    0,    0,    0,    0,    0,    0,    0,    0,    0,   60
20250824, 1200,  , TS, 30.3N,  60.4W,  35, 1009,   30,   50,    0,    0,    0,    0,    0,    0,    0,    0,    0,    0,   40
20250824, 1800,  , TS, 31.3N,  60.0W,  40, 1006,   30,   50,    0,    0,    0,    0,    0,    0,    0,    0,    0,    0,   40
20250825, 0000,  , TS, 32.1N,  59.6W,  45, 1005,   40,   50,    0,    0,    0,    0,    0,    0,    0,    0,    0,    0,   40
20250825, 0600,  , TS, 33.0N,  59.0W,  45, 1004,   50,   60,   40,    0,    0,    0,    0,    0,    0,    0,    0,    0,   40
20250825, 1200,  , TS, 33.8N,  58.4W,  50,  999,   70,   70,   60,    0,   30,   30,    0,    0,    0,    0,    0,    0,   30
20250825, 1800,  , TS, 34.8N,  57.6W,  50,  999,   70,   70,   60,    0,   30,   30,    0,    0,    0,    0,    0,    0,   30
20250826, 0000,  , TS, 35.6N,  56.8W,  45, 1002,   70,   70,   60,    0,    0,    0,    0,    0,    0,    0,    0,    0,   40
20250826, 0600,  , TS, 36.4N,  55.9W,  40, 1005,   70,   70,   50,    0,    0,    0,    0,    0,    0,    0,    0,    0,   40
20250826, 1200,  , TS, 37.3N,  55.1W,  35, 1006,   80,   80,    0,    0,    0,    0,    0,    0,    0,    0,    0,    0,   40
20250826, 1800,  , TS, 37.8N,  54.0W,  35, 1004,   80,   80,    0,    0,    0,    0,    0,    0,    0,    0,    0,    0,   40
20250827, 0000,  , TS, 38.2N,  52.7W,  40, 1002,   70,   90,   50,    0,    0,    0,    0,    0,    0,    0,    0,    0,   40
20250827, 0600,  , TS, 38.3N,  51.4W,  45, 1000,   70,   90,   80,    0,    0,    0,    0,    0,    0,    0,    0,    0,   40
20250827, 1200,  , TS, 38.2N,  50.3W,  45, 1000,   80,  100,   80,    0,    0,    0,    0,    0,    0,    0,    0,    0,   40
20250827, 1800,  , LO, 38.9N,  48.4W,  45, 1000,   80,  100,   80,    0,    0,    0,    0,    0,    0,    0,    0,    0,   40
20250828, 0000,  , LO, 39.7N,  46.3W,  45, 1002,    0,   80,   80,    0,    0,    0,    0,    0,    0,    0,    0,    0,   60
20250828, 0600,  , LO, 40.6N,  44.2W,  40, 1006,    0,   70,   50,    0,    0,    0,    0,    0,    0,    0,    0,    0,   60
20250828, 1200,  , LO, 41.8N,  42.0W,  35, 1007,    0,   70,   40,    0,    0,    0,    0,    0,    0,    0,    0,    0,   60
20250828, 1800,  , LO, 43.0N,  39.1W,  35, 1008,    0,   70,   30,    0,    0,    0,    0,    0,    0,    0,    0,    0,   60
AL072025,          GABRIELLE,     45,
20250917, 1800,  , TS, 19.0N,  47.7W,  45, 1005,  210,  180,    0,  100,    0,    0,    0,    0,    0,    0,    0,    0,  130
20250918, 0000,  , TS, 19.3N,  48.9W,  45, 1004,  210,  180,   30,  150,    0,    0,    0,    0,    0,    0,    0,    0,  130
20250918, 0600,  , TS, 19.6N,  50.0W,  45, 1004,  250,  180,   30,  150,    0,    0,    0,    0,    0,    0,    0,    0,  130
20250918, 1200,  , TS, 20.0N,  51.2W,  45, 1004,  250,  180,    0,  120,    0,    0,    0,    0,    0,    0,    0,    0,  150
20250918, 1800,  , TS, 20.5N,  52.2W,  45, 1004,  180,  150,    0,   90,    0,    0,    0,    0,    0,    0,    0,    0,  150
20250919, 0000,  , TS, 21.0N,  53.1W,  45, 1004,  130,  100,    0,   70,    0,    0,    0,    0,    0,    0,    0,    0,  130
20250919, 0600,  , TS, 21.4N,  54.1W,  45, 1004,  130,  100,    0,   70,    0,    0,    0,    0,    0,    0,    0,    0,  130
20250919, 1200,  , TS, 21.7N,  55.1W,  45, 1004,  130,  100,    0,   70,    0,    0,    0,    0,    0,    0,    0,    0,  130
20250919, 1800,  , TS, 22.1N,  56.1W,  45, 1004,  130,  100,    0,   70,    0,    0,    0,    0,    0,    0,    0,    0,  120
20250920, 0000,  , TS, 22.9N,  57.0W,  45, 1004,  120,  110,    0,    0,    0,    0,    0,    0,    0,    0,    0,    0,   70
20250920, 0600,  , TS, 23.9N,  57.7W,  45, 1004,  120,  110,    0,    0,    0,    0,    0,    0,    0,    0,    0,    0,   40
20250920, 1200,  , TS, 24.6N,  58.3W,  50, 1001,  120,  110,    0,    0,   10,    0,    0,    0,    0,    0,    0,    0,   10
20250920, 1800,  , TS, 25.2N,  58.6W,  55,  996,  120,  110,   30,   50,   10,    0,    0,   10,    0,    0,    0,    0,   10
20250921, 0000,  , TS, 25.9N,  59.0W,  55,  996,  120,  110,   30,   50,   15,    0,    0,   10,    0,    0,    0,    0,   15
20250921, 0600,  , TS, 26.6N,  59.8W,  55,  995,  120,  110,   30,   50,   30,   20,    0,   20,    0,    0,    0,    0,   20
20250921, 1200,  , TS, 27.3N,  60.7W,  60,  995,  120,  110,   50,   60,   40,   30,   30,   30,    0,    0,    0,    0,   25
20250921, 1800,  , HU, 28.1N,  61.5W,  65,  993,  120,  120,   50,   60,   40,   30,   30,   30,   20,    0,    0,    0,   20
20250922, 0000,  , HU, 28.9N,  62.1W,  70,  985,  120,  120,   50,   60,   40,   30,   30,   30,   20,   20,    0,    0,   15
20250922, 0600,  , HU, 29.6N,  62.5W,  80,  977,  120,  120,   50,   60,   40,   40,   30,   30,   20,   20,   10,   15,   10
20250922, 1200,  , HU, 30.4N,  62.5W, 100,  958,  120,  120,   50,   60,   50,   50,   30,   30,   25,   20,   15,   15,   10
20250922, 1800,  , HU, 31.3N,  62.1W, 115,  951,  120,  120,   60,   60,   60,   60,   40,   40,   35,   30,   25,   25,   10
20250923, 0000,  , HU, 32.1N,  61.4W, 120,  944,  120,  120,   60,   60,   60,   60,   40,   40,   35,   30,   25,   25,   10
20250923, 0600,  , HU, 32.8N,  60.4W, 120,  945,  120,  120,   60,   60,   60,   60,   40,   40,   35,   30,   25,   25,   10
20250923, 1200,  , HU, 33.5N,  59.2W, 120,  946,  100,  120,   90,   60,   50,   80,   50,   40,   35,   40,   30,   30,   10
20250923, 1800,  , HU, 34.3N,  57.4W, 115,  947,  100,  120,  100,   60,   50,   80,   50,   40,   35,   40,   30,   30,   10
20250924, 0000,  , HU, 34.9N,  55.2W, 110,  953,  100,  120,  100,   60,   50,   80,   50,   40,   35,   40,   30,   30,   10
20250924, 0600,  , HU, 35.4N,  52.8W, 100,  958,  100,  120,  110,   70,   50,   80,   60,   40,   35,   40,   30,   30,   10
20250924, 1200,  , HU, 35.8N,  50.2W,  90,  965,   90,  130,  120,   70,   50,   80,   60,   40,   30,   40,   30,   30,   10
20250924, 1800,  , HU, 35.9N,  47.2W,  85,  970,   90,  140,  130,   70,   50,   80,   70,   40,   30,   40,   30,   20,   10
20250925, 0000,  , HU, 35.9N,  44.0W,  75,  974,   80,  160,  170,   70,   40,   80,   80,   40,    0,   50,   50,    0,   10
20250925, 0600,  , HU, 36.1N,  40.2W,  70,  976,   80,  160,  170,   70,   40,   80,   80,   40,    0,   50,   50,    0,   20
20250925, 1200,  , HU, 36.4N,  36.7W,  65,  979,   70,  160,  150,   60,    0,   50,   30,    0,    0,   30,   20,    0,   30
20250925, 1800,  , EX, 36.8N,  33.6W,  60,  982,   90,  160,  150,   60,    0,   50,   30,    0,    0,    0,    0,    0,   50
20250926, 0000,  , EX, 37.6N,  30.6W,  55,  983,  120,  140,  130,   60,    0,   70,    0,    0,    0,    0,    0,    0,   70
20250926, 0600,  , EX, 38.6N,  27.5W,  55,  984,  120,  140,  130,   60,    0,   70,    0,    0,    0,    0,    0,    0,   70
20250926, 1200,  , EX, 39.6N,  24.2W,  55,  986,  120,  140,  130,  150,    0,   70,   60,   40,    0,    0,    0,    0,   60
20250926, 1800,  , EX, 40.4N,  21.4W,  60,  985,  140,  160,  130,  150,    0,   70,   70,   60,    0,    0,    0,    0,   60
20250927, 0000,  , EX, 41.0N,  18.5W,  65,  984,  180,  160,  150,  150,    0,   90,   80,   80,    0,    0,   60,    0,   60
20250927, 0600,  , EX, 41.4N,  15.7W,  60,  988,  170,  160,  180,  180,    0,   80,  120,   80,    0,    0,    0,    0,   80
20250927, 1200,  , EX, 41.8N,  13.1W,  50,  992,  150,  170,  220,  220,    0,    0,  150,   90,    0,    0,    0,    0,   90
20250927, 1800,  , EX, 41.4N,  11.2W,  50,  993,  100,  130,  220,  210,    0,    0,   90,   90,    0,    0,    0,    0,   90
20250928, 0000,  , EX, 41.0N,   9.5W,  45,  994,   60,   80,  220,  200,    0,    0,    0,    0,    0,    0,    0,    0,  100
20250928, 0600,  , EX, 40.4N,   8.1W,  40, 1005,    0,    0,  210,    0,    0,    0,    0,    0,    0,    0,    0,    0,  180
20250928, 1200,  , EX, 39.5N,   7.4W,  35, 1010,    0,    0,  180,    0,    0,    0,    0,    0,    0,    0,    0,    0,  180
20250928, 1800,  , EX, 38.5N,   6.5W,  25, 1012,    0,    0,    0,    0,    0,    0,    0,    0,    0,    0,    0,    0,  180
AL082025,           HUMBERTO,     29,
20250924, 1200,  , TS, 19.1N,  53.6W,  35, 1008,   60,   60,    0,    0,    0,    0,    0,    0,    0,    0,    0,    0,   60
20250924, 1800,  , TS, 19.8N,  54.5W,  35, 1008,   60,   60,    0,    0,    0,    0,    0,    0,    0,    0,    0,    0,   50
20250925, 0000,  , TS, 20.4N,  55.4W,  40, 1007,   90,   90,    0,   40,    0,    0,    0,    0,    0,    0,    0,    0,   50
20250925, 0600,  , TS, 20.9N,  56.2W,  45, 1006,   90,   90,    0,   50,    0,    0,    0,    0,    0,    0,    0,    0,   50
20250925, 1200,  , TS, 21.3N,  56.5W,  50, 1002,   80,   80,    0,   60,   35,    0,    0,   30,    0,    0,    0,    0,   35
20250925, 1800,  , TS, 21.5N,  56.7W,  55,  998,   80,   60,   40,   70,   30,    0,    0,   30,    0,    0,    0,    0,   30
20250926, 0000,  , TS, 21.7N,  56.9W,  60,  993,   80,   60,   60,   90,   30,   25,    0,   30,    0,    0,    0,    0,   20
20250926, 0600,  , HU, 21.9N,  57.0W,  70,  984,   80,   60,   60,   90,   30,   25,   20,   35,   15,    0,    0,   15,   15
20250926, 1200,  , HU, 22.1N,  57.4W,  80,  978,   80,   60,   60,   80,   30,   30,   25,   40,   15,    0,   15,   15,   15
20250926, 1800,  , HU, 22.2N,  57.8W,  95,  966,   90,   70,   60,   80,   40,   30,   25,   40,   20,   15,   15,   20,   10
20250927, 0000,  , HU, 22.1N,  58.4W, 115,  949,  110,   80,   70,   80,   40,   30,   30,   40,   20,   15,   15,   20,   10
20250927, 0600,  , HU, 22.2N,  58.9W, 125,  938,  110,   80,   70,   90,   40,   30,   30,   40,   20,   15,   15,   20,   10
20250927, 1200,  , HU, 22.5N,  59.7W, 130,  932,  120,  100,   70,  100,   40,   30,   30,   40,   25,   20,   15,   20,    5
20250927, 1800,  , HU, 22.7N,  60.7W, 140,  919,  120,  110,   80,  100,   50,   40,   40,   50,   30,   20,   20,   25,    5
20250928, 0000,  , HU, 23.1N,  61.6W, 140,  918,  120,  120,   90,  100,   60,   50,   40,   50,   30,   25,   20,   25,    5
20250928, 0600,  , HU, 23.7N,  62.7W, 135,  921,  130,  120,   90,  110,   60,   50,   40,   50,   35,   30,   20,   25,    5
20250928, 1200,  , HU, 24.2N,  63.8W, 125,  926,  150,  130,   90,  120,   70,   60,   40,   60,   40,   35,   25,   30,    5
20250928, 1800,  , HU, 25.1N,  64.8W, 125,  926,  160,  130,   90,  130,   80,   60,   50,   60,   45,   40,   30,   35,   10
20250929, 0000,  , HU, 25.8N,  65.8W, 120,  928,  160,  130,  100,  130,   80,   70,   50,   60,   55,   45,   35,   40,   20
20250929, 0600,  , HU, 26.7N,  66.6W, 120,  933,  160,  130,  100,  130,   80,   70,   50,   70,   55,   50,   35,   40,   20
20250929, 1200,  , HU, 27.5N,  67.3W, 125,  938,  160,  140,  100,  140,   90,   80,   50,   70,   65,   50,   35,   40,   20
20250929, 1800,  , HU, 28.5N,  67.9W, 115,  948,  160,  150,  110,  140,   90,   80,   50,   70,   65,   45,   30,   40,   20
20250930, 0000,  , HU, 29.5N,  68.6W, 100,  961,  160,  180,  120,  130,   90,   80,   50,   70,   60,   35,   20,   40,   20
20250930, 0600,  , HU, 31.0N,  69.4W,  90,  967,  160,  190,  110,  120,   90,   80,   40,   60,   55,   35,    0,   35,   25
20250930, 1200,  , HU, 32.5N,  69.8W,  70,  977,  190,  220,   80,  120,   90,   80,    0,   50,   50,   35,    0,   30,   30
20250930, 1800,  , HU, 33.5N,  69.9W,  70,  979,  210,  220,   80,  160,   90,   80,    0,   50,   45,   35,    0,   35,   35
20251001, 0000,  , HU, 34.6N,  69.0W,  70,  979,  230,  230,   90,  220,   90,   80,   40,   60,   35,    0,    0,   35,   30
20251001, 0600,  , HU, 35.7N,  67.5W,  70,  979,  260,  230,  130,  240,   90,   80,   50,   60,   30,    0,    0,   35,   30
20251001, 1200,  , EX, 36.1N,  65.5W,  65,  981,  290,  230,  180,  260,  100,   70,   50,   60,    0,    0,    0,   30,   30
AL092025,             IMELDA,     38,
20250926, 1800,  , DB, 20.9N,  74.9W,  30, 1008,    0,    0,    0,    0,    0,    0,    0,    0,    0,    0,    0,    0,   90
20250927, 0000,  , DB, 21.3N,  75.5W,  30, 1006,    0,    0,    0,    0,    0,    0,    0,    0,    0,    0,    0,    0,   90
20250927, 0600,  , DB, 21.6N,  75.8W,  30, 1006,    0,    0,    0,    0,    0,    0,    0,    0,    0,    0,    0,    0,   90
20250927, 1200,  , DB, 21.9N,  76.1W,  30, 1005,    0,    0,    0,    0,    0,    0,    0,    0,    0,    0,    0,    0,   80
20250927, 1800,  , DB, 22.1N,  76.4W,  30, 1005,    0,    0,    0,    0,    0,    0,    0,    0,    0,    0,    0,    0,   70
20250928, 0000,  , TD, 22.4N,  76.7W,  30, 1004,    0,    0,    0,    0,    0,    0,    0,    0,    0,    0,    0,    0,   50
20250928, 0600,  , TD, 22.7N,  77.1W,  30, 1003,    0,    0,    0,    0,    0,    0,    0,    0,    0,    0,    0,    0,   40
20250928, 1200,  , TD, 23.1N,  77.4W,  30, 1001,    0,    0,    0,    0,    0,    0,    0,    0,    0,    0,    0,    0,   40
20250928, 1800,  , TS, 23.8N,  77.3W,  35,  998,  120,  100,    0,    0,    0,    0,    0,    0,    0,    0,    0,    0,   40
20250929, 0000,  , TS, 24.6N,  77.1W,  35,  997,  150,  150,    0,    0,    0,    0,    0,    0,    0,    0,    0,    0,   40
20250929, 0600,  , TS, 25.3N,  77.1W,  40,  995,  150,  150,    0,    0,    0,    0,    0,    0,    0,    0,    0,    0,   30
20250929, 1200, L, TS, 26.4N,  77.1W,  45,  989,  150,  140,   40,   90,    0,    0,    0,    0,    0,    0,    0,    0,   30
20250929, 1800,  , TS, 27.3N,  77.3W,  50,  987,  150,  120,   70,  150,   40,    0,    0,   60,    0,    0,    0,    0,   30
20250930, 0000,  , TS, 28.0N,  77.3W,  55,  985,  140,  100,  100,  160,   40,   50,   50,   80,    0,    0,    0,    0,   40
20250930, 0600,  , TS, 28.6N,  77.2W,  55,  983,  140,  100,  100,  160,   50,   50,   60,   80,    0,    0,    0,    0,   40
20250930, 1200,  , HU, 28.9N,  76.9W,  65,  981,  130,  140,  100,  160,   50,   60,   70,   80,   30,   40,   50,    0,   40
20250930, 1800,  , HU, 29.2N,  76.0W,  70,  979,  120,  150,  100,  140,   50,   60,   70,   80,   30,   40,   50,    0,   35
20251001, 0000,  , HU, 29.4N,  74.8W,  70,  977,  150,  190,  120,  150,   50,   70,   60,   70,   30,   50,   40,   40,   30
20251001, 0600,  , HU, 29.9N,  73.1W,  75,  973,  150,  200,  120,  160,   60,   70,   60,   80,   30,   50,   40,   40,   25
20251001, 1200,  , HU, 30.7N,  71.4W,  80,  968,  150,  210,  120,  160,   60,   70,   60,   80,   20,   40,   40,   40,   25
20251001, 1800,  , HU, 31.2N,  69.2W,  80,  966,  160,  220,  100,  170,   60,   60,   60,   70,    0,   30,   40,   40,   20
20251002, 0000,  , HU, 31.8N,  66.4W,  80,  971,  180,  220,  150,  240,   40,   90,   70,   70,    0,    0,   40,   40,   20
20251002, 0600,  , HU, 32.6N,  63.2W,  80,  974,  270,  220,  200,  300,   20,   90,   70,   60,    0,    0,   40,   40,   10
20251002, 1200,  , EX, 33.0N,  60.8W,  70,  977,  390,  240,  240,  420,    0,   60,   50,   50,    0,    0,   30,   30,   10
20251002, 1800,  , EX, 33.5N,  57.5W,  60,  986,  420,  240,  240,  450,    0,   30,   40,  100,    0,    0,    0,    0,   40
20251003, 0000,  , EX, 34.5N,  53.4W,  55,  990,  450,  240,  240,  420,  200,    0,    0,  120,    0,    0,    0,    0,   90
20251003, 0600,  , EX, 35.7N,  51.1W,  55,  990,  420,  270,  180,  420,  200,    0,    0,  120,    0,    0,    0,    0,   90
20251003, 1200,  , EX, 37.3N,  49.3W,  55,  986,  390,  270,  150,  300,  180,    0,  100,  120,    0,    0,    0,    0,   70
20251003, 1800,  , EX, 38.9N,  49.1W,  60,  979,  330,  240,  220,  270,  150,   90,  100,  150,    0,    0,    0,    0,   70
20251004, 0000,  , EX, 39.7N,  49.0W,  65,  978,  300,  210,  240,  240,   90,  100,  120,  150,    0,    0,   60,   90,   70
20251004, 0600,  , EX, 40.8N,  48.5W,  60,  979,  270,  210,  240,  180,    0,  110,  100,   90,    0,    0,    0,    0,   80
20251004, 1200,  , EX, 42.0N,  47.5W,  55,  981,  180,  210,  240,  120,    0,  110,    0,    0,    0,    0,    0,    0,   80
20251004, 1800,  , EX, 43.5N,  45.8W,  50,  983,  150,  210,  240,  120,    0,   90,    0,    0,    0,    0,    0,    0,   70
20251005, 0000,  , EX, 45.3N,  44.0W,  45,  984,  120,  240,  270,  120,    0,    0,    0,    0,    0,    0,    0,    0,   70
20251005, 0600,  , EX, 46.9N,  41.9W,  45,  984,  120,  230,  250,  180,    0,    0,    0,    0,    0,    0,    0,    0,   70
20251005, 1200,  , EX, 48.6N,  39.6W,  50,  983,  140,  220,  230,  240,    0,   90,   90,    0,    0,    0,    0,    0,   80
20251005, 1800,  , EX, 49.5N,  36.5W,  50,  984,  140,  210,  230,  240,    0,   90,   90,    0,    0,    0,    0,    0,   80
20251006, 0000,  , EX, 50.3N,  33.0W,  45,  988,  100,  180,  210,  210,    0,    0,    0,    0,    0,    0,    0,    0,   80
AL102025,              JERRY,     18,
20251007, 0600,  , TS, 11.0N,  41.3W,  35, 1007,  120,    0,    0,    0,    0,    0,    0,    0,    0,    0,    0,    0,   40
20251007, 1200,  , TS, 11.4N,  43.6W,  40, 1006,  120,   90,    0,    0,    0,    0,    0,    0,    0,    0,    0,    0,   40
20251007, 1800,  , TS, 11.9N,  45.7W,  40, 1005,  120,  100,    0,   70,    0,    0,    0,    0,    0,    0,    0,    0,   40
20251008, 0000,  , TS, 12.4N,  47.9W,  45, 1004,  120,  100,    0,   70,    0,    0,    0,    0,    0,    0,    0,    0,   40
20251008, 0600,  , TS, 12.9N,  49.9W,  45, 1003,  120,  120,    0,   70,    0,    0,    0,    0,    0,    0,    0,    0,   40
20251008, 1200,  , TS, 13.6N,  51.9W,  55, 1002,  120,  120,    0,   70,   50,   50,    0,    0,    0,    0,    0,    0,   30
20251008, 1800,  , TS, 14.3N,  53.8W,  55, 1000,  130,  150,    0,   70,   60,   50,    0,    0,    0,    0,    0,    0,   30
20251009, 0000,  , TS, 15.0N,  55.5W,  55, 1000,  130,  150,    0,   70,   70,   50,    0,    0,    0,    0,    0,    0,   30
20251009, 0600,  , TS, 15.4N,  57.2W,  55, 1001,  130,  150,    0,   70,   70,   50,    0,    0,    0,    0,    0,    0,   30
20251009, 1200,  , TS, 16.0N,  58.6W,  50, 1002,  140,  150,    0,   70,   70,   60,    0,    0,    0,    0,    0,    0,   40
20251009, 1800,  , TS, 16.7N,  60.0W,  50, 1004,  150,  150,    0,   70,   70,   70,    0,    0,    0,    0,    0,    0,   40
20251010, 0000,  , TS, 17.6N,  61.1W,  50, 1006,  150,  150,    0,   50,   70,   70,    0,    0,    0,    0,    0,    0,   50
20251010, 0600,  , TS, 18.6N,  62.2W,  50, 1006,  150,  160,    0,   50,   70,   70,    0,    0,    0,    0,    0,    0,   50
20251010, 1200,  , TS, 19.7N,  63.1W,  50, 1006,  150,  160,    0,    0,   70,   70,    0,    0,    0,    0,    0,    0,   60
20251010, 1800,  , TS, 20.9N,  63.6W,  50, 1006,  150,  160,    0,    0,   70,   70,    0,    0,    0,    0,    0,    0,   60
20251011, 0000,  , TS, 22.4N,  63.7W,  50, 1006,  150,  180,    0,    0,   70,   70,    0,    0,    0,    0,    0,    0,   70
20251011, 0600,  , TS, 23.9N,  63.7W,  45, 1006,  150,  180,    0,    0,    0,    0,    0,    0,    0,    0,    0,    0,   80
20251011, 1200,  , TS, 25.2N,  63.3W,  45, 1006,  150,  180,    0,    0,    0,    0,    0,    0,    0,    0,    0,    0,   80
AL112025,              KAREN,     15,
20251008, 0000,  , EX, 38.0N,  35.9W,  45, 1014,   60,   50,    0,    0,    0,    0,    0,    0,    0,    0,    0,    0,   30
20251008, 0600,  , EX, 39.9N,  36.0W,  45, 1006,   80,   50,    0,   50,    0,    0,    0,    0,    0,    0,    0,    0,   25
20251008, 1200,  , EX, 41.2N,  36.7W,  50, 1000,   80,   50,   50,   50,    0,    0,   20,    0,    0,    0,    0,    0,   20
20251008, 1800,  , EX, 41.4N,  36.9W,  50,  996,   60,   50,   50,   50,    0,    0,   20,    0,    0,    0,    0,    0,   20
20251009, 0000,  , EX, 41.9N,  35.7W,  45,  997,   50,   70,   50,   40,    0,    0,    0,    0,    0,    0,    0,    0,   20
20251009, 0600,  , EX, 42.8N,  35.1W,  45,  997,   40,   60,   50,   30,    0,    0,    0,    0,    0,    0,    0,    0,   20
20251009, 1200,  , SS, 43.5N,  34.8W,  40,  998,   40,   50,   40,   30,    0,    0,    0,    0,    0,    0,    0,    0,   15
20251009, 1800,  , SS, 43.9N,  34.2W,  40,  998,   30,   50,   40,   30,    0,    0,    0,    0,    0,    0,    0,    0,   15
20251010, 0000,  , SS, 44.4N,  33.5W,  40,  998,   30,   50,   50,   30,    0,    0,    0,    0,    0,    0,    0,    0,   15
20251010, 0600,  , SS, 45.0N,  32.6W,  40,  998,   30,   50,   50,   20,    0,    0,    0,    0,    0,    0,    0,    0,   20
20251010, 1200,  , SS, 45.7N,  31.5W,  40,  998,   30,   50,   40,    0,    0,    0,    0,    0,    0,    0,    0,    0,   20
20251010, 1800,  , SS, 46.8N,  30.6W,  35, 1000,   30,   40,   30,    0,    0,    0,    0,    0,    0,    0,    0,    0,   20
20251011, 0000,  , LO, 48.0N,  29.7W,  35, 1003,   30,   40,    0,    0,    0,    0,    0,    0,    0,    0,    0,    0,   20
20251011, 0600,  , LO, 49.4N,  28.7W,  30, 1005,    0,    0,    0,    0,    0,    0,    0,    0,    0,    0,    0,    0,   20
20251011, 1200,  , LO, 51.3N,  28.0W,  30, 1005,    0,    0,    0,    0,    0,    0,    0,    0,    0,    0,    0,    0,   20
AL122025,            LORENZO,     10,
20251013, 0600,  , TS, 13.8N,  39.7W,  40, 1005,   80,    0,    0,    0,    0,    0,    0,    0,    0,    0,    0,    0,   50
20251013, 1200,  , TS, 14.4N,  40.6W,  45, 1003,  110,  130,    0,   90,    0,    0,    0,    0,    0,    0,    0,    0,   40
20251013, 1800,  , TS, 15.0N,  41.5W,  45, 1002,  110,  130,    0,   90,    0,    0,    0,    0,    0,    0,    0,    0,   30
20251014, 0000,  , TS, 15.8N,  42.4W,  50, 1000,   90,  150,   20,   90,   30,    0,    0,    0,    0,    0,    0,    0,   30
20251014, 0600,  , TS, 16.9N,  43.6W,  50, 1000,   90,  150,   20,   90,   30,    0,    0,    0,    0,    0,    0,    0,   30
20251014, 1200,  , TS, 17.6N,  44.7W,  40, 1004,   70,   90,    0,    0,    0,    0,    0,    0,    0,    0,    0,    0,   25
20251014, 1800,  , TS, 18.3N,  45.3W,  35, 1005,   50,   50,    0,    0,    0,    0,    0,    0,    0,    0,    0,    0,   25
20251015, 0000,  , TS, 19.2N,  45.5W,  35, 1005,   50,   50,    0,    0,    0,    0,    0,    0,    0,    0,    0,    0,   25
20251015, 0600,  , TS, 20.1N,  45.3W,  35, 1004,   50,   50,    0,    0,    0,    0,    0,    0,    0,    0,    0,    0,   25
20251015, 1200,  , TS, 21.1N,  44.5W,  35, 1004,   50,   30,    0,    0,    0,    0,    0,    0,    0,    0,    0,    0,   25
AL132025,            MELISSA,     49,
20251021, 0600,  , TS, 14.0N,  70.0W,  40, 1003,   90,   70,    0,   40,    0,    0,    0,    0,    0,    0,    0,    0,   35
20251021, 1200,  , TS, 14.0N,  71.4W,  45, 1003,   90,   70,    0,   40,    0,    0,    0,    0,    0,    0,    0,    0,   35
20251021, 1800,  , TS, 14.0N,  72.4W,  45, 1003,   90,   80,    0,   40,    0,    0,    0,    0,    0,    0,    0,    0,   35
20251022, 0000,  , TS, 14.1N,  73.3W,  45, 1003,   90,   90,    0,   40,    0,    0,    0,    0,    0,    0,    0,    0,   40
20251022, 0600,  , TS, 14.2N,  73.5W,  45, 1002,   90,   90,    0,   40,    0,    0,    0,    0,    0,    0,    0,    0,   40
20251022, 1200,  , TS, 14.3N,  73.7W,  45, 1002,   90,   90,    0,   50,    0,    0,    0,    0,    0,    0,    0,    0,   50
20251022, 1800,  , TS, 14.3N,  74.1W,  45, 1002,  100,   90,    0,   60,    0,    0,    0,    0,    0,    0,    0,    0,   60
20251023, 0000,  , TS, 14.3N,  74.5W,  45, 1002,  100,   90,    0,   60,    0,    0,    0,    0,    0,    0,    0,    0,   60
20251023, 0600,  , TS, 14.7N,  74.8W,  40, 1003,  100,   90,    0,   50,    0,    0,    0,    0,    0,    0,    0,    0,   60
20251023, 1200,  , TS, 15.2N,  75.0W,  40, 1003,  100,  110,    0,    0,    0,    0,    0,    0,    0,    0,    0,    0,   60
20251023, 1800,  , TS, 15.5N,  75.3W,  40, 1002,  100,  120,    0,    0,    0,    0,    0,    0,    0,    0,    0,    0,   70
20251024, 0000,  , TS, 15.7N,  75.5W,  40, 1002,  100,  120,    0,    0,    0,    0,    0,    0,    0,    0,    0,    0,   60
20251024, 0600,  , TS, 15.8N,  75.3W,  40, 1002,  100,  120,    0,    0,    0,    0,    0,    0,    0,    0,    0,    0,   50
20251024, 1200,  , TS, 15.9N,  75.1W,  45, 1000,  100,  120,    0,    0,    0,    0,    0,    0,    0,    0,    0,    0,   40
20251024, 1800,  , TS, 15.9N,  74.8W,  50,  997,  100,  110,   30,   40,   30,   40,    0,    0,    0,    0,    0,    0,   30
20251025, 0000,  , TS, 16.1N,  74.7W,  55,  993,  100,  100,   30,   60,   30,   40,    0,    0,    0,    0,    0,    0,   30
20251025, 0600,  , TS, 16.3N,  74.7W,  60,  986,  100,  100,   30,   60,   30,   40,    0,    0,    0,    0,    0,    0,   20
20251025, 1200,  , TS, 16.4N,  74.9W,  60,  984,  120,  110,   40,   70,   30,   30,   20,   30,    0,    0,    0,    0,   10
20251025, 1800,  , HU, 16.4N,  75.3W,  75,  976,  140,  110,   40,   80,   30,   30,   20,   30,   15,   10,   10,   15,   10
20251026, 0000,  , HU, 16.4N,  75.7W,  90,  971,  140,  110,   40,   80,   30,   30,   20,   30,   20,   15,   15,   20,   10
20251026, 0600,  , HU, 16.3N,  76.0W, 105,  958,  150,  110,   50,   80,   30,   30,   20,   30,   20,   15,   15,   20,   10
20251026, 1200,  , HU, 16.3N,  76.4W, 115,  952,  150,  120,   50,   80,   35,   30,   30,   30,   20,   20,   20,   20,   10
20251026, 1800,  , HU, 16.3N,  76.9W, 120,  944,  160,  120,   50,   80,   45,   35,   30,   45,   25,   20,   20,   25,   10
20251027, 0000,  , HU, 16.3N,  77.3W, 125,  934,  170,  130,   50,   80,   45,   35,   30,   45,   25,   20,   20,   25,   10
20251027, 0600,  , HU, 16.3N,  77.7W, 135,  923,  170,  130,   50,   80,   45,   35,   30,   45,   25,   20,   20,   25,   10
20251027, 1200,  , HU, 16.3N,  78.0W, 145,  912,  170,  130,   50,   80,   45,   35,   30,   45,   25,   20,   20,   25,    5
20251027, 1800,  , HU, 16.4N,  78.3W, 155,  906,  170,  130,   50,   80,   45,   35,   30,   45,   25,   20,   20,   25,    5
20251028, 0000,  , HU, 16.5N,  78.6W, 155,  909,  170,  130,   50,   80,   45,   35,   30,   45,   25,   20,   20,   25,    5
20251028, 0600,  , HU, 16.9N,  78.4W, 155,  900,  170,  130,   60,   80,   50,   35,   30,   45,   25,   20,   20,   25,    5
20251028, 1200,  , HU, 17.5N,  78.1W, 165,  892,  170,  130,   60,   80,   50,   45,   30,   45,   25,   25,   20,   25,    5
20251028, 1725, L, HU, 18.1N,  78.0W, 160,  897,  170,  130,   60,   80,   50,   45,   30,   45,   25,   25,   20,   25,    5
20251028, 1800,  , HU, 18.2N,  78.0W, 145,  910,  170,  130,   60,   80,   50,   50,   30,   45,   25,   25,   20,   25,   10
20251029, 0000,  , HU, 18.8N,  77.1W, 105,  953,  170,  140,   60,   90,   60,   60,   35,   45,   25,   25,   20,   25,   20
20251029, 0600,  , HU, 19.7N,  76.4W, 105,  952,  160,  140,   80,  100,   60,   70,   35,   45,   25,   25,   20,   25,   20
20251029, 0720, L, HU, 20.0N,  76.2W, 100,  954,  160,  140,   80,  100,   60,   70,   35,   45,   25,   25,   20,   25,   20
20251029, 1200,  , HU, 20.9N,  75.8W,  85,  968,  160,  160,   80,  100,   80,  100,   40,   40,   30,   30,   20,   25,   30
20251029, 1800,  , HU, 22.1N,  75.4W,  80,  972,  160,  160,  110,  110,  100,  110,   55,   50,   40,   55,   25,   25,   35
20251029, 2215, L, HU, 23.1N,  75.0W,  80,  972,  160,  160,  110,  110,  100,  110,   55,   50,   45,   55,   25,   25,   35
20251030, 0000,  , HU, 23.5N,  74.8W,  80,  970,  160,  160,  110,  110,   90,  100,   70,   60,   60,   50,   35,   25,   45
20251030, 0200, L, HU, 24.0N,  74.5W,  80,  970,  160,  160,  110,  110,   90,  100,   70,   60,   60,   50,   35,   25,   45
20251030, 0600,  , HU, 25.0N,  73.8W,  85,  968,  170,  170,  110,  120,   90,  100,   70,   60,   50,   50,   45,   20,   45
20251030, 1200,  , HU, 26.7N,  72.7W,  90,  965,  180,  200,  130,  130,   90,  100,   70,   50,   50,   60,   45,   20,   45
20251030, 1800,  , HU, 28.9N,  70.9W,  85,  967,  180,  220,  140,  130,   90,  110,   80,   50,   50,   70,   45,    0,   45
20251031, 0000,  , HU, 31.3N,  68.7W,  80,  970,  180,  220,  160,  120,   90,  130,   80,   50,   50,   80,   50,    0,   50
20251031, 0600,  , HU, 34.5N,  65.5W,  75,  972,  200,  230,  230,  120,   90,  140,  100,   30,   50,   80,   60,    0,   55
20251031, 1200,  , EX, 37.7N,  62.1W,  75,  972,  280,  270,  320,  120,   90,  140,  130,    0,    0,   80,   65,    0,   60
20251031, 1800,  , EX, 40.6N,  58.9W,  70,  972,  280,  320,  350,  120,   90,  140,  150,    0,    0,    0,   75,    0,   70
20251101, 0000,  , EX, 43.7N,  56.0W,  70,  971,  280,  380,  370,  120,   90,  150,  160,    0,    0,    0,   80,    0,   80
20251101, 0600,  , EX, 46.6N,  51.3W,  65,  968,  270,  440,  350,  120,    0,  160,  160,    0,    0,   90,   90,    0,   80
