EP011977,                AVA,     19,
19770526, 0000,  , TD, 11.7N, 108.5W,  30, -999, -999, -999, -999, -999, -999, -999, -999, -999, -999, -999, -999, -999, -999
19770526, 0600,  , TD, 11.6N, 109.1W,  30, -999, -999, -999, -999, -999, -999, -999, -999, -999, -999, -999, -999, -999, -999
19770526, 1200,  , TS, 11.5N, 109.6W,  40, -999, -999, -999, -999, -999, -999, -999, -999, -999, -999, -999, -999, -999, -999
19770526, 1800,  , TS, 11.6N, 110.0W,  45, -999, -999, -999, -999, -999, -999, -999, -999, -999, -999, -999, -999, -999, -999
19770527, 0000,  , TS, 11.9N, 110.3W,  45, -999, -999, -999, -999, -999, -999, -999, -999, -999, -999, -999, -999, -999, -999
19770527, 0600,  , TS, 12.7N, 110.5W,  45, -999, -999, -999, -999, -999, -999, -999, -999, -999, -999, -999, -999, -999, -999
19770527, 1200,  , TS, 13.7N, 110.6W,  40, -999, -999, -999, -999, -999, -999, -999, -999, -999, -999, -999, -999, -999, -999
19770527, 1800,  , TS, 14.8N, 110.6W,  40, -999, -999, -999, -999, -999, -999, -999, -999, -999, -999, -999, -999, -999, -999
19770528, 0000,  , TS, 15.8N, 110.7W,  40, -999, -999, -999, -999, -999, -999, -999, -999, -999, -999, -999, -999, -999, -999
19770528, 0600,  , TS, 16.8N, 110.8W,  40, -999, -999, -999, -999, -999, -999, -999, -999, -999, -999, -999, -999, -999, -999
19770528, 1200,  , TS, 17.8N, 110.7W,  55, -999, -999, -999, -999, -999, -999, -999, -999, -999, -999, -999, -999, -999, -999
19770528, 1800,  , TS, 17.9N, 110.3W,  50, -999, -999, -999, -999, -999, -999, -999, -999, -999, -999, -999, -999, -999, -999
19770529, 0000,  , TS, 18.0N, 110.0W,  40,  997, -999, -999, -999, -999, -999, -999, -999, -999, -999, -999, -999, -999, -999
19770529, 0600,  , TS, 18.0N, 110.0W,  40, -999, -999, -999, -999, -999, -999, -999, -999, -999, -999, -999, -999, -999, -999
19770529, 1200,  , TS, 18.0N, 110.0W,  35, -999, -999, -999, -999, -999, -999, -999, -999, -999, -999, -999, -999, -999, -999
19770529, 1800,  , TD, 18.0N, 110.0W,  30, 1003, -999, -999, -999, -999, -999, -999, -999, -999, -999, -999, -999, -999, -999
19770530, 0000,  , TD, 18.0N, 110.0W,  30, -999, -999, -999, -999, -999, -999, -999, -999, -999, -999, -999, -999, -999, -999
19770530, 0600,  , TD, 18.0N, 110.0W,  30, -999, -999, -999, -999, -999, -999, -999, -999, -999, -999, -999, -999, -999, -999
19770530, 1200,  , TD, 18.0N, 110.2W,  30, -999, -999, -999, -999, -999, -999, -999, -999, -999, -999, -999, -999, -999, -999
EP021977,            BERNICE,     13,
19770625, 1200,  , TD, 13.0N, 109.0W,  25, -999, -999, -999, -999, -999, -999, -999, -999, -999, -999, -999, -999, -999, -999
19770625, 1800,  , TD, 13.7N, 110.0W,  25, -999, -999, -999, -999, -999, -999, -999, -999, -999, -999, -999, -999, -999, -999
19770626, 0000,  , TD, 14.3N, 111.2W,  25, -999, -999, -999, -999, -999, -999, -999, -999, -999, -999, -999, -999, -999, -999
19770626, 0600,  , TD, 14.6N, 112.6W,  25, -999, -999, -999, -999, -999, -999, -999, -999, -999, -999, -999, -999, -999, -999
19770626, 1200,  , TS, 15.0N, 114.0W,  35, -999, -999, -999, -999, -999, -999, -999, -999, -999, -999, -999, -999, -999, -999
19770626, 1800,  , TS, 15.6N, 115.9W,  35, -999, -999, -999, -999, -999, -999, -999, -999, -999, -999, -999, -999, -999, -999
19770627, 0000,  , TS, 16.5N, 116.8W,  35, -999, -999, -999, -999, -999, -999, -999, -999, -999, -999, -999, -999, -999, -999
19770627, 0600,  , TS, 17.2N, 117.9W,  35, -999, -999, -999, -999, -999, -999, -999, -999, -999, -999, -999, -999, -999, -999
19770627, 1200,  , TS, 18.0N, 118.8W,  35, -999, -999, -999, -999, -999, -999, -999, -999, -999, -999, -999, -999, -999, -999
19770627, 1800,  , TS, 18.8N, 120.1W,  35, -999, -999, -999, -999, -999, -999, -999, -999, -999, -999, -999, -999, -999, -999
19770628, 0000,  , TS, 19.6N, 121.4W,  35, -999, -999, -999, -999, -999, -999, -999, -999, -999, -999, -999, -999, -999, -999
19770628, 0600,  , EX, 20.0N, 122.5W,  25, -999, -999, -999, -999, -999, -999, -999, -999, -999, -999, -999, -999, -999, -999
19770628, 1200,  , EX, 20.1N, 123.4W,  25, -999, -999, -999, -999, -999, -999, -999, -999, -999, -999, -999, -999, -999, -999
EP031977,            CLAUDIA,     19,
19770703, 0000,  , TD, 14.5N, 110.9W,  30, -999, -999, -999, -999, -999, -999, -999, -999, -999, -999, -999, -999, -999, -999
19770703, 0600,  , TS, 14.8N, 111.7W,  45, -999, -999, -999, -999, -999, -999, -999, -999, -999, -999, -999, -999, -999, -999
19770703, 1200,  , TS, 14.9N, 112.4W,  45, -999, -999, -999, -999, -999, -999, -999, -999, -999, -999, -999, -999, -999, -999
19770703, 1800,  , TS, 15.0N, 113.2W,  50, -999, -999, -999, -999, -999, -999, -999, -999, -999, -999, -999, -999, -999, -999
19770704, 0000,  , TS, 15.1N, 114.0W,  55, -999, -999, -999, -999, -999, -999, -999, -999, -999, -999, -999, -999, -999, -999
19770704, 0600,  , HU, 15.2N, 114.7W,  80, -999, -999, -999, -999, -999, -999, -999, -999, -999, -999, -999, -999, -999, -999
19770704, 1200,  , HU, 15.2N, 115.3W,  80, -999, -999, -999, -999, -999, -999, -999, -999, -999, -999, -999, -999, -999, -999
19770704, 1800,  , HU, 15.4N, 116.1W,  65, -999, -999, -999, -999, -999, -999, -999, -999, -999, -999, -999, -999, -999, -999
19770705, 0000,  , TS, 15.5N, 117.0W,  60, -999, -999, -999, -999, -999, -999, -999, -999, -999, -999, -999, -999, -999, -999
19770705, 0600,  , TS, 15.7N, 118.2W,  60, -999, -999, -999, -999, -999, -999, -999, -999, -999, -999, -999, -999, -999, -999
19770705, 1200,  , TS, 15.9N, 119.3W,  60, -999, -999, -999, -999, -999, -999, -999, -999, -999, -999, -999, -999, -999, -999
19770705, 1800,  , TS, 16.0N, 120.5W,  60, -999, -999, -999, -999, -999, -999, -999, -999, -999, -999, -999, -999, -999, -999
19770706, 0000,  , TS, 16.3N, 122.0W,  55, -999, -999, -999, -999, -999, -999, -999, -999, -999, -999, -999, -999, -999, -999
19770706, 0600,  , TS, 16.5N, 123.3W,  50, -999, -999, -999, -999, -999, -999, -999, -999, -999, -999, -999, -999, -999, -999
19770706, 1200,  , TS, 16.4N, 124.7W,  45, -999, -999, -999, -999, -999, -999, -999, -999, -999, -999, -999, -999, -999, -999
19770706, 1800,  , TS, 16.3N, 126.0W,  35, -999, -999, -999, -999, -999, -999, -999, -999, -999, -999, -999, -999, -999, -999
19770707, 0000,  , TD, 16.0N, 127.1W,  30, -999, -999, -999, -999, -999, -999, -999, -999, -999, -999, -999, -999, -999, -999
19770707, 0600,  , TD, 16.2N, 128.6W,  30, -999, -999, -999, -999, -999, -999, -999, -999, -999, -999, -999, -999, -999, -999
19770707, 1200,  , TD, 16.2N, 130.0W,  25, -999, -999, -999, -999, -999, -999, -999, -999, -999, -999, -999, -999, -999, -999
EP041977,             DOREEN,     21,
19770813, 0000,  , TD, 17.6N, 106.5W,  30, -999, -999, -999, -999, -999, -999, -999, -999, -999, -999, -999, -999, -999, -999
19770813, 0600,  , TD, 17.9N, 106.9W,  30, -999, -999, -999, -999, -999, -999, -999, -999, -999, -999, -999, -999, -999, -999
19770813, 1200,  , TD, 18.4N, 107.2W,  30, -999, -999, -999, -999, -999, -999, -999, -999, -999, -999, -999, -999, -999, -999
19770813, 1800,  , TS, 18.8N, 107.7W,  45, -999, -999, -999, -999, -999, -999, -999, -999, -999, -999, -999, -999, -999, -999
19770814, 0000,  , TS, 19.1N, 108.1W,  50, -999, -999, -999, -999, -999, -999, -999, -999, -999, -999, -999, -999, -999, -999
19770814, 0600,  , TS, 19.5N, 108.5W,  55, -999, -999, -999, -999, -999, -999, -999, -999, -999, -999, -999, -999, -999, -999
19770814, 1200,  , TS, 19.9N, 108.9W,  55, -999, -999, -999, -999, -999, -999, -999, -999, -999, -999, -999, -999, -999, -999
19770814, 1800,  , HU, 20.3N, 109.3W,  65,  979, -999, -999, -999, -999, -999, -999, -999, -999, -999, -999, -999, -999, -999
19770815, 0000,  , HU, 21.0N, 110.0W,  65, -999, -999, -999, -999, -999, -999, -999, -999, -999, -999, -999, -999, -999, -999
19770815, 0600,  , HU, 21.9N, 110.2W,  65, -999, -999, -999, -999, -999, -999, -999, -999, -999, -999, -999, -999, -999, -999
19770815, 1200,  , HU, 22.7N, 110.5W,  65, -999, -999, -999, -999, -999, -999, -999, -999, -999, -999, -999, -999, -999, -999
19770815, 1800,  , HU, 23.6N, 110.8W,  65,  979, -999, -999, -999, -999, -999, -999, -999, -999, -999, -999, -999, -999, -999
19770816, 0000,  , HU, 25.0N, 112.0W,  65, -999, -999, -999, -999, -999, -999, -999, -999, -999, -999, -999, -999, -999, -999
19770816, 0600,  , TS, 26.4N, 113.2W,  50, -999, -999, -999, -999, -999, -999, -999, -999, -999, -999, -999, -999, -999, -999
19770816, 1200,  , TS, 27.7N, 114.5W,  35, -999, -999, -999, -999, -999, -999, -999, -999, -999, -999, -999, -999, -999, -999
19770816, 1800,  , TS, 28.8N, 115.8W,  35, -999, -999, -999, -999, -999, -999, -999, -999, -999, -999, -999, -999, -999, -999
19770817, 0000,  , TS, 29.9N, 116.6W,  35, -999, -999, -999, -999, -999, -999, -999, -999, -999, -999, -999, -999, -999, -999
19770817, 0600,  , TD, 30.7N, 117.0W,  30, -999, -999, -999, -999, -999, -999, -999, -999, -999, -999, -999, -999, -999, -999
19770817, 1200,  , TD, 31.4N, 117.8W,  25, -999, -999, -999, -999, -999, -999, -999, -999, -999, -999, -999, -999, -999, -999
19770817, 1800,  , TD, 32.2N, 118.3W,  25, -999, -999, -999, -999, -999, -999, -999, -999, -999, -999, -999, -999, -999, -999
19770818, 0000,  , TD, 33.0N, 118.6W,  25, -999, -999, -999, -999, -999, -999, -999, -999, -999, -999, -999, -999, -999, -999
EP051977,              EMILY,      7,
19770913, 0000,  , TD, 14.0N, 118.8W,  25, -999, -999, -999, -999, -999, -999, -999, -999, -999, -999, -999, -999, -999, -999
19770913, 0600,  , TD, 15.0N, 120.0W,  25, -999, -999, -999, -999, -999, -999, -999, -999, -999, -999, -999, -999, -999, -999
19770913, 1200,  , TS, 16.0N, 121.0W,  35, -999, -999, -999, -999, -999, -999, -999, -999, -999, -999, -999, -999, -999, -999
19770913, 1800,  , TS, 17.1N, 121.9W,  35, -999, -999, -999, -999, -999, -999, -999, -999, -999, -999, -999, -999, -999, -999
19770914, 0000,  , TS, 18.2N, 122.5W,  35, -999, -999, -999, -999, -999, -999, -999, -999, -999, -999, -999, -999, -999, -999
19770914, 0600,  , TS, 19.0N, 122.9W,  35, -999, -999, -999, -999, -999, -999, -999, -999, -999, -999, -999, -999, -999, -999
19770914, 1200,  , EX, 19.5N, 123.0W,  25, -999, -999, -999, -999, -999, -999, -999, -999, -999, -999, -999, -999, -999, -999
EP061977,           FLORENCE,     17,
19770920, 1200,  , TD, 13.9N, 124.2W,  25, -999, -999, -999, -999, -999, -999, -999, -999, -999, -999, -999, -999, -999, -999
19770920, 1800,  , TD, 14.1N, 124.3W,  25, -999, -999, -999, -999, -999, -999, -999, -999, -999, -999, -999, -999, -999, -999
19770921, 0000,  , TS, 14.4N, 124.8W,  35, -999, -999, -999, -999, -999, -999, -999, -999, -999, -999, -999, -999, -999, -999
19770921, 0600,  , TS, 14.6N, 125.5W,  40, -999, -999, -999, -999, -999, -999, -999, -999, -999, -999, -999, -999, -999, -999
19770921, 1200,  , TS, 14.9N, 126.3W,  45, -999, -999, -999, -999, -999, -999, -999, -999, -999, -999, -999, -999, -999, -999
19770921, 1800,  , TS, 15.1N, 126.9W,  55, -999, -999, -999, -999, -999, -999, -999, -999, -999, -999, -999, -999, -999, -999
19770922, 0000,  , HU, 15.8N, 127.8W,  65, -999, -999, -999, -999, -999, -999, -999, -999, -999, -999, -999, -999, -999, -999
19770922, 0600,  , HU, 16.4N, 128.1W,  70, -999, -999, -999, -999, -999, -999, -999, -999, -999, -999, -999, -999, -999, -999
19770922, 1200,  , HU, 17.2N, 127.7W,  80, -999, -999, -999, -999, -999, -999, -999, -999, -999, -999, -999, -999, -999, -999
19770922, 1800,  , HU, 17.9N, 127.3W,  90, -999, -999, -999, -999, -999, -999, -999, -999, -999, -999, -999, -999, -999, -999
19770923, 0000,  , HU, 19.5N, 126.4W,  80, -999, -999, -999, -999, -999, -999, -999, -999, -999, -999, -999, -999, -999, -999
19770923, 0600,  , HU, 21.3N, 125.6W,  70, -999, -999, -999, -999, -999, -999, -999, -999, -999, -999, -999, -999, -999, -999
19770923, 1200,  , TS, 23.2N, 124.8W,  60, -999, -999, -999, -999, -999, -999, -999, -999, -999, -999, -999, -999, -999, -999
19770923, 1800,  , TS, 24.8N, 123.8W,  35, -999, -999, -999, -999, -999, -999, -999, -999, -999, -999, -999, -999, -999, -999
19770924, 0000,  , TD, 26.2N, 122.8W,  25, -999, -999, -999, -999, -999, -999, -999, -999, -999, -999, -999, -999, -999, -999
19770924, 0600,  , TD, 27.1N, 122.5W,  25, -999, -999, -999, -999, -999, -999, -999, -999, -999, -999, -999, -999, -999, -999
19770924, 1200,  , EX, 27.4N, 122.3W,  25, -999, -999, -999, -999, -999, -999, -999, -999, -999, -999, -999, -999, -999, -999
EP071977,             GLENDA,     15,
19770924, 0000,  , TS, 10.7N, 106.5W,  35, -999, -999, -999, -999, -999, -999, -999, -999, -999, -999, -999, -999, -999, -999
19770924, 0600,  , TS, 11.8N, 107.4W,  35, -999, -999, -999, -999, -999, -999, -999, -999, -999, -999, -999, -999, -999, -999
19770924, 1200,  , TS, 13.0N, 108.1W,  35, -999, -999, -999, -999, -999, -999, -999, -999, -999, -999, -999, -999, -999, -999
19770924, 1800,  , TS, 14.2N, 108.7W,  35, -999, -999, -999, -999, -999, -999, -999, -999, -999, -999, -999, -999, -999, -999
19770925, 0000,  , TD, 15.5N, 109.2W,  25, -999, -999, -999, -999, -999, -999, -999, -999, -999, -999, -999, -999, -999, -999
19770925, 0600,  , TD, 17.3N, 109.9W,  25, -999, -999, -999, -999, -999, -999, -999, -999, -999, -999, -999, -999, -999, -999
19770925, 1200,  , TD, 19.0N, 110.9W,  25, -999, -999, -999, -999, -999, -999, -999, -999, -999, -999, -999, -999, -999, -999
19770925, 1800,  , TD, 20.0N, 112.2W,  25, -999, -999, -999, -999, -999, -999, -999, -999, -999, -999, -999, -999, -999, -999
19770926, 0000,  , TD, 21.0N, 113.6W,  25, -999, -999, -999, -999, -999, -999, -999, -999, -999, -999, -999, -999, -999, -999
19770926, 0600,  , TD, 22.1N, 114.9W,  25, -999, -999, -999, -999, -999, -999, -999, -999, -999, -999, -999, -999, -999, -999
19770926, 1200,  , TD, 23.2N, 115.8W,  25, -999, -999, -999, -999, -999, -999, -999, -999, -999, -999, -999, -999, -999, -999
19770926, 1800,  , TD, 24.5N, 116.0W,  25, -999, -999, -999, -999, -999, -999, -999, -999, -999, -999, -999, -999, -999, -999
19770927, 0000,  , TD, 25.8N, 115.8W,  25, -999, -999, -999, -999, -999, -999, -999, -999, -999, -999, -999, -999, -999, -999
19770927, 0600,  , EX, 26.9N, 115.6W,  25, -999, -999, -999, -999, -999, -999, -999, -999, -999, -999, -999, -999, -999, -999
19770927, 1200,  , EX, 27.8N, 115.2W,  25, -999, -999, -999, -999, -999, -999, -999, -999, -999, -999, -999, -999, -999, -999
EP081977,            HEATHER,     15,
19771004, 0000,  , TD, 15.3N, 107.2W,  30, -999, -999, -999, -999, -999, -999, -999, -999, -999, -999, -999, -999, -999, -999
19771004, 0600,  , TS, 15.8N, 108.2W,  35, -999, -999, -999, -999, -999, -999, -999, -999, -999, -999, -999, -999, -999, -999
19771004, 1200,  , TS, 16.4N, 109.1W,  35, -999, -999, -999, -999, -999, -999, -999, -999, -999, -999, -999, -999, -999, -999
19771004, 1800,  , TS, 17.0N, 110.0W,  45, -999, -999, -999, -999, -999, -999, -999, -999, -999, -999, -999, -999, -999, -999
19771005, 0000,  , TS, 17.9N, 111.1W,  55, -999, -999, -999, -999, -999, -999, -999, -999, -999, -999, -999, -999, -999, -999
19771005, 0600,  , HU, 18.8N, 112.1W,  65, -999, -999, -999, -999, -999, -999, -999, -999, -999, -999, -999, -999, -999, -999
19771005, 1200,  , HU, 20.0N, 113.2W,  75, -999, -999, -999, -999, -999, -999, -999, -999, -999, -999, -999, -999, -999, -999
19771005, 1800,  , HU, 20.5N, 114.0W,  75, -999, -999, -999, -999, -999, -999, -999, -999, -999, -999, -999, -999, -999, -999
19771006, 0000,  , HU, 20.9N, 114.3W,  65, -999, -999, -999, -999, -999, -999, -999, -999, -999, -999, -999, -999, -999, -999
19771006, 0600,  , HU, 22.4N, 114.8W,  65, -999, -999, -999, -999, -999, -999, -999, -999, -999, -999, -999, -999, -999, -999
19771006, 1200,  , HU, 23.7N, 115.8W,  65, -999, -999, -999, -999, -999, -999, -999, -999, -999, -999, -999, -999, -999, -999
19771006, 1800,  , TS, 24.8N, 116.8W,  45, -999, -999, -999, -999, -999, -999, -999, -999, -999, -999, -999, -999, -999, -999
19771007, 0000,  , TS, 25.9N, 117.0W,  45, -999, -999, -999, -999, -999, -999, -999, -999, -999, -999, -999, -999, -999, -999
19771007, 0600,  , TS, 27.0N, 116.8W,  35, -999, -999, -999, -999, -999, -999, -999, -999, -999, -999, -999, -999, -999, -999
19771007, 1200,  , TD, 27.9N, 116.4W,  25, -999, -999, -999, -999, -999, -999, -999, -999, -999, -999, -999, -999, -999, -999
