EP011991,             ANDRES,     16,
19910516, 0600,  , TD, 10.7N, 122.5W,  20, 1010, -999, -999, -999, -999, -999, -999, -999, -999, -999, -999, -999, -999, -999
19910516, 1200,  , TD, 10.8N, 122.3W,  25, 1009, -999, -999, -999, -999, -999, -999, -999, -999, -999, -999, -999, -999, -999
19910516, 1800,  , TD, 10.9N, 122.3W,  30, 1008, -999, -999, -999, -999, -999, -999, -999, -999, -999, -999, -999, -999, -999
19910517, 0000,  , TS, 11.0N, 122.5W,  35, 1005, -999, -999, -999, -999, -999, -999, -999, -999, -999, -999, -999, -999, -999
19910517, 0600,  , TS, 10.9N, 122.7W,  40, 1000, -999, -999, -999, -999, -999, -999, -999, -999, -999, -999, -999, -999, -999
19910517, 1200,  , TS, 10.7N, 123.0W,  55,  994, -999, -999, -999, -999, -999, -999, -999, -999, -999, -999, -999, -999, -999
19910517, 1800,  , TS, 10.5N, 123.2W,  55,  994, -999, -999, -999, -999, -999, -999, -999, -999, -999, -999, -999, -999, -999
19910518, 0000,  , TS, 10.3N, 123.5W,  55,  994, -999, -999, -999, -999, -999, -999, -999, -999, -999, -999, -999, -999, -999
19910518, 0600,  , TS, 10.2N, 123.5W,  55,  995, -999, -999, -999, -999, -999, -999, -999, -999, -999, -999, -999, -999, -999
19910518, 1200,  , TS, 10.1N, 123.4W,  55,  996, -999, -999, -999, -999, -999, -999, -999, -999, -999, -999, -999, -999, -999
19910518, 1800,  , TS, 10.2N, 123.2W,  50,  997, -999, -999, -999, -999, -999, -999, -999, -999, -999, -999, -999, -999, -999
19910519, 0000,  , TS, 10.3N, 123.0W,  45,  998, -999, -999, -999, -999, -999, -999, -999, -999, -999, -999, -999, -999, -999
19910519, 0600,  , TS, 10.4N, 122.7W,  40, 1002, -999, -999, -999, -999, -999, -999, -999, -999, -999, -999, -999, -999, -999
19910519, 1200,  , TS, 10.5N, 122.4W,  35, 1005, -999, -999, -999, -999, -999, -999, -999, -999, -999, -999, -999, -999, -999
19910519, 1800,  , TD, 10.7N, 122.1W,  30, 1007, -999, -999, -999, -999, -999, -999, -999, -999, -999, -999, -999, -999, -999
19910520, 0000,  , TD, 10.9N, 121.7W,  25, 1009, -999, -999, -999, -999, -999, -999, -999, -999, -999, -999, -999, -999, -999
EP021991,             BLANCA,     30,
19910614, 1800,  , TD, 10.2N, 103.0W,  25, 1010, -999, -999, -999, -999, -999, -999, -999, -999, -999, -999, -999, -999, -999
19910615, 0000,  , TD, 10.1N, 103.5W,  25, 1010, -999, -999, -999, -999, -999, -999, -999, -999, -999, -999, -999, -999, -999
19910615, 0600,  , TD, 10.1N, 104.0W,  25, 1010, -999, -999, -999, -999, -999, -999, -999, -999, -999, -999, -999, -999, -999
19910615, 1200,  , TD, 10.2N, 104.5W,  25, 1010, -999, -999, -999, -999, -999, -999, -999, -999, -999, -999, -999, -999, -999
19910615, 1800,  , TD, 10.3N, 105.0W,  25, 1010, -999, -999, -999, -999, -999, -999, -999, -999, -999, -999, -999, -999, -999
19910616, 0000,  , TD, 10.7N, 105.8W,  25, 1010, -999, -999, -999, -999, -999, -999, -999, -999, -999, -999, -999, -999, -999
19910616, 0600,  , TD, 11.1N, 106.6W,  25, 1010, -999, -999, -999, -999, -999, -999, -999, -999, -999, -999, -999, -999, -999
19910616, 1200,  , TD, 11.5N, 107.5W,  30, 1009, -999, -999, -999, -999, -999, -999, -999, -999, -999, -999, -999, -999, -999
19910616, 1800,  , TD, 11.9N, 108.5W,  30, 1008, -999, -999, -999, -999, -999, -999, -999, -999, -999, -999, -999, -999, -999
19910617, 0000,  , TS, 12.3N, 109.4W,  35, 1005, -999, -999, -999, -999, -999, -999, -999, -999, -999, -999, -999, -999, -999
19910617, 0600,  , TS, 12.6N, 110.4W,  40, 1003, -999, -999, -999, -999, -999, -999, -999, -999, -999, -999, -999, -999, -999
19910617, 1200,  , TS, 12.9N, 111.4W,  40, 1002, -999, -999, -999, -999, -999, -999, -999, -999, -999, -999, -999, -999, -999
19910617, 1800,  , TS, 13.1N, 112.4W,  45, 1001, -999, -999, -999, -999, -999, -999, -999, -999, -999, -999, -999, -999, -999
19910618, 0000,  , TS, 13.3N, 113.4W,  45, 1000, -999, -999, -999, -999, -999, -999, -999, -999, -999, -999, -999, -999, -999
19910618, 0600,  , TS, 13.4N, 114.4W,  45, 1000, -999, -999, -999, -999, -999, -999, -999, -999, -999, -999, -999, -999, -999
19910618, 1200,  , TS, 13.4N, 115.4W,  45, 1000, -999, -999, -999, -999, -999, -999, -999, -999, -999, -999, -999, -999, -999
19910618, 1800,  , TS, 13.4N, 116.4W,  45, 1000, -999, -999, -999, -999, -999, -999, -999, -999, -999, -999, -999, -999, -999
19910619, 0000,  , TS, 13.3N, 117.4W,  45, 1000, -999, -999, -999, -999, -999, -999, -999, -999, -999, -999, -999, -999, -999
19910619, 0600,  , TS, 13.1N, 118.4W,  45,  999, -999, -999, -999, -999, -999, -999, -999, -999, -999, -999, -999, -999, -999
19910619, 1200,  , TS, 12.9N, 119.4W,  45,  998, -999, -999, -999, -999, -999, -999, -999, -999, -999, -999, -999, -999, -999
19910619, 1800,  , TS, 12.7N, 120.4W,  50,  996, -999, -999, -999, -999, -999, -999, -999, -999, -999, -999, -999, -999, -999
19910620, 0000,  , TS, 12.6N, 121.5W,  55,  994, -999, -999, -999, -999, -999, -999, -999, -999, -999, -999, -999, -999, -999
19910620, 0600,  , TS, 12.7N, 122.6W,  50,  996, -999, -999, -999, -999, -999, -999, -999, -999, -999, -999, -999, -999, -999
19910620, 1200,  , TS, 13.0N, 123.6W,  45, 1000, -999, -999, -999, -999, -999, -999, -999, -999, -999, -999, -999, -999, -999
19910620, 1800,  , TS, 13.4N, 124.6W,  40, 1003, -999, -999, -999, -999, -999, -999, -999, -999, -999, -999, -999, -999, -999
19910621, 0000,  , TS, 13.7N, 125.6W,  35, 1006, -999, -999, -999, -999, -999, -999, -999, -999, -999, -999, -999, -999, -999
19910621, 0600,  , TS, 14.0N, 126.7W,  35, 1008, -999, -999, -999, -999, -999, -999, -999, -999, -999, -999, -999, -999, -999
19910621, 1200,  , TD, 14.2N, 127.7W,  30, 1009, -999, -999, -999, -999, -999, -999, -999, -999, -999, -999, -999, -999, -999
19910621, 1800,  , TD, 14.3N, 129.0W,  30, 1009, -999, -999, -999, -999, -999, -999, -999, -999, -999, -999, -999, -999, -999
19910622, 0000,  , TD, 14.5N, 130.5W,  25, 1009, -999, -999, -999, -999, -999, -999, -999, -999, -999, -999, -999, -999, -999
EP031991,             CARLOS,     45,
19910616, 1200,  , TD, 11.4N,  95.4W,  30, 1008, -999, -999, -999, -999, -999, -999, -999, -999, -999, -999, -999, -999, -999
19910616, 1800,  , TD, 11.9N,  96.4W,  30, 1006, -999, -999, -999, -999, -999, -999, -999, -999, -999, -999, -999, -999, -999
19910617, 0000,  , TS, 12.3N,  97.6W,  35, 1005, -999, -999, -999, -999, -999, -999, -999, -999, -999, -999, -999, -999, -999
19910617, 0600,  , TS, 12.7N,  99.1W,  35, 1002, -999, -999, -999, -999, -999, -999, -999, -999, -999, -999, -999, -999, -999
19910617, 1200,  , TS, 12.9N, 100.4W,  45, 1000, -999, -999, -999, -999, -999, -999, -999, -999, -999, -999, -999, -999, -999
19910617, 1800,  , TS, 12.9N, 101.5W,  50,  999, -999, -999, -999, -999, -999, -999, -999, -999, -999, -999, -999, -999, -999
19910618, 0000,  , TS, 13.1N, 102.5W,  55,  998, -999, -999, -999, -999, -999, -999, -999, -999, -999, -999, -999, -999, -999
19910618, 0600,  , TS, 13.2N, 103.6W,  55,  994, -999, -999, -999, -999, -999, -999, -999, -999, -999, -999, -999, -999, -999
19910618, 1200,  , TS, 13.4N, 104.6W,  60,  992, -999, -999, -999, -999, -999, -999, -999, -999, -999, -999, -999, -999, -999
19910618, 1800,  , HU, 13.4N, 105.4W,  65,  990, -999, -999, -999, -999, -999, -999, -999, -999, -999, -999, -999, -999, -999
19910619, 0000,  , HU, 13.9N, 106.1W,  65,  989, -999, -999, -999, -999, -999, -999, -999, -999, -999, -999, -999, -999, -999
19910619, 0600,  , HU, 14.1N, 106.8W,  65,  988, -999, -999, -999, -999, -999, -999, -999, -999, -999, -999, -999, -999, -999
19910619, 1200,  , HU, 14.1N, 107.4W,  65,  987, -999, -999, -999, -999, -999, -999, -999, -999, -999, -999, -999, -999, -999
19910619, 1800,  , HU, 14.1N, 108.0W,  65,  987, -999, -999, -999, -999, -999, -999, -999, -999, -999, -999, -999, -999, -999
19910620, 0000,  , HU, 14.1N, 108.6W,  65,  987, -999, -999, -999, -999, -999, -999, -999, -999, -999, -999, -999, -999, -999
19910620, 0600,  , HU, 14.0N, 109.4W,  65,  987, -999, -999, -999, -999, -999, -999, -999, -999, -999, -999, -999, -999, -999
19910620, 1200,  , HU, 13.9N, 110.2W,  65,  987, -999, -999, -999, -999, -999, -999, -999, -999, -999, -999, -999, -999, -999
19910620, 1800,  , HU, 13.6N, 111.0W,  65,  990, -999, -999, -999, -999, -999, -999, -999, -999, -999, -999, -999, -999, -999
19910621, 0000,  , TS, 13.4N, 111.8W,  60,  992, -999, -999, -999, -999, -999, -999, -999, -999, -999, -999, -999, -999, -999
19910621, 0600,  , TS, 13.1N, 112.5W,  60,  993, -999, -999, -999, -999, -999, -999, -999, -999, -999, -999, -999, -999, -999
19910621, 1200,  , TS, 12.8N, 113.3W,  60,  992, -999, -999, -999, -999, -999, -999, -999, -999, -999, -999, -999, -999, -999
19910621, 1800,  , HU, 12.6N, 114.2W,  65,  988, -999, -999, -999, -999, -999, -999, -999, -999, -999, -999, -999, -999, -999
19910622, 0000,  , HU, 12.5N, 115.1W,  75,  979, -999, -999, -999, -999, -999, -999, -999, -999, -999, -999, -999, -999, -999
19910622, 0600,  , HU, 12.4N, 116.1W,  80,  975, -999, -999, -999, -999, -999, -999, -999, -999, -999, -999, -999, -999, -999
19910622, 1200,  , HU, 12.5N, 117.2W,  90,  970, -999, -999, -999, -999, -999, -999, -999, -999, -999, -999, -999, -999, -999
19910622, 1800,  , HU, 12.7N, 118.5W,  95,  965, -999, -999, -999, -999, -999, -999, -999, -999, -999, -999, -999, -999, -999
19910623, 0000,  , HU, 13.0N, 120.0W, 100,  963, -999, -999, -999, -999, -999, -999, -999, -999, -999, -999, -999, -999, -999
19910623, 0600,  , HU, 13.4N, 121.5W, 100,  960, -999, -999, -999, -999, -999, -999, -999, -999, -999, -999, -999, -999, -999
19910623, 1200,  , HU, 13.8N, 123.0W, 100,  959, -999, -999, -999, -999, -999, -999, -999, -999, -999, -999, -999, -999, -999
19910623, 1800,  , HU, 14.3N, 124.4W, 100,  958, -999, -999, -999, -999, -999, -999, -999, -999, -999, -999, -999, -999, -999
19910624, 0000,  , HU, 14.7N, 125.7W, 100,  957, -999, -999, -999, -999, -999, -999, -999, -999, -999, -999, -999, -999, -999
19910624, 0600,  , HU, 15.3N, 127.0W, 105,  955, -999, -999, -999, -999, -999, -999, -999, -999, -999, -999, -999, -999, -999
19910624, 1200,  , HU, 15.7N, 128.1W, 100,  960, -999, -999, -999, -999, -999, -999, -999, -999, -999, -999, -999, -999, -999
19910624, 1800,  , HU, 16.1N, 129.1W, 100,  964, -999, -999, -999, -999, -999, -999, -999, -999, -999, -999, -999, -999, -999
19910625, 0000,  , HU, 16.3N, 130.0W, 100,  968, -999, -999, -999, -999, -999, -999, -999, -999, -999, -999, -999, -999, -999
19910625, 0600,  , HU, 16.5N, 130.6W,  90,  972, -999, -999, -999, -999, -999, -999, -999, -999, -999, -999, -999, -999, -999
19910625, 1200,  , HU, 16.6N, 131.2W,  85,  980, -999, -999, -999, -999, -999, -999, -999, -999, -999, -999, -999, -999, -999
19910625, 1800,  , HU, 16.7N, 131.6W,  75,  984, -999, -999, -999, -999, -999, -999, -999, -999, -999, -999, -999, -999, -999
19910626, 0000,  , HU, 16.7N, 132.0W,  65,  988, -999, -999, -999, -999, -999, -999, -999, -999, -999, -999, -999, -999, -999
19910626, 0600,  , TS, 16.7N, 132.5W,  55,  995, -999, -999, -999, -999, -999, -999, -999, -999, -999, -999, -999, -999, -999
19910626, 1200,  , TS, 16.7N, 133.1W,  45, 1000, -999, -999, -999, -999, -999, -999, -999, -999, -999, -999, -999, -999, -999
19910626, 1800,  , TS, 16.8N, 133.7W,  35, 1005, -999, -999, -999, -999, -999, -999, -999, -999, -999, -999, -999, -999, -999
19910627, 0000,  , TD, 16.8N, 134.4W,  30, 1009, -999, -999, -999, -999, -999, -999, -999, -999, -999, -999, -999, -999, -999
19910627, 0600,  , TD, 16.8N, 135.0W,  25, 1010, -999, -999, -999, -999, -999, -999, -999, -999, -999, -999, -999, -999, -999
19910627, 1200,  , TD, 16.7N, 135.4W,  25, 1011, -999, -999, -999, -999, -999, -999, -999, -999, -999, -999, -999, -999, -999
EP041991,            DELORES,     26,
19910622, 1200,  , TD, 12.6N, 101.1W,  25, 1007, -999, -999, -999, -999, -999, -999, -999, -999, -999, -999, -999, -999, -999
19910622, 1800,  , TD, 12.8N, 101.3W,  25, 1006, -999, -999, -999, -999, -999, -999, -999, -999, -999, -999, -999, -999, -999
19910623, 0000,  , TD, 13.0N, 101.5W,  25, 1005, -999, -999, -999, -999, -999, -999, -999, -999, -999, -999, -999, -999, -999
19910623, 0600,  , TD, 13.3N, 101.7W,  25, 1003, -999, -999, -999, -999, -999, -999, -999, -999, -999, -999, -999, -999, -999
19910623, 1200,  , TD, 13.9N, 101.7W,  25, 1001, -999, -999, -999, -999, -999, -999, -999, -999, -999, -999, -999, -999, -999
19910623, 1800,  , TD, 14.5N, 101.7W,  30, 1000, -999, -999, -999, -999, -999, -999, -999, -999, -999, -999, -999, -999, -999
19910624, 0000,  , TS, 14.9N, 101.8W,  35,  998, -999, -999, -999, -999, -999, -999, -999, -999, -999, -999, -999, -999, -999
19910624, 0600,  , TS, 15.3N, 102.0W,  40,  996, -999, -999, -999, -999, -999, -999, -999, -999, -999, -999, -999, -999, -999
19910624, 1200,  , TS, 15.8N, 102.3W,  45,  994, -999, -999, -999, -999, -999, -999, -999, -999, -999, -999, -999, -999, -999
19910624, 1800,  , TS, 16.4N, 102.9W,  50,  992, -999, -999, -999, -999, -999, -999, -999, -999, -999, -999, -999, -999, -999
19910625, 0000,  , TS, 17.0N, 103.7W,  60,  989, -999, -999, -999, -999, -999, -999, -999, -999, -999, -999, -999, -999, -999
19910625, 0600,  , HU, 17.4N, 104.6W,  65,  985, -999, -999, -999, -999, -999, -999, -999, -999, -999, -999, -999, -999, -999
19910625, 1200,  , HU, 17.8N, 105.6W,  70,  982, -999, -999, -999, -999, -999, -999, -999, -999, -999, -999, -999, -999, -999
19910625, 1800,  , HU, 17.8N, 106.7W,  75,  979, -999, -999, -999, -999, -999, -999, -999, -999, -999, -999, -999, -999, -999
19910626, 0000,  , HU, 18.2N, 107.7W,  75,  979, -999, -999, -999, -999, -999, -999, -999, -999, -999, -999, -999, -999, -999
19910626, 0600,  , HU, 18.6N, 108.8W,  75,  979, -999, -999, -999, -999, -999, -999, -999, -999, -999, -999, -999, -999, -999
19910626, 1200,  , HU, 19.4N, 109.8W,  70,  980, -999, -999, -999, -999, -999, -999, -999, -999, -999, -999, -999, -999, -999
19910626, 1800,  , HU, 19.6N, 110.7W,  65,  985, -999, -999, -999, -999, -999, -999, -999, -999, -999, -999, -999, -999, -999
19910627, 0000,  , TS, 19.6N, 111.4W,  60,  990, -999, -999, -999, -999, -999, -999, -999, -999, -999, -999, -999, -999, -999
19910627, 0600,  , TS, 19.3N, 111.7W,  50,  994, -999, -999, -999, -999, -999, -999, -999, -999, -999, -999, -999, -999, -999
19910627, 1200,  , TS, 18.8N, 111.8W,  40,  997, -999, -999, -999, -999, -999, -999, -999, -999, -999, -999, -999, -999, -999
19910627, 1800,  , TS, 18.4N, 111.8W,  35,  999, -999, -999, -999, -999, -999, -999, -999, -999, -999, -999, -999, -999, -999
19910628, 0000,  , TD, 18.2N, 111.8W,  30, 1000, -999, -999, -999, -999, -999, -999, -999, -999, -999, -999, -999, -999, -999
19910628, 0600,  , TD, 18.2N, 111.6W,  25, 1002, -999, -999, -999, -999, -999, -999, -999, -999, -999, -999, -999, -999, -999
19910628, 1200,  , TD, 18.2N, 111.4W,  25, 1003, -999, -999, -999, -999, -999, -999, -999, -999, -999, -999, -999, -999, -999
19910628, 1800,  , TD, 18.2N, 111.3W,  25, 1004, -999, -999, -999, -999, -999, -999, -999, -999, -999, -999, -999, -999, -999
EP051991,            UNNAMED,      7,
19910628, 1200,  , TD, 12.7N,  92.9W,  25, -999, -999, -999, -999, -999, -999, -999, -999, -999, -999, -999, -999, -999, -999
19910628, 1800,  , TD, 13.3N,  93.5W,  25, -999, -999, -999, -999, -999, -999, -999, -999, -999, -999, -999, -999, -999, -999
19910629, 0000,  , TD, 13.9N,  94.0W,  25, -999, -999, -999, -999, -999, -999, -999, -999, -999, -999, -999, -999, -999, -999
19910629, 0600,  , TD, 14.6N,  94.6W,  25, -999, -999, -999, -999, -999, -999, -999, -999, -999, -999, -999, -999, -999, -999
19910629, 1200,  , TD, 15.4N,  95.0W,  30, -999, -999, -999, -999, -999, -999, -999, -999, -999, -999, -999, -999, -999, -999
19910629, 1800,  , TD, 16.1N,  95.1W,  30, -999, -999, -999, -999, -999, -999, -999, -999, -999, -999, -999, -999, -999, -999
19910630, 0000,  , TD, 16.3N,  95.8W,  30, -999, -999, -999, -999, -999, -999, -999, -999, -999, -999, -999, -999, -999, -999
EP061991,            ENRIQUE,     26,
19910715, 1200,  , TD,  9.4N, 111.9W,  25, 1008, -999, -999, -999, -999, -999, -999, -999, -999, -999, -999, -999, -999, -999
19910715, 1800,  , TD,  9.8N, 113.3W,  30, 1007, -999, -999, -999, -999, -999, -999, -999, -999, -999, -999, -999, -999, -999
19910716, 0000,  , TS, 10.2N, 114.8W,  35, 1005, -999, -999, -999, -999, -999, -999, -999, -999, -999, -999, -999, -999, -999
19910716, 0600,  , TS, 10.5N, 116.1W,  45, 1001, -999, -999, -999, -999, -999, -999, -999, -999, -999, -999, -999, -999, -999
19910716, 1200,  , TS, 10.9N, 117.3W,  50,  998, -999, -999, -999, -999, -999, -999, -999, -999, -999, -999, -999, -999, -999
19910716, 1800,  , TS, 11.4N, 118.6W,  55,  993, -999, -999, -999, -999, -999, -999, -999, -999, -999, -999, -999, -999, -999
19910717, 0000,  , TS, 12.1N, 120.0W,  60,  990, -999, -999, -999, -999, -999, -999, -999, -999, -999, -999, -999, -999, -999
19910717, 0600,  , HU, 12.6N, 121.5W,  65,  987, -999, -999, -999, -999, -999, -999, -999, -999, -999, -999, -999, -999, -999
19910717, 1200,  , TS, 13.0N, 123.1W,  60,  990, -999, -999, -999, -999, -999, -999, -999, -999, -999, -999, -999, -999, -999
19910717, 1800,  , TS, 13.3N, 124.8W,  55,  993, -999, -999, -999, -999, -999, -999, -999, -999, -999, -999, -999, -999, -999
19910718, 0000,  , TS, 13.6N, 126.7W,  50,  996, -999, -999, -999, -999, -999, -999, -999, -999, -999, -999, -999, -999, -999
19910718, 0600,  , TS, 13.7N, 128.5W,  45,  999, -999, -999, -999, -999, -999, -999, -999, -999, -999, -999, -999, -999, -999
19910718, 1200,  , TS, 14.0N, 130.2W,  45, 1001, -999, -999, -999, -999, -999, -999, -999, -999, -999, -999, -999, -999, -999
19910718, 1800,  , TS, 14.4N, 131.5W,  40, 1003, -999, -999, -999, -999, -999, -999, -999, -999, -999, -999, -999, -999, -999
19910719, 0000,  , TS, 15.0N, 132.6W,  35, 1004, -999, -999, -999, -999, -999, -999, -999, -999, -999, -999, -999, -999, -999
19910719, 0600,  , TS, 15.3N, 133.6W,  35, 1006, -999, -999, -999, -999, -999, -999, -999, -999, -999, -999, -999, -999, -999
19910719, 1200,  , TS, 15.4N, 134.7W,  35, 1007, -999, -999, -999, -999, -999, -999, -999, -999, -999, -999, -999, -999, -999
19910719, 1800,  , TD, 15.3N, 135.9W,  30, 1008, -999, -999, -999, -999, -999, -999, -999, -999, -999, -999, -999, -999, -999
19910720, 0000,  , TD, 15.2N, 137.1W,  30, 1009, -999, -999, -999, -999, -999, -999, -999, -999, -999, -999, -999, -999, -999
19910720, 0600,  , TD, 15.2N, 138.1W,  30, 1010, -999, -999, -999, -999, -999, -999, -999, -999, -999, -999, -999, -999, -999
19910720, 1200,  , TD, 15.3N, 139.0W,  30, 1012, -999, -999, -999, -999, -999, -999, -999, -999, -999, -999, -999, -999, -999
19910720, 1800,  , TD, 15.6N, 139.5W,  25, 1014, -999, -999, -999, -999, -999, -999, -999, -999, -999, -999, -999, -999, -999
19910721, 0000,  , TD, 15.7N, 139.7W,  25, 1014, -999, -999, -999, -999, -999, -999, -999, -999, -999, -999, -999, -999, -999
19910721, 0600,  , TD, 15.7N, 139.7W,  25, 1014, -999, -999, -999, -999, -999, -999, -999, -999, -999, -999, -999, -999, -999
19910721, 1200,  , TD, 16.1N, 140.1W,  25, 1014, -999, -999, -999, -999, -999, -999, -999, -999, -999, -999, -999, -999, -999
19910721, 1800,  , TD, 16.7N, 140.9W,  25, 1014, -999, -999, -999, -999, -999, -999, -999, -999, -999, -999, -999, -999, -999
EP071991,               FEFA,     40,
19910729, 0600,  , TD, 10.8N, 107.2W,  25, 1009, -999, -999, -999, -999, -999, -999, -999, -999, -999, -999, -999, -999, -999
19910729, 1200,  , TD, 11.5N, 108.5W,  30, 1008, -999, -999, -999, -999, -999, -999, -999, -999, -999, -999, -999, -999, -999
19910729, 1800,  , TS, 12.1N, 109.7W,  35, 1005, -999, -999, -999, -999, -999, -999, -999, -999, -999, -999, -999, -999, -999
19910730, 0000,  , TS, 12.8N, 110.8W,  35, 1004, -999, -999, -999, -999, -999, -999, -999, -999, -999, -999, -999, -999, -999
19910730, 0600,  , TS, 13.2N, 111.8W,  40, 1002, -999, -999, -999, -999, -999, -999, -999, -999, -999, -999, -999, -999, -999
19910730, 1200,  , TS, 13.4N, 112.9W,  45, 1000, -999, -999, -999, -999, -999, -999, -999, -999, -999, -999, -999, -999, -999
19910730, 1800,  , TS, 13.7N, 113.8W,  50,  997, -999, -999, -999, -999, -999, -999, -999, -999, -999, -999, -999, -999, -999
19910731, 0000,  , TS, 14.0N, 114.8W,  55,  994, -999, -999, -999, -999, -999, -999, -999, -999, -999, -999, -999, -999, -999
19910731, 0600,  , TS, 14.6N, 115.9W,  60,  991, -999, -999, -999, -999, -999, -999, -999, -999, -999, -999, -999, -999, -999
19910731, 1200,  , HU, 15.0N, 116.9W,  65,  987, -999, -999, -999, -999, -999, -999, -999, -999, -999, -999, -999, -999, -999
19910731, 1800,  , HU, 15.3N, 118.0W,  70,  984, -999, -999, -999, -999, -999, -999, -999, -999, -999, -999, -999, -999, -999
19910801, 0000,  , HU, 15.5N, 119.1W,  75,  982, -999, -999, -999, -999, -999, -999, -999, -999, -999, -999, -999, -999, -999
19910801, 0600,  , HU, 15.8N, 120.1W,  80,  977, -999, -999, -999, -999, -999, -999, -999, -999, -999, -999, -999, -999, -999
19910801, 1200,  , HU, 16.1N, 121.0W,  85,  971, -999, -999, -999, -999, -999, -999, -999, -999, -999, -999, -999, -999, -999
19910801, 1800,  , HU, 16.3N, 121.8W,  95,  963, -999, -999, -999, -999, -999, -999, -999, -999, -999, -999, -999, -999, -999
19910802, 0000,  , HU, 16.6N, 122.7W, 105,  959, -999, -999, -999, -999, -999, -999, -999, -999, -999, -999, -999, -999, -999
19910802, 0600,  , HU, 16.9N, 123.6W, 105,  960, -999, -999, -999, -999, -999, -999, -999, -999, -999, -999, -999, -999, -999
19910802, 1200,  , HU, 17.1N, 124.6W, 100,  962, -999, -999, -999, -999, -999, -999, -999, -999, -999, -999, -999, -999, -999
19910802, 1800,  , HU, 17.3N, 125.7W,  95,  967, -999, -999, -999, -999, -999, -999, -999, -999, -999, -999, -999, -999, -999
19910803, 0000,  , HU, 17.4N, 126.8W,  90,  972, -999, -999, -999, -999, -999, -999, -999, -999, -999, -999, -999, -999, -999
19910803, 0600,  , HU, 17.5N, 128.0W,  80,  977, -999, -999, -999, -999, -999, -999, -999, -999, -999, -999, -999, -999, -999
19910803, 1200,  , HU, 17.6N, 129.4W,  75,  979, -999, -999, -999, -999, -999, -999, -999, -999, -999, -999, -999, -999, -999
19910803, 1800,  , HU, 17.7N, 130.9W,  80,  978, -999, -999, -999, -999, -999, -999, -999, -999, -999, -999, -999, -999, -999
19910804, 0000,  , HU, 17.8N, 132.5W,  85,  975, -999, -999, -999, -999, -999, -999, -999, -999, -999, -999, -999, -999, -999
19910804, 0600,  , HU, 17.9N, 134.0W,  85,  972, -999, -999, -999, -999, -999, -999, -999, -999, -999, -999, -999, -999, -999
19910804, 1200,  , HU, 18.0N, 135.5W,  90,  970, -999, -999, -999, -999, -999, -999, -999, -999, -999, -999, -999, -999, -999
19910804, 1800,  , HU, 18.0N, 137.1W,  90,  970, -999, -999, -999, -999, -999, -999, -999, -999, -999, -999, -999, -999, -999
19910805, 0000,  , HU, 18.1N, 138.6W,  90,  970, -999, -999, -999, -999, -999, -999, -999, -999, -999, -999, -999, -999, -999
19910805, 0600,  , HU, 18.1N, 140.3W,  85,  972, -999, -999, -999, -999, -999, -999, -999, -999, -999, -999, -999, -999, -999
19910805, 1200,  , HU, 18.1N, 142.0W,  80,  975, -999, -999, -999, -999, -999, -999, -999, -999, -999, -999, -999, -999, -999
19910805, 1800,  , HU, 18.2N, 143.2W,  70,  977, -999, -999, -999, -999, -999, -999, -999, -999, -999, -999, -999, -999, -999
19910806, 0000,  , HU, 18.3N, 144.6W,  65,  980, -999, -999, -999, -999, -999, -999, -999, -999, -999, -999, -999, -999, -999
19910806, 0600,  , TS, 18.3N, 145.9W,  60,  988, -999, -999, -999, -999, -999, -999, -999, -999, -999, -999, -999, -999, -999
19910806, 1200,  , TS, 18.3N, 147.0W,  55,  995, -999, -999, -999, -999, -999, -999, -999, -999, -999, -999, -999, -999, -999
19910806, 1800,  , TS, 18.3N, 148.7W,  50, 1000, -999, -999, -999, -999, -999, -999, -999, -999, -999, -999, -999, -999, -999
19910807, 0000,  , TS, 18.3N, 149.9W,  45, 1001, -999, -999, -999, -999, -999, -999, -999, -999, -999, -999, -999, -999, -999
19910807, 0600,  , TS, 18.4N, 151.4W,  40, 1002, -999, -999, -999, -999, -999, -999, -999, -999, -999, -999, -999, -999, -999
19910807, 1200,  , TS, 18.5N, 153.0W,  35, 1004, -999, -999, -999, -999, -999, -999, -999, -999, -999, -999, -999, -999, -999
19910807, 1800,  , TD, 18.8N, 154.1W,  30, 1006, -999, -999, -999, -999, -999, -999, -999, -999, -999, -999, -999, -999, -999
19910808, 0000,  , TD, 19.3N, 155.0W,  25, 1008, -999, -999, -999, -999, -999, -999, -999, -999, -999, -999, -999, -999, -999
EP081991,          GUILLERMO,     28,
19910804, 0000,  , TD, 12.3N,  98.4W,  25, 1010, -999, -999, -999, -999, -999, -999, -999, -999, -999, -999, -999, -999, -999
19910804, 0600,  , TD, 12.9N,  99.4W,  25, 1009, -999, -999, -999, -999, -999, -999, -999, -999, -999, -999, -999, -999, -999
19910804, 1200,  , TD, 13.4N, 100.2W,  30, 1008, -999, -999, -999, -999, -999, -999, -999, -999, -999, -999, -999, -999, -999
19910804, 1800,  , TS, 13.8N, 101.1W,  35, 1007, -999, -999, -999, -999, -999, -999, -999, -999, -999, -999, -999, -999, -999
19910805, 0000,  , TS, 14.3N, 101.9W,  40, 1004, -999, -999, -999, -999, -999, -999, -999, -999, -999, -999, -999, -999, -999
19910805, 0600,  , TS, 14.7N, 102.8W,  50, 1000, -999, -999, -999, -999, -999, -999, -999, -999, -999, -999, -999, -999, -999
19910805, 1200,  , HU, 15.2N, 103.7W,  65,  993, -999, -999, -999, -999, -999, -999, -999, -999, -999, -999, -999, -999, -999
19910805, 1800,  , HU, 15.6N, 104.8W,  70,  985, -999, -999, -999, -999, -999, -999, -999, -999, -999, -999, -999, -999, -999
19910806, 0000,  , HU, 15.9N, 106.3W,  70,  984, -999, -999, -999, -999, -999, -999, -999, -999, -999, -999, -999, -999, -999
19910806, 0600,  , HU, 16.2N, 107.7W,  70,  983, -999, -999, -999, -999, -999, -999, -999, -999, -999, -999, -999, -999, -999
19910806, 1200,  , HU, 16.4N, 109.0W,  70,  983, -999, -999, -999, -999, -999, -999, -999, -999, -999, -999, -999, -999, -999
19910806, 1800,  , HU, 16.5N, 110.2W,  70,  983, -999, -999, -999, -999, -999, -999, -999, -999, -999, -999, -999, -999, -999
19910807, 0000,  , HU, 16.6N, 111.4W,  70,  984, -999, -999, -999, -999, -999, -999, -999, -999, -999, -999, -999, -999, -999
19910807, 0600,  , HU, 16.8N, 112.7W,  65,  987, -999, -999, -999, -999, -999, -999, -999, -999, -999, -999, -999, -999, -999
19910807, 1200,  , TS, 17.0N, 114.0W,  60,  991, -999, -999, -999, -999, -999, -999, -999, -999, -999, -999, -999, -999, -999
19910807, 1800,  , TS, 17.2N, 115.3W,  55,  995, -999, -999, -999, -999, -999, -999, -999, -999, -999, -999, -999, -999, -999
19910808, 0000,  , TS, 17.3N, 116.6W,  50,  997, -999, -999, -999, -999, -999, -999, -999, -999, -999, -999, -999, -999, -999
19910808, 0600,  , TS, 17.4N, 117.8W,  45, 1000, -999, -999, -999, -999, -999, -999, -999, -999, -999, -999, -999, -999, -999
19910808, 1200,  , TS, 17.5N, 119.1W,  40, 1002, -999, -999, -999, -999, -999, -999, -999, -999, -999, -999, -999, -999, -999
19910808, 1800,  , TS, 17.5N, 120.4W,  40, 1004, -999, -999, -999, -999, -999, -999, -999, -999, -999, -999, -999, -999, -999
19910809, 0000,  , TS, 17.5N, 121.9W,  35, 1005, -999, -999, -999, -999, -999, -999, -999, -999, -999, -999, -999, -999, -999
19910809, 0600,  , TS, 17.4N, 123.5W,  35, 1007, -999, -999, -999, -999, -999, -999, -999, -999, -999, -999, -999, -999, -999
19910809, 1200,  , TD, 17.3N, 125.3W,  30, 1008, -999, -999, -999, -999, -999, -999, -999, -999, -999, -999, -999, -999, -999
19910809, 1800,  , TD, 17.0N, 127.1W,  30, 1008, -999, -999, -999, -999, -999, -999, -999, -999, -999, -999, -999, -999, -999
19910810, 0000,  , TD, 16.5N, 128.9W,  25, 1009, -999, -999, -999, -999, -999, -999, -999, -999, -999, -999, -999, -999, -999
19910810, 0600,  , TD, 16.1N, 130.5W,  25, 1009, -999, -999, -999, -999, -999, -999, -999, -999, -999, -999, -999, -999, -999
19910810, 1200,  , TD, 15.6N, 132.0W,  25, 1009, -999, -999, -999, -999, -999, -999, -999, -999, -999, -999, -999, -999, -999
19910810, 1800,  , TD, 15.2N, 133.6W,  25, 1010, -999, -999, -999, -999, -999, -999, -999, -999, -999, -999, -999, -999, -999
EP091991,              HILDA,     26,
19910808, 0000,  , TD, 13.3N, 101.9W,  25, 1009, -999, -999, -999, -999, -999, -999, -999, -999, -999, -999, -999, -999, -999
19910808, 0600,  , TD, 13.3N, 103.1W,  25, 1009, -999, -999, -999, -999, -999, -999, -999, -999, -999, -999, -999, -999, -999
19910808, 1200,  , TD, 13.5N, 104.3W,  30, 1009, -999, -999, -999, -999, -999, -999, -999, -999, -999, -999, -999, -999, -999
19910808, 1800,  , TD, 13.9N, 105.3W,  30, 1008, -999, -999, -999, -999, -999, -999, -999, -999, -999, -999, -999, -999, -999
19910809, 0000,  , TD, 14.4N, 106.1W,  30, 1007, -999, -999, -999, -999, -999, -999, -999, -999, -999, -999, -999, -999, -999
19910809, 0600,  , TD, 14.7N, 106.9W,  30, 1006, -999, -999, -999, -999, -999, -999, -999, -999, -999, -999, -999, -999, -999
19910809, 1200,  , TS, 15.1N, 107.8W,  35, 1005, -999, -999, -999, -999, -999, -999, -999, -999, -999, -999, -999, -999, -999
19910809, 1800,  , TS, 15.6N, 108.9W,  40, 1004, -999, -999, -999, -999, -999, -999, -999, -999, -999, -999, -999, -999, -999
19910810, 0000,  , TS, 16.2N, 109.8W,  45, 1003, -999, -999, -999, -999, -999, -999, -999, -999, -999, -999, -999, -999, -999
19910810, 0600,  , TS, 16.7N, 110.7W,  45, 1000, -999, -999, -999, -999, -999, -999, -999, -999, -999, -999, -999, -999, -999
19910810, 1200,  , TS, 17.3N, 111.7W,  50,  997, -999, -999, -999, -999, -999, -999, -999, -999, -999, -999, -999, -999, -999
19910810, 1800,  , TS, 18.1N, 112.7W,  50,  995, -999, -999, -999, -999, -999, -999, -999, -999, -999, -999, -999, -999, -999
19910811, 0000,  , TS, 19.0N, 113.5W,  55,  993, -999, -999, -999, -999, -999, -999, -999, -999, -999, -999, -999, -999, -999
19910811, 0600,  , TS, 20.0N, 114.3W,  55,  992, -999, -999, -999, -999, -999, -999, -999, -999, -999, -999, -999, -999, -999
19910811, 1200,  , TS, 21.0N, 114.5W,  50,  995, -999, -999, -999, -999, -999, -999, -999, -999, -999, -999, -999, -999, -999
19910811, 1800,  , TS, 22.0N, 116.7W,  45, 1000, -999, -999, -999, -999, -999, -999, -999, -999, -999, -999, -999, -999, -999
19910812, 0000,  , TS, 23.0N, 117.9W,  45, 1003, -999, -999, -999, -999, -999, -999, -999, -999, -999, -999, -999, -999, -999
19910812, 0600,  , TS, 24.1N, 118.8W,  45, 1005, -999, -999, -999, -999, -999, -999, -999, -999, -999, -999, -999, -999, -999
19910812, 1200,  , TS, 25.3N, 119.6W,  45, 1006, -999, -999, -999, -999, -999, -999, -999, -999, -999, -999, -999, -999, -999
19910812, 1800,  , TS, 26.5N, 120.1W,  40, 1008, -999, -999, -999, -999, -999, -999, -999, -999, -999, -999, -999, -999, -999
19910813, 0000,  , TS, 27.7N, 120.5W,  35, 1009, -999, -999, -999, -999, -999, -999, -999, -999, -999, -999, -999, -999, -999
19910813, 0600,  , TD, 28.8N, 120.9W,  30, 1009, -999, -999, -999, -999, -999, -999, -999, -999, -999, -999, -999, -999, -999
19910813, 1200,  , TD, 29.9N, 121.4W,  25, 1010, -999, -999, -999, -999, -999, -999, -999, -999, -999, -999, -999, -999, -999
19910813, 1800,  , TD, 30.9N, 121.8W,  25, 1010, -999, -999, -999, -999, -999, -999, -999, -999, -999, -999, -999, -999, -999
19910814, 0000,  , TD, 31.8N, 121.7W,  25, 1010, -999, -999, -999, -999, -999, -999, -999, -999, -999, -999, -999, -999, -999
19910814, 0600,  , TD, 32.7N, 121.6W,  25, 1010, -999, -999, -999, -999, -999, -999, -999, -999, -999, -999, -999, -999, -999
EP101991,            UNNAMED,      7,
19910912, 1200,  , TD, 17.0N, 106.7W,  25, -999, -999, -999, -999, -999, -999, -999, -999, -999, -999, -999, -999, -999, -999
19910912, 1800,  , TD, 17.6N, 107.1W,  25, -999, -999, -999, -999, -999, -999, -999, -999, -999, -999, -999, -999, -999, -999
19910913, 0000,  , TD, 18.2N, 107.2W,  25, -999, -999, -999, -999, -999, -999, -999, -999, -999, -999, -999, -999, -999, -999
19910913, 0600,  , TD, 18.8N, 107.2W,  30, -999, -999, -999, -999, -999, -999, -999, -999, -999, -999, -999, -999, -999, -999
19910913, 1200,  , TD, 19.3N, 107.1W,  30, -999, -999, -999, -999, -999, -999, -999, -999, -999, -999, -999, -999, -999, -999
19910913, 1800,  , TD, 19.8N, 107.0W,  30, -999, -999, -999, -999, -999, -999, -999, -999, -999, -999, -999, -999, -999, -999
19910914, 0000,  , TD, 20.3N, 106.9W,  30, -999, -999, -999, -999, -999, -999, -999, -999, -999, -999, -999, -999, -999, -999
EP111991,            IGNACIO,     13,
19910916, 0600,  , TD, 14.1N, 102.2W,  25, 1009, -999, -999, -999, -999, -999, -999, -999, -999, -999, -999, -999, -999, -999
19910916, 1200,  , TD, 15.1N, 102.1W,  30, 1008, -999, -999, -999, -999, -999, -999, -999, -999, -999, -999, -999, -999, -999
19910916, 1800,  , TS, 16.0N, 102.5W,  35, 1005, -999, -999, -999, -999, -999, -999, -999, -999, -999, -999, -999, -999, -999
19910917, 0000,  , TS, 16.7N, 103.0W,  45, 1000, -999, -999, -999, -999, -999, -999, -999, -999, -999, -999, -999, -999, -999
19910917, 0600,  , TS, 17.1N, 103.3W,  50,  997, -999, -999, -999, -999, -999, -999, -999, -999, -999, -999, -999, -999, -999
19910917, 1200,  , TS, 17.5N, 103.5W,  55,  994, -999, -999, -999, -999, -999, -999, -999, -999, -999, -999, -999, -999, -999
19910917, 1800,  , TS, 17.7N, 103.3W,  55,  995, -999, -999, -999, -999, -999, -999, -999, -999, -999, -999, -999, -999, -999
19910918, 0000,  , TS, 17.7N, 103.0W,  50,  997, -999, -999, -999, -999, -999, -999, -999, -999, -999, -999, -999, -999, -999
19910918, 0600,  , TS, 17.5N, 102.8W,  45, 1000, -999, -999, -999, -999, -999, -999, -999, -999, -999, -999, -999, -999, -999
19910918, 1200,  , TS, 17.2N, 102.7W,  40, 1002, -999, -999, -999, -999, -999, -999, -999, -999, -999, -999, -999, -999, -999
19910918, 1800,  , TS, 16.8N, 102.6W,  35, 1004, -999, -999, -999, -999, -999, -999, -999, -999, -999, -999, -999, -999, -999
19910919, 0000,  , TD, 16.4N, 102.7W,  25, 1006, -999, -999, -999, -999, -999, -999, -999, -999, -999, -999, -999, -999, -999
19910919, 0600,  , TD, 16.1N, 102.8W,  25, 1006, -999, -999, -999, -999, -999, -999, -999, -999, -999, -999, -999, -999, -999
EP121991,             JIMENA,     46,
19910920, 1800,  , TD, 10.1N, 100.1W,  25, 1009, -999, -999, -999, -999, -999, -999, -999, -999, -999, -999, -999, -999, -999
19910921, 0000,  , TD, 10.3N, 100.7W,  30, 1008, -999, -999, -999, -999, -999, -999, -999, -999, -999, -999, -999, -999, -999
19910921, 0600,  , TD, 10.7N, 101.5W,  30, 1008, -999, -999, -999, -999, -999, -999, -999, -999, -999, -999, -999, -999, -999
19910921, 1200,  , TD, 11.2N, 102.3W,  30, 1007, -999, -999, -999, -999, -999, -999, -999, -999, -999, -999, -999, -999, -999
19910921, 1800,  , TS, 11.7N, 103.0W,  35, 1005, -999, -999, -999, -999, -999, -999, -999, -999, -999, -999, -999, -999, -999
19910922, 0000,  , TS, 12.3N, 103.4W,  40, 1003, -999, -999, -999, -999, -999, -999, -999, -999, -999, -999, -999, -999, -999
19910922, 0600,  , TS, 12.8N, 103.9W,  45, 1000, -999, -999, -999, -999, -999, -999, -999, -999, -999, -999, -999, -999, -999
19910922, 1200,  , TS, 13.1N, 104.3W,  55,  994, -999, -999, -999, -999, -999, -999, -999, -999, -999, -999, -999, -999, -999
19910922, 1800,  , HU, 13.4N, 104.9W,  65,  987, -999, -999, -999, -999, -999, -999, -999, -999, -999, -999, -999, -999, -999
19910923, 0000,  , HU, 13.4N, 105.7W,  85,  975, -999, -999, -999, -999, -999, -999, -999, -999, -999, -999, -999, -999, -999
19910923, 0600,  , HU, 13.5N, 106.6W, 105,  963, -999, -999, -999, -999, -999, -999, -999, -999, -999, -999, -999, -999, -999
19910923, 1200,  , HU, 13.5N, 107.7W, 110,  954, -999, -999, -999, -999, -999, -999, -999, -999, -999, -999, -999, -999, -999
19910923, 1800,  , HU, 13.4N, 108.9W, 115,  949, -999, -999, -999, -999, -999, -999, -999, -999, -999, -999, -999, -999, -999
19910924, 0000,  , HU, 13.4N, 110.0W, 115,  947, -999, -999, -999, -999, -999, -999, -999, -999, -999, -999, -999, -999, -999
19910924, 0600,  , HU, 13.4N, 111.0W, 115,  946, -999, -999, -999, -999, -999, -999, -999, -999, -999, -999, -999, -999, -999
19910924, 1200,  , HU, 13.4N, 112.1W, 115,  945, -999, -999, -999, -999, -999, -999, -999, -999, -999, -999, -999, -999, -999
19910924, 1800,  , HU, 13.4N, 113.1W, 115,  945, -999, -999, -999, -999, -999, -999, -999, -999, -999, -999, -999, -999, -999
19910925, 0000,  , HU, 13.3N, 114.1W, 110,  951, -999, -999, -999, -999, -999, -999, -999, -999, -999, -999, -999, -999, -999
19910925, 0600,  , HU, 13.4N, 115.1W, 110,  950, -999, -999, -999, -999, -999, -999, -999, -999, -999, -999, -999, -999, -999
19910925, 1200,  , HU, 13.4N, 116.0W, 115,  948, -999, -999, -999, -999, -999, -999, -999, -999, -999, -999, -999, -999, -999
19910925, 1800,  , HU, 13.5N, 116.9W, 115,  948, -999, -999, -999, -999, -999, -999, -999, -999, -999, -999, -999, -999, -999
19910926, 0000,  , HU, 13.7N, 117.7W, 115,  950, -999, -999, -999, -999, -999, -999, -999, -999, -999, -999, -999, -999, -999
19910926, 0600,  , HU, 13.9N, 118.4W, 110,  952, -999, -999, -999, -999, -999, -999, -999, -999, -999, -999, -999, -999, -999
19910926, 1200,  , HU, 14.2N, 119.2W, 110,  953, -999, -999, -999, -999, -999, -999, -999, -999, -999, -999, -999, -999, -999
19910926, 1800,  , HU, 14.5N, 119.9W, 105,  955, -999, -999, -999, -999, -999, -999, -999, -999, -999, -999, -999, -999, -999
19910927, 0000,  , HU, 14.8N, 120.7W, 100,  957, -999, -999, -999, -999, -999, -999, -999, -999, -999, -999, -999, -999, -999
19910927, 0600,  , HU, 15.2N, 121.4W, 100,  958, -999, -999, -999, -999, -999, -999, -999, -999, -999, -999, -999, -999, -999
19910927, 1200,  , HU, 15.4N, 122.0W, 100,  960, -999, -999, -999, -999, -999, -999, -999, -999, -999, -999, -999, -999, -999
19910927, 1800,  , HU, 15.5N, 122.5W,  95,  961, -999, -999, -999, -999, -999, -999, -999, -999, -999, -999, -999, -999, -999
19910928, 0000,  , HU, 15.5N, 123.0W,  95,  962, -999, -999, -999, -999, -999, -999, -999, -999, -999, -999, -999, -999, -999
19910928, 0600,  , HU, 15.5N, 123.5W,  95,  963, -999, -999, -999, -999, -999, -999, -999, -999, -999, -999, -999, -999, -999
19910928, 1200,  , HU, 15.6N, 123.9W,  95,  964, -999, -999, -999, -999, -999, -999, -999, -999, -999, -999, -999, -999, -999
19910928, 1800,  , HU, 15.7N, 124.3W,  95,  966, -999, -999, -999, -999, -999, -999, -999, -999, -999, -999, -999, -999, -999
19910929, 0000,  , HU, 15.8N, 124.5W,  90,  967, -999, -999, -999, -999, -999, -999, -999, -999, -999, -999, -999, -999, -999
19910929, 0600,  , HU, 16.0N, 124.7W,  90,  969, -999, -999, -999, -999, -999, -999, -999, -999, -999, -999, -999, -999, -999
19910929, 1200,  , HU, 16.3N, 124.9W,  90,  970, -999, -999, -999, -999, -999, -999, -999, -999, -999, -999, -999, -999, -999
19910929, 1800,  , HU, 16.7N, 125.1W,  85,  972, -999, -999, -999, -999, -999, -999, -999, -999, -999, -999, -999, -999, -999
19910930, 0000,  , HU, 17.2N, 125.5W,  80,  975, -999, -999, -999, -999, -999, -999, -999, -999, -999, -999, -999, -999, -999
19910930, 0600,  , HU, 17.7N, 125.9W,  70,  979, -999, -999, -999, -999, -999, -999, -999, -999, -999, -999, -999, -999, -999
19910930, 1200,  , TS, 18.5N, 126.5W,  60,  988, -999, -999, -999, -999, -999, -999, -999, -999, -999, -999, -999, -999, -999
19910930, 1800,  , TS, 19.3N, 127.4W,  50,  996, -999, -999, -999, -999, -999, -999, -999, -999, -999, -999, -999, -999, -999
19911001, 0000,  , TS, 20.0N, 128.2W,  35, 1002, -999, -999, -999, -999, -999, -999, -999, -999, -999, -999, -999, -999, -999
19911001, 0600,  , TD, 20.5N, 129.1W,  30, 1006, -999, -999, -999, -999, -999, -999, -999, -999, -999, -999, -999, -999, -999
19911001, 1200,  , TD, 21.1N, 130.0W,  25, 1009, -999, -999, -999, -999, -999, -999, -999, -999, -999, -999, -999, -999, -999
19911001, 1800,  , TD, 21.7N, 130.8W,  25, 1010, -999, -999, -999, -999, -999, -999, -999, -999, -999, -999, -999, -999, -999
19911002, 0000,  , TD, 22.5N, 131.5W,  20, 1011, -999, -999, -999, -999, -999, -999, -999, -999, -999, -999, -999, -999, -999
EP131991,              KEVIN,     70,
19910925, 0000,  , TD, 12.2N,  96.2W,  25, 1008, -999, -999, -999, -999, -999, -999, -999, -999, -999, -999, -999, -999, -999
19910925, 0600,  , TD, 12.3N,  97.0W,  30, 1007, -999, -999, -999, -999, -999, -999, -999, -999, -999, -999, -999, -999, -999
19910925, 1200,  , TD, 12.3N,  97.7W,  30, 1006, -999, -999, -999, -999, -999, -999, -999, -999, -999, -999, -999, -999, -999
19910925, 1800,  , TS, 12.4N,  98.3W,  35, 1005, -999, -999, -999, -999, -999, -999, -999, -999, -999, -999, -999, -999, -999
19910926, 0000,  , TS, 12.7N,  98.7W,  45, 1001, -999, -999, -999, -999, -999, -999, -999, -999, -999, -999, -999, -999, -999
19910926, 0600,  , TS, 13.0N,  99.2W,  50,  996, -999, -999, -999, -999, -999, -999, -999, -999, -999, -999, -999, -999, -999
19910926, 1200,  , TS, 13.3N,  99.9W,  60,  991, -999, -999, -999, -999, -999, -999, -999, -999, -999, -999, -999, -999, -999
19910926, 1800,  , HU, 13.5N, 100.6W,  70,  985, -999, -999, -999, -999, -999, -999, -999, -999, -999, -999, -999, -999, -999
19910927, 0000,  , HU, 13.5N, 101.2W,  80,  975, -999, -999, -999, -999, -999, -999, -999, -999, -999, -999, -999, -999, -999
19910927, 0600,  , HU, 13.7N, 101.7W,  90,  968, -999, -999, -999, -999, -999, -999, -999, -999, -999, -999, -999, -999, -999
19910927, 1200,  , HU, 13.9N, 102.1W,  95,  965, -999, -999, -999, -999, -999, -999, -999, -999, -999, -999, -999, -999, -999
19910927, 1800,  , HU, 14.3N, 102.6W,  90,  968, -999, -999, -999, -999, -999, -999, -999, -999, -999, -999, -999, -999, -999
19910928, 0000,  , HU, 14.7N, 103.2W,  90,  969, -999, -999, -999, -999, -999, -999, -999, -999, -999, -999, -999, -999, -999
19910928, 0600,  , HU, 14.9N, 103.8W,  90,  970, -999, -999, -999, -999, -999, -999, -999, -999, -999, -999, -999, -999, -999
19910928, 1200,  , HU, 15.0N, 104.3W,  90,  969, -999, -999, -999, -999, -999, -999, -999, -999, -999, -999, -999, -999, -999
19910928, 1800,  , HU, 15.2N, 104.5W,  95,  963, -999, -999, -999, -999, -999, -999, -999, -999, -999, -999, -999, -999, -999
19910929, 0000,  , HU, 15.5N, 104.9W, 100,  960, -999, -999, -999, -999, -999, -999, -999, -999, -999, -999, -999, -999, -999
19910929, 0600,  , HU, 15.9N, 105.4W, 105,  957, -999, -999, -999, -999, -999, -999, -999, -999, -999, -999, -999, -999, -999
19910929, 1200,  , HU, 16.2N, 106.0W, 110,  951, -999, -999, -999, -999, -999, -999, -999, -999, -999, -999, -999, -999, -999
19910929, 1800,  , HU, 16.5N, 106.7W, 115,  948, -999, -999, -999, -999, -999, -999, -999, -999, -999, -999, -999, -999, -999
19910930, 0000,  , HU, 16.8N, 107.6W, 115,  947, -999, -999, -999, -999, -999, -999, -999, -999, -999, -999, -999, -999, -999
19910930, 0600,  , HU, 17.0N, 108.5W, 115,  946, -999, -999, -999, -999, -999, -999, -999, -999, -999, -999, -999, -999, -999
19910930, 1200,  , HU, 17.3N, 109.6W, 120,  943, -999, -999, -999, -999, -999, -999, -999, -999, -999, -999, -999, -999, -999
19910930, 1800,  , HU, 17.5N, 110.8W, 120,  938, -999, -999, -999, -999, -999, -999, -999, -999, -999, -999, -999, -999, -999
19911001, 0000,  , HU, 17.6N, 112.0W, 125,  935, -999, -999, -999, -999, -999, -999, -999, -999, -999, -999, -999, -999, -999
19911001, 0600,  , HU, 17.8N, 113.1W, 120,  937, -999, -999, -999, -999, -999, -999, -999, -999, -999, -999, -999, -999, -999
19911001, 1200,  , HU, 17.9N, 114.2W, 120,  942, -999, -999, -999, -999, -999, -999, -999, -999, -999, -999, -999, -999, -999
19911001, 1800,  , HU, 18.0N, 115.2W, 115,  946, -999, -999, -999, -999, -999, -999, -999, -999, -999, -999, -999, -999, -999
19911002, 0000,  , HU, 18.1N, 116.3W, 115,  947, -999, -999, -999, -999, -999, -999, -999, -999, -999, -999, -999, -999, -999
19911002, 0600,  , HU, 18.0N, 117.3W, 115,  948, -999, -999, -999, -999, -999, -999, -999, -999, -999, -999, -999, -999, -999
19911002, 1200,  , HU, 17.7N, 118.3W, 115,  949, -999, -999, -999, -999, -999, -999, -999, -999, -999, -999, -999, -999, -999
19911002, 1800,  , HU, 17.2N, 119.2W, 110,  951, -999, -999, -999, -999, -999, -999, -999, -999, -999, -999, -999, -999, -999
19911003, 0000,  , HU, 16.6N, 120.1W, 105,  955, -999, -999, -999, -999, -999, -999, -999, -999, -999, -999, -999, -999, -999
19911003, 0600,  , HU, 16.1N, 121.0W, 105,  957, -999, -999, -999, -999, -999, -999, -999, -999, -999, -999, -999, -999, -999
19911003, 1200,  , HU, 15.6N, 122.1W, 100,  959, -999, -999, -999, -999, -999, -999, -999, -999, -999, -999, -999, -999, -999
19911003, 1800,  , HU, 15.2N, 123.2W, 100,  960, -999, -999, -999, -999, -999, -999, -999, -999, -999, -999, -999, -999, -999
19911004, 0000,  , HU, 14.9N, 124.3W,  95,  962, -999, -999, -999, -999, -999, -999, -999, -999, -999, -999, -999, -999, -999
19911004, 0600,  , HU, 14.7N, 125.4W,  90,  967, -999, -999, -999, -999, -999, -999, -999, -999, -999, -999, -999, -999, -999
19911004, 1200,  , HU, 14.6N, 126.6W,  90,  969, -999, -999, -999, -999, -999, -999, -999, -999, -999, -999, -999, -999, -999
19911004, 1800,  , HU, 14.7N, 127.8W,  90,  970, -999, -999, -999, -999, -999, -999, -999, -999, -999, -999, -999, -999, -999
19911005, 0000,  , HU, 14.8N, 128.9W,  85,  971, -999, -999, -999, -999, -999, -999, -999, -999, -999, -999, -999, -999, -999
19911005, 0600,  , HU, 14.9N, 129.9W,  80,  974, -999, -999, -999, -999, -999, -999, -999, -999, -999, -999, -999, -999, -999
19911005, 1200,  , HU, 15.1N, 131.0W,  80,  976, -999, -999, -999, -999, -999, -999, -999, -999, -999, -999, -999, -999, -999
19911005, 1800,  , HU, 15.3N, 131.8W,  80,  978, -999, -999, -999, -999, -999, -999, -999, -999, -999, -999, -999, -999, -999
19911006, 0000,  , HU, 15.5N, 132.5W,  75,  979, -999, -999, -999, -999, -999, -999, -999, -999, -999, -999, -999, -999, -999
19911006, 0600,  , HU, 15.7N, 133.1W,  80,  977, -999, -999, -999, -999, -999, -999, -999, -999, -999, -999, -999, -999, -999
19911006, 1200,  , HU, 16.0N, 133.5W,  85,  972, -999, -999, -999, -999, -999, -999, -999, -999, -999, -999, -999, -999, -999
19911006, 1800,  , HU, 16.3N, 133.8W,  90,  969, -999, -999, -999, -999, -999, -999, -999, -999, -999, -999, -999, -999, -999
19911007, 0000,  , HU, 16.6N, 134.1W,  95,  965, -999, -999, -999, -999, -999, -999, -999, -999, -999, -999, -999, -999, -999
19911007, 0600,  , HU, 17.0N, 134.5W,  95,  962, -999, -999, -999, -999, -999, -999, -999, -999, -999, -999, -999, -999, -999
19911007, 1200,  , HU, 17.4N, 134.9W, 100,  960, -999, -999, -999, -999, -999, -999, -999, -999, -999, -999, -999, -999, -999
19911007, 1800,  , HU, 17.8N, 135.4W, 100,  960, -999, -999, -999, -999, -999, -999, -999, -999, -999, -999, -999, -999, -999
19911008, 0000,  , HU, 18.1N, 135.9W, 100,  960, -999, -999, -999, -999, -999, -999, -999, -999, -999, -999, -999, -999, -999
19911008, 0600,  , HU, 18.5N, 136.5W,  95,  963, -999, -999, -999, -999, -999, -999, -999, -999, -999, -999, -999, -999, -999
19911008, 1200,  , HU, 18.9N, 137.3W,  90,  966, -999, -999, -999, -999, -999, -999, -999, -999, -999, -999, -999, -999, -999
19911008, 1800,  , HU, 19.4N, 138.1W,  85,  970, -999, -999, -999, -999, -999, -999, -999, -999, -999, -999, -999, -999, -999
19911009, 0000,  , HU, 19.9N, 139.0W,  80,  975, -999, -999, -999, -999, -999, -999, -999, -999, -999, -999, -999, -999, -999
19911009, 0600,  , HU, 20.4N, 140.0W,  75,  980, -999, -999, -999, -999, -999, -999, -999, -999, -999, -999, -999, -999, -999
19911009, 1200,  , HU, 21.0N, 141.0W,  65,  984, -999, -999, -999, -999, -999, -999, -999, -999, -999, -999, -999, -999, -999
19911009, 1800,  , TS, 21.7N, 141.8W,  60,  988, -999, -999, -999, -999, -999, -999, -999, -999, -999, -999, -999, -999, -999
19911010, 0000,  , TS, 22.7N, 142.7W,  50,  992, -999, -999, -999, -999, -999, -999, -999, -999, -999, -999, -999, -999, -999
19911010, 0600,  , TS, 23.1N, 142.9W,  45,  996, -999, -999, -999, -999, -999, -999, -999, -999, -999, -999, -999, -999, -999
19911010, 1200,  , TS, 23.8N, 143.6W,  45,  999, -999, -999, -999, -999, -999, -999, -999, -999, -999, -999, -999, -999, -999
19911010, 1800,  , TS, 24.3N, 144.1W,  45, 1001, -999, -999, -999, -999, -999, -999, -999, -999, -999, -999, -999, -999, -999
19911011, 0000,  , TS, 24.5N, 144.4W,  35, 1003, -999, -999, -999, -999, -999, -999, -999, -999, -999, -999, -999, -999, -999
19911011, 0600,  , TD, 24.7N, 144.6W,  30, 1005, -999, -999, -999, -999, -999, -999, -999, -999, -999, -999, -999, -999, -999
19911011, 1200,  , TD, 24.8N, 145.0W,  30, 1007, -999, -999, -999, -999, -999, -999, -999, -999, -999, -999, -999, -999, -999
19911011, 1800,  , TD, 25.0N, 145.4W,  30, 1008, -999, -999, -999, -999, -999, -999, -999, -999, -999, -999, -999, -999, -999
19911012, 0000,  , TD, 25.4N, 146.6W,  25, 1009, -999, -999, -999, -999, -999, -999, -999, -999, -999, -999, -999, -999, -999
19911012, 0600,  , EX, 25.5N, 147.5W,  25, 1009, -999, -999, -999, -999, -999, -999, -999, -999, -999, -999, -999, -999, -999
EP141991,              LINDA,     42,
19911003, 1200,  , TD, 13.4N, 108.7W,  30, 1009, -999, -999, -999, -999, -999, -999, -999, -999, -999, -999, -999, -999, -999
19911003, 1800,  , TD, 13.9N, 109.0W,  30, 1008, -999, -999, -999, -999, -999, -999, -999, -999, -999, -999, -999, -999, -999
19911004, 0000,  , TS, 14.4N, 109.2W,  35, 1005, -999, -999, -999, -999, -999, -999, -999, -999, -999, -999, -999, -999, -999
19911004, 0600,  , TS, 14.8N, 109.3W,  40, 1003, -999, -999, -999, -999, -999, -999, -999, -999, -999, -999, -999, -999, -999
19911004, 1200,  , TS, 15.2N, 109.2W,  45, 1000, -999, -999, -999, -999, -999, -999, -999, -999, -999, -999, -999, -999, -999
19911004, 1800,  , TS, 15.5N, 109.1W,  55,  994, -999, -999, -999, -999, -999, -999, -999, -999, -999, -999, -999, -999, -999
19911005, 0000,  , HU, 15.8N, 109.0W,  70,  985, -999, -999, -999, -999, -999, -999, -999, -999, -999, -999, -999, -999, -999
19911005, 0600,  , HU, 16.1N, 108.8W,  85,  975, -999, -999, -999, -999, -999, -999, -999, -999, -999, -999, -999, -999, -999
19911005, 1200,  , HU, 16.4N, 108.7W, 100,  963, -999, -999, -999, -999, -999, -999, -999, -999, -999, -999, -999, -999, -999
19911005, 1800,  , HU, 16.7N, 108.6W, 105,  957, -999, -999, -999, -999, -999, -999, -999, -999, -999, -999, -999, -999, -999
19911006, 0000,  , HU, 17.3N, 108.5W, 100,  960, -999, -999, -999, -999, -999, -999, -999, -999, -999, -999, -999, -999, -999
19911006, 0600,  , HU, 17.7N, 108.6W,  95,  965, -999, -999, -999, -999, -999, -999, -999, -999, -999, -999, -999, -999, -999
19911006, 1200,  , HU, 18.2N, 108.8W,  85,  974, -999, -999, -999, -999, -999, -999, -999, -999, -999, -999, -999, -999, -999
19911006, 1800,  , HU, 18.5N, 109.5W,  75,  979, -999, -999, -999, -999, -999, -999, -999, -999, -999, -999, -999, -999, -999
19911007, 0000,  , HU, 18.9N, 110.1W,  70,  984, -999, -999, -999, -999, -999, -999, -999, -999, -999, -999, -999, -999, -999
19911007, 0600,  , HU, 19.2N, 110.9W,  65,  987, -999, -999, -999, -999, -999, -999, -999, -999, -999, -999, -999, -999, -999
19911007, 1200,  , TS, 19.3N, 111.9W,  60,  990, -999, -999, -999, -999, -999, -999, -999, -999, -999, -999, -999, -999, -999
19911007, 1800,  , TS, 19.3N, 112.9W,  55,  994, -999, -999, -999, -999, -999, -999, -999, -999, -999, -999, -999, -999, -999
19911008, 0000,  , TS, 19.4N, 113.9W,  50,  995, -999, -999, -999, -999, -999, -999, -999, -999, -999, -999, -999, -999, -999
19911008, 0600,  , TS, 19.5N, 115.0W,  50,  998, -999, -999, -999, -999, -999, -999, -999, -999, -999, -999, -999, -999, -999
19911008, 1200,  , TS, 19.7N, 115.8W,  45, 1000, -999, -999, -999, -999, -999, -999, -999, -999, -999, -999, -999, -999, -999
19911008, 1800,  , TS, 19.9N, 116.7W,  45, 1001, -999, -999, -999, -999, -999, -999, -999, -999, -999, -999, -999, -999, -999
19911009, 0000,  , TS, 20.0N, 117.6W,  40, 1002, -999, -999, -999, -999, -999, -999, -999, -999, -999, -999, -999, -999, -999
19911009, 0600,  , TS, 20.0N, 118.5W,  40, 1004, -999, -999, -999, -999, -999, -999, -999, -999, -999, -999, -999, -999, -999
19911009, 1200,  , TS, 20.1N, 119.3W,  35, 1005, -999, -999, -999, -999, -999, -999, -999, -999, -999, -999, -999, -999, -999
19911009, 1800,  , TS, 20.1N, 119.8W,  35, 1005, -999, -999, -999, -999, -999, -999, -999, -999, -999, -999, -999, -999, -999
19911010, 0000,  , TD, 20.1N, 120.4W,  30, 1006, -999, -999, -999, -999, -999, -999, -999, -999, -999, -999, -999, -999, -999
19911010, 0600,  , TD, 20.1N, 121.0W,  30, 1007, -999, -999, -999, -999, -999, -999, -999, -999, -999, -999, -999, -999, -999
19911010, 1200,  , TD, 20.1N, 121.6W,  30, 1008, -999, -999, -999, -999, -999, -999, -999, -999, -999, -999, -999, -999, -999
19911010, 1800,  , TD, 20.0N, 122.2W,  25, 1008, -999, -999, -999, -999, -999, -999, -999, -999, -999, -999, -999, -999, -999
19911011, 0000,  , TD, 20.0N, 122.9W,  25, 1009, -999, -999, -999, -999, -999, -999, -999, -999, -999, -999, -999, -999, -999
19911011, 0600,  , TD, 19.9N, 123.7W,  25, 1009, -999, -999, -999, -999, -999, -999, -999, -999, -999, -999, -999, -999, -999
19911011, 1200,  , TD, 19.7N, 124.4W,  25, 1010, -999, -999, -999, -999, -999, -999, -999, -999, -999, -999, -999, -999, -999
19911011, 1800,  , TD, 19.5N, 125.1W,  25, 1010, -999, -999, -999, -999, -999, -999, -999, -999, -999, -999, -999, -999, -999
19911012, 0000,  , TD, 19.3N, 125.9W,  25, 1010, -999, -999, -999, -999, -999, -999, -999, -999, -999, -999, -999, -999, -999
19911012, 0600,  , TD, 19.0N, 126.6W,  25, 1010, -999, -999, -999, -999, -999, -999, -999, -999, -999, -999, -999, -999, -999
19911012, 1200,  , TD, 18.5N, 127.3W,  25, 1010, -999, -999, -999, -999, -999, -999, -999, -999, -999, -999, -999, -999, -999
19911012, 1800,  , TD, 18.1N, 127.9W,  25, 1010, -999, -999, -999, -999, -999, -999, -999, -999, -999, -999, -999, -999, -999
19911013, 0000,  , TD, 17.9N, 128.4W,  25, 1010, -999, -999, -999, -999, -999, -999, -999, -999, -999, -999, -999, -999, -999
19911013, 0600,  , TD, 17.9N, 129.0W,  25, 1010, -999, -999, -999, -999, -999, -999, -999, -999, -999, -999, -999, -999, -999
19911013, 1200,  , TD, 18.2N, 129.4W,  20, 1011, -999, -999, -999, -999, -999, -999, -999, -999, -999, -999, -999, -999, -999
19911013, 1800,  , TD, 18.5N, 130.0W,  20, 1011, -999, -999, -999, -999, -999, -999, -999, -999, -999, -999, -999, -999, -999
EP151991,              MARTY,     45,
19911007, 1200,  , TD, 12.2N,  95.3W,  25, 1009, -999, -999, -999, -999, -999, -999, -999, -999, -999, -999, -999, -999, -999
19911007, 1800,  , TD, 13.0N,  95.8W,  25, 1009, -999, -999, -999, -999, -999, -999, -999, -999, -999, -999, -999, -999, -999
19911008, 0000,  , TD, 13.3N,  96.4W,  25, 1009, -999, -999, -999, -999, -999, -999, -999, -999, -999, -999, -999, -999, -999
19911008, 0600,  , TD, 13.6N,  97.2W,  25, 1008, -999, -999, -999, -999, -999, -999, -999, -999, -999, -999, -999, -999, -999
19911008, 1200,  , TD, 13.9N,  98.1W,  30, 1008, -999, -999, -999, -999, -999, -999, -999, -999, -999, -999, -999, -999, -999
19911008, 1800,  , TS, 14.3N,  99.1W,  35, 1006, -999, -999, -999, -999, -999, -999, -999, -999, -999, -999, -999, -999, -999
19911009, 0000,  , TS, 14.8N, 100.0W,  40, 1005, -999, -999, -999, -999, -999, -999, -999, -999, -999, -999, -999, -999, -999
19911009, 0600,  , TS, 15.1N, 100.9W,  45, 1002, -999, -999, -999, -999, -999, -999, -999, -999, -999, -999, -999, -999, -999
19911009, 1200,  , TS, 15.4N, 101.9W,  50, 1000, -999, -999, -999, -999, -999, -999, -999, -999, -999, -999, -999, -999, -999
19911009, 1800,  , TS, 15.7N, 102.9W,  60,  995, -999, -999, -999, -999, -999, -999, -999, -999, -999, -999, -999, -999, -999
19911010, 0000,  , HU, 16.0N, 103.8W,  65,  990, -999, -999, -999, -999, -999, -999, -999, -999, -999, -999, -999, -999, -999
19911010, 0600,  , HU, 16.3N, 104.6W,  65,  987, -999, -999, -999, -999, -999, -999, -999, -999, -999, -999, -999, -999, -999
19911010, 1200,  , HU, 16.5N, 105.5W,  65,  987, -999, -999, -999, -999, -999, -999, -999, -999, -999, -999, -999, -999, -999
19911010, 1800,  , HU, 16.8N, 106.4W,  65,  987, -999, -999, -999, -999, -999, -999, -999, -999, -999, -999, -999, -999, -999
19911011, 0000,  , HU, 17.0N, 107.2W,  65,  987, -999, -999, -999, -999, -999, -999, -999, -999, -999, -999, -999, -999, -999
19911011, 0600,  , HU, 17.1N, 107.9W,  65,  987, -999, -999, -999, -999, -999, -999, -999, -999, -999, -999, -999, -999, -999
19911011, 1200,  , HU, 17.3N, 108.4W,  70,  982, -999, -999, -999, -999, -999, -999, -999, -999, -999, -999, -999, -999, -999
19911011, 1800,  , HU, 17.4N, 108.6W,  70,  979, -999, -999, -999, -999, -999, -999, -999, -999, -999, -999, -999, -999, -999
19911012, 0000,  , HU, 17.6N, 108.8W,  70,  980, -999, -999, -999, -999, -999, -999, -999, -999, -999, -999, -999, -999, -999
19911012, 0600,  , HU, 17.8N, 108.8W,  65,  982, -999, -999, -999, -999, -999, -999, -999, -999, -999, -999, -999, -999, -999
19911012, 1200,  , TS, 18.0N, 108.8W,  60,  985, -999, -999, -999, -999, -999, -999, -999, -999, -999, -999, -999, -999, -999
19911012, 1800,  , TS, 18.3N, 108.9W,  55,  990, -999, -999, -999, -999, -999, -999, -999, -999, -999, -999, -999, -999, -999
19911013, 0000,  , TS, 18.7N, 109.1W,  50,  994, -999, -999, -999, -999, -999, -999, -999, -999, -999, -999, -999, -999, -999
19911013, 0600,  , TS, 19.0N, 109.2W,  50, 1000, -999, -999, -999, -999, -999, -999, -999, -999, -999, -999, -999, -999, -999
19911013, 1200,  , TS, 19.3N, 109.2W,  45, 1000, -999, -999, -999, -999, -999, -999, -999, -999, -999, -999, -999, -999, -999
19911013, 1800,  , TS, 19.4N, 109.1W,  45, 1000, -999, -999, -999, -999, -999, -999, -999, -999, -999, -999, -999, -999, -999
19911014, 0000,  , TS, 19.5N, 109.3W,  40, 1000, -999, -999, -999, -999, -999, -999, -999, -999, -999, -999, -999, -999, -999
19911014, 0600,  , TS, 19.3N, 109.7W,  35, 1000, -999, -999, -999, -999, -999, -999, -999, -999, -999, -999, -999, -999, -999
19911014, 1200,  , TS, 19.0N, 110.4W,  35, 1003, -999, -999, -999, -999, -999, -999, -999, -999, -999, -999, -999, -999, -999
19911014, 1800,  , TS, 18.5N, 111.1W,  35, 1005, -999, -999, -999, -999, -999, -999, -999, -999, -999, -999, -999, -999, -999
19911015, 0000,  , TD, 18.0N, 111.8W,  30, 1007, -999, -999, -999, -999, -999, -999, -999, -999, -999, -999, -999, -999, -999
19911015, 0600,  , TD, 17.6N, 112.5W,  30, 1008, -999, -999, -999, -999, -999, -999, -999, -999, -999, -999, -999, -999, -999
19911015, 1200,  , TD, 17.3N, 113.4W,  30, 1008, -999, -999, -999, -999, -999, -999, -999, -999, -999, -999, -999, -999, -999
19911015, 1800,  , TD, 17.1N, 114.4W,  30, 1009, -999, -999, -999, -999, -999, -999, -999, -999, -999, -999, -999, -999, -999
19911016, 0000,  , TD, 17.0N, 115.4W,  30, 1009, -999, -999, -999, -999, -999, -999, -999, -999, -999, -999, -999, -999, -999
19911016, 0600,  , TD, 16.9N, 116.3W,  30, 1009, -999, -999, -999, -999, -999, -999, -999, -999, -999, -999, -999, -999, -999
19911016, 1200,  , TD, 16.9N, 117.4W,  30, 1009, -999, -999, -999, -999, -999, -999, -999, -999, -999, -999, -999, -999, -999
19911016, 1800,  , TD, 17.1N, 118.8W,  30, 1009, -999, -999, -999, -999, -999, -999, -999, -999, -999, -999, -999, -999, -999
19911017, 0000,  , TD, 17.3N, 120.0W,  25, 1009, -999, -999, -999, -999, -999, -999, -999, -999, -999, -999, -999, -999, -999
19911017, 0600,  , TD, 17.7N, 121.2W,  25, 1009, -999, -999, -999, -999, -999, -999, -999, -999, -999, -999, -999, -999, -999
19911017, 1200,  , TD, 18.2N, 122.3W,  25, 1009, -999, -999, -999, -999, -999, -999, -999, -999, -999, -999, -999, -999, -999
19911017, 1800,  , TD, 18.7N, 123.1W,  25, 1009, -999, -999, -999, -999, -999, -999, -999, -999, -999, -999, -999, -999, -999
19911018, 0000,  , TD, 19.4N, 124.1W,  25, 1009, -999, -999, -999, -999, -999, -999, -999, -999, -999, -999, -999, -999, -999
19911018, 0600,  , TD, 19.9N, 124.9W,  25, 1009, -999, -999, -999, -999, -999, -999, -999, -999, -999, -999, -999, -999, -999
19911018, 1200,  , TD, 20.8N, 125.9W,  25, 1009, -999, -999, -999, -999, -999, -999, -999, -999, -999, -999, -999, -999, -999
EP161991,               NORA,     24,
19911107, 0000,  , TD, 10.1N, 104.4W,  30, 1006, -999, -999, -999, -999, -999, -999, -999, -999, -999, -999, -999, -999, -999
19911107, 0600,  , TD, 10.2N, 105.3W,  30, 1003, -999, -999, -999, -999, -999, -999, -999, -999, -999, -999, -999, -999, -999
19911107, 1200,  , TS, 11.0N, 106.3W,  35, 1000, -999, -999, -999, -999, -999, -999, -999, -999, -999, -999, -999, -999, -999
19911107, 1800,  , TS, 11.7N, 107.3W,  40,  996, -999, -999, -999, -999, -999, -999, -999, -999, -999, -999, -999, -999, -999
19911108, 0000,  , TS, 12.2N, 108.3W,  45,  993, -999, -999, -999, -999, -999, -999, -999, -999, -999, -999, -999, -999, -999
19911108, 0600,  , TS, 12.3N, 109.3W,  50,  991, -999, -999, -999, -999, -999, -999, -999, -999, -999, -999, -999, -999, -999
19911108, 1200,  , TS, 12.2N, 110.2W,  50,  989, -999, -999, -999, -999, -999, -999, -999, -999, -999, -999, -999, -999, -999
19911108, 1800,  , TS, 12.1N, 110.9W,  55,  986, -999, -999, -999, -999, -999, -999, -999, -999, -999, -999, -999, -999, -999
19911109, 0000,  , TS, 12.2N, 111.6W,  60,  983, -999, -999, -999, -999, -999, -999, -999, -999, -999, -999, -999, -999, -999
19911109, 0600,  , HU, 12.4N, 112.3W,  70,  979, -999, -999, -999, -999, -999, -999, -999, -999, -999, -999, -999, -999, -999
19911109, 1200,  , HU, 12.8N, 112.8W,  80,  976, -999, -999, -999, -999, -999, -999, -999, -999, -999, -999, -999, -999, -999
19911109, 1800,  , HU, 13.3N, 113.3W,  90,  971, -999, -999, -999, -999, -999, -999, -999, -999, -999, -999, -999, -999, -999
19911110, 0000,  , HU, 13.8N, 113.6W,  90,  970, -999, -999, -999, -999, -999, -999, -999, -999, -999, -999, -999, -999, -999
19911110, 0600,  , HU, 14.2N, 113.7W,  90,  970, -999, -999, -999, -999, -999, -999, -999, -999, -999, -999, -999, -999, -999
19911110, 1200,  , HU, 14.6N, 113.9W,  85,  971, -999, -999, -999, -999, -999, -999, -999, -999, -999, -999, -999, -999, -999
19911110, 1800,  , HU, 14.9N, 114.1W,  75,  975, -999, -999, -999, -999, -999, -999, -999, -999, -999, -999, -999, -999, -999
19911111, 0000,  , TS, 15.1N, 114.1W,  60,  980, -999, -999, -999, -999, -999, -999, -999, -999, -999, -999, -999, -999, -999
19911111, 0600,  , TS, 15.3N, 113.8W,  45,  987, -999, -999, -999, -999, -999, -999, -999, -999, -999, -999, -999, -999, -999
19911111, 1200,  , TS, 15.7N, 113.2W,  35,  993, -999, -999, -999, -999, -999, -999, -999, -999, -999, -999, -999, -999, -999
19911111, 1800,  , TD, 16.2N, 112.3W,  30,  997, -999, -999, -999, -999, -999, -999, -999, -999, -999, -999, -999, -999, -999
19911112, 0000,  , TD, 17.1N, 111.3W,  30, 1000, -999, -999, -999, -999, -999, -999, -999, -999, -999, -999, -999, -999, -999
19911112, 0600,  , TD, 18.3N, 110.5W,  30, 1000, -999, -999, -999, -999, -999, -999, -999, -999, -999, -999, -999, -999, -999
19911112, 1200,  , TD, 19.7N, 109.7W,  30, 1001, -999, -999, -999, -999, -999, -999, -999, -999, -999, -999, -999, -999, -999
19911112, 1800,  , TD, 21.4N, 109.0W,  30, 1002, -999, -999, -999, -999, -999, -999, -999, -999, -999, -999, -999, -999, -999
