CP012016,               PALI,     36,
20160106, 0000,  , LO,  1.9N, 171.7W,  25, 1007,    0,    0,    0,    0,    0,    0,    0,    0,    0,    0,    0,    0, -999
20160106, 0600,  , LO,  2.1N, 171.6W,  25, 1007,    0,    0,    0,    0,    0,    0,    0,    0,    0,    0,    0,    0, -999
20160106, 1200,  , LO,  2.3N, 171.5W,  25, 1007,    0,    0,    0,    0,    0,    0,    0,    0,    0,    0,    0,    0, -999
20160106, 1800,  , LO,  2.6N, 171.4W,  25, 1007,    0,    0,    0,    0,    0,    0,    0,    0,    0,    0,    0,    0, -999
20160107, 0000,  , LO,  2.9N, 171.3W,  25, 1007,    0,    0,    0,    0,    0,    0,    0,    0,    0,    0,    0,    0, -999
20160107, 0600,  , TD,  3.3N, 171.2W,  30, 1005,    0,    0,    0,    0,    0,    0,    0,    0,    0,    0,    0,    0, -999
20160107, 1200,  , TS,  3.8N, 171.1W,  35, 1003,    0,    0,   40,   40,    0,    0,    0,    0,    0,    0,    0,    0, -999
20160107, 1800,  , TS,  4.4N, 171.0W,  45, 1000,   75,   75,   90,   80,    0,    0,    0,    0,    0,    0,    0,    0, -999
20160108, 0000,  , TS,  5.1N, 171.1W,  50,  998,   75,   90,  110,  100,    0,   40,   50,   20,    0,    0,    0,    0, -999
20160108, 0600,  , TS,  5.9N, 171.3W,  55,  996,   75,  100,  130,  130,    0,   60,   60,   30,    0,    0,    0,    0, -999
20160108, 1200,  , TS,  6.8N, 171.8W,  60,  994,   80,  100,  125,  110,   40,   60,   60,   40,    0,    0,    0,    0, -999
20160108, 1800,  , TS,  7.3N, 172.4W,  55,  996,   80,  125,  120,   80,    0,   50,   50,    0,    0,    0,    0,    0, -999
20160109, 0000,  , TS,  7.6N, 172.9W,  50,  998,   80,   75,  110,   80,    0,    0,   30,    0,    0,    0,    0,    0, -999
20160109, 0600,  , TS,  7.8N, 173.3W,  45, 1000,   75,   50,  100,   75,    0,    0,    0,    0,    0,    0,    0,    0, -999
20160109, 1200,  , TS,  7.9N, 173.7W,  40, 1002,   40,   40,   80,   50,    0,    0,    0,    0,    0,    0,    0,    0, -999
20160109, 1800,  , TS,  7.9N, 174.0W,  35, 1003,    0,    0,   75,   40,    0,    0,    0,    0,    0,    0,    0,    0, -999
20160110, 0000,  , TS,  7.8N, 174.2W,  35, 1003,    0,    0,   75,   40,    0,    0,    0,    0,    0,    0,    0,    0, -999
20160110, 0600,  , TS,  7.7N, 174.3W,  35, 1003,    0,   30,  100,   60,    0,    0,    0,    0,    0,    0,    0,    0, -999
20160110, 1200,  , TS,  7.7N, 174.2W,  40, 1002,   10,   50,  125,   80,    0,    0,    0,    0,    0,    0,    0,    0, -999
20160110, 1800,  , TS,  7.7N, 174.0W,  45, 1000,   20,   60,  125,  100,    0,    0,    0,    0,    0,    0,    0,    0, -999
20160111, 0000,  , TS,  7.6N, 173.7W,  50,  998,   25,   60,  125,  125,    0,    0,   50,    0,    0,    0,    0,    0, -999
20160111, 0600,  , TS,  7.8N, 173.4W,  55,  996,   35,   60,   90,   90,   10,   20,   35,   20,    0,    0,    0,    0, -999
20160111, 1200,  , TS,  8.1N, 173.0W,  55,  996,   45,   55,   75,   80,   15,   20,   20,   20,    0,    0,    0,    0, -999
20160111, 1800,  , TS,  8.3N, 172.5W,  60,  994,   50,   50,   45,   75,   25,   25,   20,   25,    0,    0,    0,    0, -999
20160112, 0000,  , HU,  8.2N, 172.0W,  70,  988,   50,   45,   40,   60,   25,   25,   25,   25,   15,   15,    0,   15, -999
20160112, 0600,  , HU,  7.7N, 171.7W,  75,  985,   50,   50,   45,   50,   25,   25,   20,   25,   15,   15,   15,   15, -999
20160112, 1200,  , HU,  7.1N, 171.4W,  80,  982,   75,   50,   45,   50,   25,   25,   20,   25,   15,   15,   15,   15, -999
20160112, 1800,  , HU,  6.4N, 171.2W,  85,  978,   75,   50,   45,   50,   25,   25,   20,   25,   15,   15,   15,   15, -999
20160113, 0000,  , HU,  5.7N, 171.0W,  80,  982,   75,   50,   45,   50,   25,   25,   20,   25,   15,   15,   15,   15, -999
20160113, 0600,  , HU,  5.0N, 171.1W,  75,  986,   75,   50,   45,   50,   25,   25,   20,   25,   15,   15,   15,   15, -999
20160113, 1200,  , HU,  4.3N, 171.3W,  70,  991,   75,   50,   45,   45,   20,   20,   20,   20,   15,   15,    0,   15, -999
20160113, 1800,  , TS,  3.7N, 171.5W,  60,  995,   70,   50,   40,   45,   20,   15,    0,   15,    0,    0,    0,    0, -999
20160114, 0000,  , TS,  3.3N, 171.8W,  50,  999,   50,   40,   30,   35,   15,   10,    0,    0,    0,    0,    0,    0, -999
20160114, 0600,  , TS,  2.9N, 172.1W,  40, 1003,   40,   25,   10,   20,    0,    0,    0,    0,    0,    0,    0,    0, -999
20160114, 1200,  , TD,  2.6N, 172.3W,  30, 1006,    0,    0,    0,    0,    0,    0,    0,    0,    0,    0,    0,    0, -999
20160114, 1800,  , LO,  2.3N, 172.5W,  25, 1008,    0,    0,    0,    0,    0,    0,    0,    0,    0,    0,    0,    0, -999
EP012016,                ONE,      9,
20160606, 0600,  , LO, 13.0N,  99.2W,  25, 1007,    0,    0,    0,    0,    0,    0,    0,    0,    0,    0,    0,    0, -999
20160606, 1200,  , TD, 13.5N,  98.2W,  25, 1007,    0,    0,    0,    0,    0,    0,    0,    0,    0,    0,    0,    0, -999
20160606, 1800,  , TD, 13.9N,  97.1W,  30, 1006,    0,    0,    0,    0,    0,    0,    0,    0,    0,    0,    0,    0, -999
20160607, 0000,  , TD, 14.3N,  96.2W,  30, 1006,    0,    0,    0,    0,    0,    0,    0,    0,    0,    0,    0,    0, -999
20160607, 0600,  , TD, 14.7N,  95.6W,  30, 1006,    0,    0,    0,    0,    0,    0,    0,    0,    0,    0,    0,    0, -999
20160607, 1200,  , TD, 15.1N,  95.0W,  30, 1006,    0,    0,    0,    0,    0,    0,    0,    0,    0,    0,    0,    0, -999
20160607, 1800,  , TD, 15.5N,  94.7W,  30, 1006,    0,    0,    0,    0,    0,    0,    0,    0,    0,    0,    0,    0, -999
20160608, 0000,  , LO, 15.8N,  94.7W,  25, 1006,    0,    0,    0,    0,    0,    0,    0,    0,    0,    0,    0,    0, -999
20160608, 0600,  , LO, 16.0N,  94.7W,  25, 1006,    0,    0,    0,    0,    0,    0,    0,    0,    0,    0,    0,    0, -999
EP022016,             AGATHA,     29,
20160701, 0600,  , LO, 13.3N, 114.3W,  25, 1008,    0,    0,    0,    0,    0,    0,    0,    0,    0,    0,    0,    0, -999
20160701, 1200,  , LO, 13.7N, 115.1W,  25, 1008,    0,    0,    0,    0,    0,    0,    0,    0,    0,    0,    0,    0, -999
20160701, 1800,  , LO, 14.1N, 115.9W,  25, 1008,    0,    0,    0,    0,    0,    0,    0,    0,    0,    0,    0,    0, -999
20160702, 0000,  , TD, 14.5N, 116.7W,  25, 1007,    0,    0,    0,    0,    0,    0,    0,    0,    0,    0,    0,    0, -999
20160702, 0600,  , TD, 14.9N, 117.6W,  30, 1006,    0,    0,    0,    0,    0,    0,    0,    0,    0,    0,    0,    0, -999
20160702, 1200,  , TD, 15.3N, 118.5W,  30, 1006,    0,    0,    0,    0,    0,    0,    0,    0,    0,    0,    0,    0, -999
20160702, 1800,  , TS, 15.8N, 119.7W,  35, 1005,   40,    0,    0,   40,    0,    0,    0,    0,    0,    0,    0,    0, -999
20160703, 0000,  , TS, 16.3N, 121.0W,  40, 1004,   40,   30,    0,   40,    0,    0,    0,    0,    0,    0,    0,    0, -999
20160703, 0600,  , TS, 16.8N, 122.1W,  45, 1002,   40,   30,   30,   40,    0,    0,    0,    0,    0,    0,    0,    0, -999
20160703, 1200,  , TS, 17.2N, 123.3W,  45, 1002,   40,   30,   30,   40,    0,    0,    0,    0,    0,    0,    0,    0, -999
20160703, 1800,  , TS, 17.5N, 124.4W,  40, 1004,   40,   30,   30,   40,    0,    0,    0,    0,    0,    0,    0,    0, -999
20160704, 0000,  , TS, 17.8N, 125.5W,  40, 1004,   40,    0,    0,   40,    0,    0,    0,    0,    0,    0,    0,    0, -999
20160704, 0600,  , TS, 18.1N, 126.6W,  40, 1006,   40,    0,    0,   40,    0,    0,    0,    0,    0,    0,    0,    0, -999
20160704, 1200,  , TS, 18.4N, 127.7W,  35, 1007,   30,    0,    0,   30,    0,    0,    0,    0,    0,    0,    0,    0, -999
20160704, 1800,  , TD, 18.8N, 128.8W,  30, 1008,    0,    0,    0,    0,    0,    0,    0,    0,    0,    0,    0,    0, -999
20160705, 0000,  , TD, 19.1N, 129.9W,  30, 1008,    0,    0,    0,    0,    0,    0,    0,    0,    0,    0,    0,    0, -999
20160705, 0600,  , LO, 19.4N, 130.9W,  30, 1008,    0,    0,    0,    0,    0,    0,    0,    0,    0,    0,    0,    0, -999
20160705, 1200,  , LO, 19.6N, 131.9W,  25, 1009,    0,    0,    0,    0,    0,    0,    0,    0,    0,    0,    0,    0, -999
20160705, 1800,  , LO, 19.8N, 132.9W,  25, 1009,    0,    0,    0,    0,    0,    0,    0,    0,    0,    0,    0,    0, -999
20160706, 0000,  , LO, 20.0N, 133.9W,  25, 1009,    0,    0,    0,    0,    0,    0,    0,    0,    0,    0,    0,    0, -999
20160706, 0600,  , LO, 20.2N, 134.9W,  25, 1010,    0,    0,    0,    0,    0,    0,    0,    0,    0,    0,    0,    0, -999
20160706, 1200,  , LO, 20.4N, 135.9W,  25, 1010,    0,    0,    0,    0,    0,    0,    0,    0,    0,    0,    0,    0, -999
20160706, 1800,  , LO, 20.6N, 137.0W,  25, 1010,    0,    0,    0,    0,    0,    0,    0,    0,    0,    0,    0,    0, -999
20160707, 0000,  , LO, 20.7N, 138.1W,  25, 1010,    0,    0,    0,    0,    0,    0,    0,    0,    0,    0,    0,    0, -999
20160707, 0600,  , LO, 20.8N, 139.1W,  25, 1010,    0,    0,    0,    0,    0,    0,    0,    0,    0,    0,    0,    0, -999
20160707, 1200,  , LO, 20.8N, 140.0W,  25, 1010,    0,    0,    0,    0,    0,    0,    0,    0,    0,    0,    0,    0, -999
20160707, 1800,  , LO, 20.7N, 140.8W,  25, 1010,    0,    0,    0,    0,    0,    0,    0,    0,    0,    0,    0,    0, -999
20160708, 0000,  , LO, 20.6N, 141.5W,  25, 1010,    0,    0,    0,    0,    0,    0,    0,    0,    0,    0,    0,    0, -999
20160708, 0600,  , LO, 20.4N, 142.2W,  25, 1010,    0,    0,    0,    0,    0,    0,    0,    0,    0,    0,    0,    0, -999
EP032016,               BLAS,     37,
20160702, 1800,  , TD, 10.8N, 106.8W,  25, 1008,    0,    0,    0,    0,    0,    0,    0,    0,    0,    0,    0,    0, -999
20160703, 0000,  , TD, 11.1N, 107.8W,  30, 1007,    0,    0,    0,    0,    0,    0,    0,    0,    0,    0,    0,    0, -999
20160703, 0600,  , TS, 11.4N, 108.8W,  40, 1006,   30,    0,    0,   40,    0,    0,    0,    0,    0,    0,    0,    0, -999
20160703, 1200,  , TS, 11.7N, 109.8W,  50, 1005,   60,   40,   20,   50,   30,    0,    0,    0,    0,    0,    0,    0, -999
20160703, 1800,  , TS, 12.0N, 110.7W,  55, 1003,   60,   40,   30,   50,   30,    0,    0,    0,    0,    0,    0,    0, -999
20160704, 0000,  , TS, 12.3N, 111.7W,  55, 1002,   60,   40,   30,   50,   30,    0,    0,    0,    0,    0,    0,    0, -999
20160704, 0600,  , TS, 12.6N, 112.7W,  60, 1000,   70,   70,   40,   50,   40,   40,    0,   20,    0,    0,    0,    0, -999
20160704, 1200,  , HU, 13.0N, 113.9W,  65,  994,   70,   70,   40,   50,   40,   40,    0,   30,   20,    0,    0,    0, -999
20160704, 1800,  , HU, 13.4N, 115.1W,  70,  989,  100,  130,   40,   70,   40,   40,    0,    0,   20,   20,    0,    0, -999
20160705, 0000,  , HU, 13.8N, 116.4W,  75,  985,  120,  130,   40,   80,   50,   50,    0,   40,   25,   20,    0,    0, -999
20160705, 0600,  , HU, 14.0N, 117.9W,  85,  978,  120,  130,   50,   80,   60,   60,   30,   40,   25,   20,    0,   20, -999
20160705, 1200,  , HU, 14.1N, 119.2W,  95,  970,  120,  130,   50,   80,   60,   60,   30,   40,   25,   20,    0,   20, -999
20160705, 1800,  , HU, 14.2N, 120.2W, 105,  960,  120,  130,   70,   90,   60,   60,   30,   40,   30,   20,   20,   20, -999
20160706, 0000,  , HU, 14.3N, 121.2W, 120,  947,  130,  130,   70,   90,   70,   60,   30,   40,   30,   25,   20,   20, -999
20160706, 0600,  , HU, 14.5N, 122.1W, 115,  951,  130,  130,   70,   90,   70,   60,   30,   40,   30,   25,   20,   20, -999
20160706, 1200,  , HU, 14.8N, 123.1W, 110,  956,  130,  130,   70,   90,   70,   60,   30,   40,   35,   30,   20,   25, -999
20160706, 1800,  , HU, 15.1N, 124.2W, 110,  956,  130,  130,   70,   90,   70,   60,   30,   40,   35,   30,   20,   25, -999
20160707, 0000,  , HU, 15.5N, 125.0W, 110,  956,  130,  140,   70,   90,   70,   60,   30,   40,   35,   30,   20,   25, -999
20160707, 0600,  , HU, 15.8N, 125.9W, 110,  956,  130,  140,   70,   90,   70,   60,   30,   40,   35,   30,   20,   25, -999
20160707, 1200,  , HU, 16.1N, 126.7W, 105,  958,  130,  140,   70,   90,   70,   60,   30,   40,   35,   30,   20,   25, -999
20160707, 1800,  , HU, 16.4N, 127.5W, 100,  964,  130,  130,   70,   90,   70,   60,   30,   40,   30,   30,   20,   25, -999
20160708, 0000,  , HU, 16.7N, 128.3W,  95,  968,  130,  130,   70,   90,   70,   60,   30,   40,   30,   30,   20,   20, -999
20160708, 0600,  , HU, 17.1N, 128.9W,  90,  972,  110,   90,   80,  110,   60,   60,   40,   50,   30,   30,   20,   20, -999
20160708, 1200,  , HU, 17.6N, 129.6W,  85,  974,  110,   90,   80,  110,   60,   60,   40,   50,   30,   30,   20,   20, -999
20160708, 1800,  , HU, 18.1N, 130.2W,  75,  980,  100,   80,   70,  100,   60,   40,   30,   50,   25,   20,   15,   20, -999
20160709, 0000,  , HU, 18.6N, 130.8W,  70,  985,   90,   80,   70,   90,   50,   40,   30,   50,   25,   20,   15,   20, -999
20160709, 0600,  , TS, 19.2N, 131.4W,  60,  992,   80,   70,   60,   80,   40,   30,   20,   40,    0,    0,    0,    0, -999
20160709, 1200,  , TS, 19.8N, 132.1W,  55,  995,   80,   70,   60,   80,   40,    0,    0,   40,    0,    0,    0,    0, -999
20160709, 1800,  , TS, 20.5N, 132.9W,  45, 1002,   70,   60,   40,   70,    0,    0,    0,    0,    0,    0,    0,    0, -999
20160710, 0000,  , TS, 20.9N, 133.8W,  35, 1003,   70,   60,   40,   70,    0,    0,    0,    0,    0,    0,    0,    0, -999
20160710, 0600,  , LO, 21.1N, 134.7W,  30, 1007,    0,    0,    0,    0,    0,    0,    0,    0,    0,    0,    0,    0, -999
20160710, 1200,  , LO, 21.3N, 135.8W,  30, 1007,    0,    0,    0,    0,    0,    0,    0,    0,    0,    0,    0,    0, -999
20160710, 1800,  , LO, 21.5N, 136.8W,  30, 1008,    0,    0,    0,    0,    0,    0,    0,    0,    0,    0,    0,    0, -999
20160711, 0000,  , LO, 21.5N, 137.9W,  30, 1008,    0,    0,    0,    0,    0,    0,    0,    0,    0,    0,    0,    0, -999
20160711, 0600,  , LO, 21.4N, 139.1W,  30, 1008,    0,    0,    0,    0,    0,    0,    0,    0,    0,    0,    0,    0, -999
20160711, 1200,  , LO, 21.2N, 140.2W,  25, 1009,    0,    0,    0,    0,    0,    0,    0,    0,    0,    0,    0,    0, -999
20160711, 1800,  , LO, 21.0N, 141.4W,  25, 1010,    0,    0,    0,    0,    0,    0,    0,    0,    0,    0,    0,    0, -999
EP042016,              CELIA,     63,
20160706, 0000,  , LO, 11.5N, 106.3W,  25, 1008,    0,    0,    0,    0,    0,    0,    0,    0,    0,    0,    0,    0, -999
20160706, 0600,  , LO, 11.7N, 107.0W,  25, 1008,    0,    0,    0,    0,    0,    0,    0,    0,    0,    0,    0,    0, -999
20160706, 1200,  , LO, 11.9N, 107.7W,  25, 1007,    0,    0,    0,    0,    0,    0,    0,    0,    0,    0,    0,    0, -999
20160706, 1800,  , TD, 12.1N, 108.4W,  25, 1007,    0,    0,    0,    0,    0,    0,    0,    0,    0,    0,    0,    0, -999
20160707, 0000,  , TD, 12.2N, 109.1W,  30, 1006,    0,    0,    0,    0,    0,    0,    0,    0,    0,    0,    0,    0, -999
20160707, 0600,  , TD, 12.2N, 109.8W,  30, 1006,    0,    0,    0,    0,    0,    0,    0,    0,    0,    0,    0,    0, -999
20160707, 1200,  , TD, 12.2N, 110.5W,  30, 1006,    0,    0,    0,    0,    0,    0,    0,    0,    0,    0,    0,    0, -999
20160707, 1800,  , TD, 12.2N, 111.2W,  30, 1006,    0,    0,    0,    0,    0,    0,    0,    0,    0,    0,    0,    0, -999
20160708, 0000,  , TD, 12.3N, 111.6W,  30, 1006,    0,    0,    0,    0,    0,    0,    0,    0,    0,    0,    0,    0, -999
20160708, 0600,  , TD, 12.4N, 111.9W,  30, 1006,    0,    0,    0,    0,    0,    0,    0,    0,    0,    0,    0,    0, -999
20160708, 1200,  , TS, 12.6N, 112.3W,  35, 1005,   30,    0,    0,   30,    0,    0,    0,    0,    0,    0,    0,    0, -999
20160708, 1800,  , TS, 13.0N, 112.9W,  40, 1004,   30,    0,    0,   30,    0,    0,    0,    0,    0,    0,    0,    0, -999
20160709, 0000,  , TS, 13.6N, 113.8W,  40, 1004,   40,    0,    0,   40,    0,    0,    0,    0,    0,    0,    0,    0, -999
20160709, 0600,  , TS, 14.0N, 115.1W,  40, 1004,   50,   30,    0,   50,    0,    0,    0,    0,    0,    0,    0,    0, -999
20160709, 1200,  , TS, 14.3N, 116.4W,  45, 1002,   70,   40,    0,   70,    0,    0,    0,    0,    0,    0,    0,    0, -999
20160709, 1800,  , TS, 14.4N, 117.4W,  45, 1002,   80,   40,    0,   80,    0,    0,    0,    0,    0,    0,    0,    0, -999
20160710, 0000,  , TS, 14.5N, 118.4W,  50, 1000,  100,   40,    0,   80,   30,    0,    0,   30,    0,    0,    0,    0, -999
20160710, 0600,  , TS, 14.7N, 119.5W,  50, 1000,  100,   40,    0,   80,   40,    0,    0,   30,    0,    0,    0,    0, -999
20160710, 1200,  , TS, 14.8N, 120.6W,  60,  994,  120,   60,   40,  110,   40,   20,    0,   40,    0,    0,    0,    0, -999
20160710, 1800,  , HU, 14.8N, 121.7W,  65,  989,  120,   90,   80,  110,   40,   30,   20,   40,   15,    0,    0,   15, -999
20160711, 0000,  , HU, 14.9N, 122.8W,  70,  986,  120,  100,   80,  110,   40,   30,   20,   40,   15,    0,    0,   15, -999
20160711, 0600,  , HU, 14.9N, 123.9W,  75,  980,  120,  100,   80,  110,   60,   30,   30,   50,   25,    0,    0,   25, -999
20160711, 1200,  , HU, 15.0N, 125.0W,  80,  977,  120,  100,   80,  110,   60,   40,   30,   50,   25,   20,   15,   25, -999
20160711, 1800,  , HU, 15.1N, 125.8W,  85,  972,  120,  100,   90,  110,   60,   50,   40,   50,   25,   20,   15,   25, -999
20160712, 0000,  , HU, 15.3N, 126.6W,  85,  972,  120,  100,   90,  110,   60,   50,   40,   50,   25,   20,   15,   25, -999
20160712, 0600,  , HU, 15.8N, 127.4W,  85,  972,  120,  100,   90,  110,   60,   50,   40,   50,   25,   20,   20,   25, -999
20160712, 1200,  , HU, 16.4N, 128.1W,  80,  975,  120,  100,   90,  110,   60,   50,   40,   50,   25,   20,   20,   25, -999
20160712, 1800,  , HU, 17.0N, 129.0W,  70,  982,  120,  100,   90,  110,   60,   50,   40,   50,   25,   20,   20,   25, -999
20160713, 0000,  , HU, 17.6N, 129.9W,  65,  986,  120,  100,   90,  110,   60,   40,   30,   50,   25,   20,    0,   25, -999
20160713, 0600,  , TS, 18.2N, 130.9W,  60,  989,  120,  100,   90,  110,   60,   40,   30,   50,    0,    0,    0,    0, -999
20160713, 1200,  , TS, 18.7N, 131.9W,  55,  992,  120,  100,   90,  100,   50,   40,   30,   50,    0,    0,    0,    0, -999
20160713, 1800,  , TS, 19.2N, 133.1W,  50,  995,  120,   90,   80,  100,   50,    0,    0,   30,    0,    0,    0,    0, -999
20160714, 0000,  , TS, 19.7N, 134.2W,  45, 1000,  120,   90,   80,  100,    0,    0,    0,    0,    0,    0,    0,    0, -999
20160714, 0600,  , TS, 20.1N, 135.2W,  45, 1000,  120,   80,   80,  100,    0,    0,    0,    0,    0,    0,    0,    0, -999
20160714, 1200,  , TS, 20.6N, 136.3W,  45, 1000,  140,   80,   80,  100,    0,    0,    0,    0,    0,    0,    0,    0, -999
20160714, 1800,  , TS, 21.1N, 137.3W,  45, 1000,  140,   80,   80,  120,    0,    0,    0,    0,    0,    0,    0,    0, -999
20160715, 0000,  , TS, 21.6N, 138.5W,  45, 1001,  140,   60,   60,  120,    0,    0,    0,    0,    0,    0,    0,    0, -999
20160715, 0600,  , TS, 21.9N, 139.6W,  40, 1003,  140,   40,   40,  120,    0,    0,    0,    0,    0,    0,    0,    0, -999
20160715, 1200,  , TS, 22.1N, 140.8W,  35, 1004,  120,   30,   30,  100,    0,    0,    0,    0,    0,    0,    0,    0, -999
20160715, 1800,  , TS, 22.2N, 142.0W,  35, 1004,  100,    0,    0,  100,    0,    0,    0,    0,    0,    0,    0,    0, -999
20160716, 0000,  , LO, 22.3N, 143.2W,  35, 1005,  100,    0,    0,  100,    0,    0,    0,    0,    0,    0,    0,    0, -999
20160716, 0600,  , LO, 22.4N, 144.5W,  35, 1005,  100,    0,    0,  100,    0,    0,    0,    0,    0,    0,    0,    0, -999
20160716, 1200,  , LO, 22.5N, 145.8W,  35, 1005,  100,    0,    0,  100,    0,    0,    0,    0,    0,    0,    0,    0, -999
20160716, 1800,  , LO, 22.7N, 147.0W,  35, 1005,  100,    0,    0,  100,    0,    0,    0,    0,    0,    0,    0,    0, -999
20160717, 0000,  , LO, 23.0N, 148.1W,  35, 1004,  100,    0,    0,  100,    0,    0,    0,    0,    0,    0,    0,    0, -999
20160717, 0600,  , LO, 23.3N, 149.1W,  40, 1003,  100,    0,    0,  100,    0,    0,    0,    0,    0,    0,    0,    0, -999
20160717, 1200,  , LO, 23.6N, 150.0W,  40, 1003,  120,    0,    0,  110,    0,    0,    0,    0,    0,    0,    0,    0, -999
20160717, 1800,  , LO, 23.7N, 150.9W,  40, 1004,  130,    0,    0,  120,    0,    0,    0,    0,    0,    0,    0,    0, -999
20160718, 0000,  , LO, 23.7N, 152.0W,  40, 1005,  140,    0,    0,  130,    0,    0,    0,    0,    0,    0,    0,    0, -999
20160718, 0600,  , LO, 23.7N, 153.2W,  40, 1006,  150,    0,    0,  140,    0,    0,    0,    0,    0,    0,    0,    0, -999
20160718, 1200,  , LO, 23.7N, 154.5W,  40, 1007,  150,    0,    0,  140,    0,    0,    0,    0,    0,    0,    0,    0, -999
20160718, 1800,  , LO, 23.7N, 156.0W,  40, 1007,  150,    0,    0,  140,    0,    0,    0,    0,    0,    0,    0,    0, -999
20160719, 0000,  , LO, 23.8N, 157.3W,  40, 1007,  150,    0,    0,  130,    0,    0,    0,    0,    0,    0,    0,    0, -999
20160719, 0600,  , LO, 23.8N, 158.6W,  35, 1008,  140,    0,    0,  120,    0,    0,    0,    0,    0,    0,    0,    0, -999
20160719, 1200,  , LO, 23.9N, 159.9W,  35, 1008,  140,    0,    0,  110,    0,    0,    0,    0,    0,    0,    0,    0, -999
20160719, 1800,  , LO, 24.1N, 161.2W,  35, 1008,  140,    0,    0,  100,    0,    0,    0,    0,    0,    0,    0,    0, -999
20160720, 0000,  , LO, 24.2N, 162.4W,  35, 1008,  140,    0,    0,  100,    0,    0,    0,    0,    0,    0,    0,    0, -999
20160720, 0600,  , LO, 24.3N, 163.8W,  35, 1008,  140,    0,    0,  100,    0,    0,    0,    0,    0,    0,    0,    0, -999
20160720, 1200,  , LO, 24.4N, 165.3W,  35, 1009,  120,    0,    0,   80,    0,    0,    0,    0,    0,    0,    0,    0, -999
20160720, 1800,  , LO, 24.4N, 166.9W,  35, 1009,  100,    0,    0,   40,    0,    0,    0,    0,    0,    0,    0,    0, -999
20160721, 0000,  , LO, 24.5N, 168.5W,  35, 1010,   80,    0,    0,    0,    0,    0,    0,    0,    0,    0,    0,    0, -999
20160721, 0600,  , LO, 24.8N, 170.1W,  35, 1010,   50,    0,    0,    0,    0,    0,    0,    0,    0,    0,    0,    0, -999
20160721, 1200,  , LO, 25.0N, 171.7W,  30, 1011,    0,    0,    0,    0,    0,    0,    0,    0,    0,    0,    0,    0, -999
EP052016,              DARBY,     61,
20160711, 1200,  , TD, 14.5N, 105.2W,  25, 1008,    0,    0,    0,    0,    0,    0,    0,    0,    0,    0,    0,    0, -999
20160711, 1800,  , TD, 15.0N, 105.7W,  30, 1007,    0,    0,    0,    0,    0,    0,    0,    0,    0,    0,    0,    0, -999
20160712, 0000,  , TD, 15.5N, 106.4W,  30, 1007,    0,    0,    0,    0,    0,    0,    0,    0,    0,    0,    0,    0, -999
20160712, 0600,  , TD, 15.8N, 107.2W,  30, 1007,    0,    0,    0,    0,    0,    0,    0,    0,    0,    0,    0,    0, -999
20160712, 1200,  , TS, 15.9N, 108.2W,  35, 1006,   30,    0,    0,   30,    0,    0,    0,    0,    0,    0,    0,    0, -999
20160712, 1800,  , TS, 15.6N, 109.2W,  45, 1002,   40,   30,   30,   40,    0,    0,    0,    0,    0,    0,    0,    0, -999
20160713, 0000,  , TS, 15.4N, 110.1W,  55, 1000,   50,   30,   30,   50,   20,    0,    0,   20,    0,    0,    0,    0, -999
20160713, 0600,  , TS, 15.3N, 111.0W,  60,  998,   60,   40,   40,   60,   30,   20,   20,   30,    0,    0,    0,    0, -999
20160713, 1200,  , TS, 15.3N, 111.9W,  60,  996,   70,   50,   50,   70,   30,   20,   20,   30,    0,    0,    0,    0, -999
20160713, 1800,  , HU, 15.4N, 112.9W,  65,  992,   80,   60,   60,   80,   40,   30,   30,   40,   20,    0,    0,   20, -999
20160714, 0000,  , HU, 15.5N, 114.0W,  70,  989,   80,   60,   60,   80,   40,   30,   30,   40,   20,   15,   15,   20, -999
20160714, 0600,  , HU, 15.6N, 115.2W,  70,  989,   80,   70,   60,   80,   40,   30,   30,   40,   20,   15,   15,   20, -999
20160714, 1200,  , HU, 15.7N, 116.3W,  70,  987,   80,   70,   60,   80,   40,   30,   30,   40,   20,   15,   15,   20, -999
20160714, 1800,  , HU, 15.8N, 117.5W,  75,  984,   90,   80,   70,   90,   50,   40,   40,   50,   25,   20,   20,   25, -999
20160715, 0000,  , HU, 15.9N, 118.6W,  80,  982,   90,   80,   70,   90,   50,   40,   40,   50,   25,   20,   20,   25, -999
20160715, 0600,  , HU, 16.0N, 119.5W,  85,  979,  100,   80,   70,   90,   50,   40,   40,   50,   25,   20,   20,   25, -999
20160715, 1200,  , HU, 16.3N, 120.3W,  90,  974,  100,   80,   70,   90,   50,   40,   40,   50,   25,   20,   20,   25, -999
20160715, 1800,  , HU, 16.7N, 121.1W,  90,  972,  100,   80,   70,   90,   50,   40,   30,   40,   30,   20,   20,   25, -999
20160716, 0000,  , HU, 17.1N, 121.9W,  90,  971,  100,   80,   70,   90,   50,   40,   30,   40,   30,   20,   20,   25, -999
20160716, 0600,  , HU, 17.4N, 122.7W,  95,  968,  100,   70,   60,   90,   50,   40,   30,   40,   30,   25,   20,   25, -999
20160716, 1200,  , HU, 17.7N, 123.5W, 100,  964,  100,   70,   60,   90,   50,   40,   30,   40,   30,   25,   20,   25, -999
20160716, 1800,  , HU, 17.9N, 124.4W, 105,  958,  100,   70,   60,   90,   40,   30,   30,   40,   25,   20,   20,   25, -999
20160717, 0000,  , HU, 18.0N, 125.3W, 100,  962,  100,   70,   60,   90,   40,   30,   30,   40,   25,   20,   20,   25, -999
20160717, 0600,  , HU, 18.1N, 126.2W,  95,  967,  100,   70,   60,   90,   40,   30,   30,   40,   25,   20,   20,   25, -999
20160717, 1200,  , HU, 18.2N, 127.0W,  90,  971,  100,   70,   60,   90,   40,   30,   30,   40,   25,   20,   20,   25, -999
20160717, 1800,  , HU, 18.3N, 127.8W,  85,  975,   90,   70,   60,   90,   40,   30,   30,   40,   25,   20,   20,   25, -999
20160718, 0000,  , HU, 18.3N, 128.7W,  80,  979,   90,   70,   60,   90,   40,   30,   30,   40,   25,   20,   20,   25, -999
20160718, 0600,  , HU, 18.4N, 129.6W,  75,  982,   90,   70,   60,   90,   40,   30,   30,   40,   25,   20,   20,   25, -999
20160718, 1200,  , HU, 18.5N, 130.6W,  70,  986,   80,   70,   60,   80,   40,   30,   30,   40,   25,   20,   20,   25, -999
20160718, 1800,  , HU, 18.8N, 131.6W,  65,  988,   80,   70,   60,   80,   40,   30,   30,   40,   25,   20,    0,   25, -999
20160719, 0000,  , HU, 19.0N, 132.7W,  65,  988,   80,   70,   60,   80,   40,   30,   30,   40,   25,   20,    0,   25, -999
20160719, 0600,  , TS, 19.3N, 133.8W,  60,  990,   80,   70,   60,   80,   40,   30,   30,   40,    0,    0,    0,    0, -999
20160719, 1200,  , TS, 19.6N, 134.9W,  60,  992,   80,   70,   60,   80,   40,   30,   30,   40,    0,    0,    0,    0, -999
20160719, 1800,  , TS, 19.8N, 136.0W,  55,  994,   80,   60,   50,   80,   40,   30,   30,   40,    0,    0,    0,    0, -999
20160720, 0000,  , TS, 19.9N, 137.2W,  55,  995,   80,   60,   50,   80,   40,   30,   30,   40,    0,    0,    0,    0, -999
20160720, 0600,  , TS, 19.9N, 138.4W,  55,  996,   80,   60,   50,   80,   40,   30,   30,   40,    0,    0,    0,    0, -999
20160720, 1200,  , TS, 19.9N, 139.6W,  50,  999,   80,   60,   50,   80,   40,    0,    0,   40,    0,    0,    0,    0, -999
20160720, 1800,  , TS, 19.9N, 140.7W,  50, 1000,   80,   50,   40,   80,   30,    0,    0,   35,    0,    0,    0,    0, -999
20160721, 0000,  , TS, 19.7N, 142.0W,  50, 1000,   90,   40,   50,   80,   20,    0,    0,   35,    0,    0,    0,    0, -999
20160721, 0600,  , TS, 19.4N, 143.3W,  55,  998,   95,   40,   55,   85,   20,    0,    0,   40,    0,    0,    0,    0, -999
20160721, 1200,  , TS, 19.0N, 144.6W,  55,  998,   95,   40,   55,   85,   20,    0,    0,   40,    0,    0,    0,    0, -999
20160721, 1800,  , TS, 18.8N, 145.7W,  55,  998,   90,   40,   50,   90,   20,    0,    0,   40,    0,    0,    0,    0, -999
20160722, 0000,  , TS, 18.7N, 146.9W,  55,  997,   90,   40,   40,   90,   30,    0,    0,   30,    0,    0,    0,    0, -999
20160722, 0600,  , TS, 18.6N, 148.1W,  55,  997,   90,   40,   40,   90,   30,    0,    0,   30,    0,    0,    0,    0, -999
20160722, 1200,  , TS, 18.5N, 149.3W,  50,  999,  100,   40,   40,  100,   30,    0,    0,   30,    0,    0,    0,    0, -999
20160722, 1800,  , TS, 18.5N, 150.5W,  50,  999,  110,   80,   40,  110,   30,    0,    0,   30,    0,    0,    0,    0, -999
20160723, 0000,  , TS, 18.6N, 151.6W,  50, 1000,  110,   80,   40,  110,   30,    0,    0,   30,    0,    0,    0,    0, -999
20160723, 0600,  , TS, 18.7N, 152.6W,  50, 1000,  110,   80,   40,  110,   30,    0,    0,   30,    0,    0,    0,    0, -999
20160723, 1200,  , TS, 18.7N, 153.5W,  45, 1001,  110,   80,   40,  110,    0,    0,    0,    0,    0,    0,    0,    0, -999
20160723, 1800,  , TS, 18.8N, 154.4W,  40, 1004,   90,   60,   40,   80,    0,    0,    0,    0,    0,    0,    0,    0, -999
20160724, 0000,  , TS, 19.3N, 155.3W,  35, 1006,   60,   40,   10,   60,    0,    0,    0,    0,    0,    0,    0,    0, -999
20160724, 0600,  , TD, 19.4N, 156.3W,  30, 1008,    0,    0,    0,    0,    0,    0,    0,    0,    0,    0,    0,    0, -999
20160724, 1200,  , TD, 19.6N, 157.0W,  30, 1008,    0,    0,    0,    0,    0,    0,    0,    0,    0,    0,    0,    0, -999
20160724, 1800,  , TD, 20.4N, 157.7W,  30, 1010,    0,    0,    0,    0,    0,    0,    0,    0,    0,    0,    0,    0, -999
20160725, 0000,  , TD, 21.2N, 158.4W,  30, 1011,    0,    0,    0,    0,    0,    0,    0,    0,    0,    0,    0,    0, -999
20160725, 0600,  , TD, 22.1N, 159.1W,  30, 1011,    0,    0,    0,    0,    0,    0,    0,    0,    0,    0,    0,    0, -999
20160725, 1200,  , LO, 22.3N, 160.3W,  25, 1011,    0,    0,    0,    0,    0,    0,    0,    0,    0,    0,    0,    0, -999
20160725, 1800,  , LO, 22.0N, 160.6W,  25, 1012,    0,    0,    0,    0,    0,    0,    0,    0,    0,    0,    0,    0, -999
20160726, 0000,  , LO, 22.4N, 161.4W,  25, 1012,    0,    0,    0,    0,    0,    0,    0,    0,    0,    0,    0,    0, -999
20160726, 0600,  , LO, 22.8N, 162.0W,  20, 1013,    0,    0,    0,    0,    0,    0,    0,    0,    0,    0,    0,    0, -999
20160726, 1200,  , WV, 23.1N, 163.0W,  20, 1014,    0,    0,    0,    0,    0,    0,    0,    0,    0,    0,    0,    0, -999
EP062016,            ESTELLE,     38,
20160715, 0000,  , LO, 13.5N, 104.5W,  25, 1008,    0,    0,    0,    0,    0,    0,    0,    0,    0,    0,    0,    0, -999
20160715, 0600,  , LO, 13.7N, 105.2W,  25, 1008,    0,    0,    0,    0,    0,    0,    0,    0,    0,    0,    0,    0, -999
20160715, 1200,  , TD, 14.0N, 106.0W,  25, 1008,    0,    0,    0,    0,    0,    0,    0,    0,    0,    0,    0,    0, -999
20160715, 1800,  , TD, 14.4N, 106.7W,  30, 1007,    0,    0,    0,    0,    0,    0,    0,    0,    0,    0,    0,    0, -999
20160716, 0000,  , TS, 14.8N, 107.4W,  35, 1005,   70,    0,    0,    0,    0,    0,    0,    0,    0,    0,    0,    0, -999
20160716, 0600,  , TS, 15.3N, 108.1W,  40, 1004,   70,    0,    0,    0,    0,    0,    0,    0,    0,    0,    0,    0, -999
20160716, 1200,  , TS, 15.7N, 108.7W,  45, 1003,   70,   20,   20,   40,    0,    0,    0,    0,    0,    0,    0,    0, -999
20160716, 1800,  , TS, 15.9N, 109.4W,  45, 1002,   80,   30,   30,   40,    0,    0,    0,    0,    0,    0,    0,    0, -999
20160717, 0000,  , TS, 16.0N, 110.1W,  45, 1000,   90,   50,   50,   50,    0,    0,    0,    0,    0,    0,    0,    0, -999
20160717, 0600,  , TS, 16.1N, 110.8W,  50,  998,   90,   70,   60,   70,   30,    0,    0,    0,    0,    0,    0,    0, -999
20160717, 1200,  , TS, 16.3N, 111.5W,  55,  994,  100,   80,   70,   80,   50,   30,    0,   30,    0,    0,    0,    0, -999
20160717, 1800,  , TS, 16.5N, 112.2W,  60,  990,  110,  100,   80,   90,   60,   60,   20,   40,    0,    0,    0,    0, -999
20160718, 0000,  , TS, 16.8N, 113.0W,  60,  990,  120,  110,   80,  100,   70,   70,   20,   60,    0,    0,    0,    0, -999
20160718, 0600,  , TS, 17.2N, 113.7W,  60,  990,  130,  120,   80,  100,   80,   70,   20,   70,    0,    0,    0,    0, -999
20160718, 1200,  , TS, 17.6N, 114.4W,  55,  991,  130,  120,   80,  110,   80,   60,   20,   80,    0,    0,    0,    0, -999
20160718, 1800,  , TS, 17.9N, 115.3W,  55,  992,  140,  130,   80,  110,   80,   50,   30,   80,    0,    0,    0,    0, -999
20160719, 0000,  , TS, 18.1N, 116.2W,  55,  993,  140,  130,   80,  120,   80,   40,   30,   80,    0,    0,    0,    0, -999
20160719, 0600,  , TS, 18.4N, 117.1W,  55,  993,  140,  130,   80,  120,   80,   40,   30,   80,    0,    0,    0,    0, -999
20160719, 1200,  , TS, 18.7N, 118.1W,  60,  992,  140,  130,   80,  120,   80,   40,   40,   70,    0,    0,    0,    0, -999
20160719, 1800,  , TS, 18.9N, 119.2W,  60,  991,  140,  130,   80,  120,   70,   40,   40,   70,    0,    0,    0,    0, -999
20160720, 0000,  , TS, 19.0N, 120.4W,  60,  990,  130,  130,   80,  120,   70,   40,   40,   60,    0,    0,    0,    0, -999
20160720, 0600,  , TS, 19.0N, 121.6W,  60,  990,  130,  120,   80,  120,   70,   40,   40,   60,    0,    0,    0,    0, -999
20160720, 1200,  , TS, 19.1N, 122.7W,  60,  990,  120,  110,   80,  120,   70,   40,   40,   50,    0,    0,    0,    0, -999
20160720, 1800,  , TS, 19.2N, 123.8W,  55,  992,  120,  100,   80,  110,   60,   40,   40,   50,    0,    0,    0,    0, -999
20160721, 0000,  , TS, 19.3N, 124.9W,  55,  994,  110,   90,   70,  100,   50,   30,   30,   40,    0,    0,    0,    0, -999
20160721, 0600,  , TS, 19.5N, 126.1W,  55,  996,  100,   80,   60,   90,   40,    0,    0,   30,    0,    0,    0,    0, -999
20160721, 1200,  , TS, 19.9N, 127.4W,  50,  999,   90,   70,   50,   80,   40,    0,    0,   30,    0,    0,    0,    0, -999
20160721, 1800,  , TS, 20.4N, 128.9W,  45, 1002,   80,   60,    0,   70,    0,    0,    0,    0,    0,    0,    0,    0, -999
20160722, 0000,  , LO, 20.8N, 130.2W,  40, 1004,   70,    0,    0,   60,    0,    0,    0,    0,    0,    0,    0,    0, -999
20160722, 0600,  , LO, 21.1N, 131.5W,  35, 1005,   60,    0,    0,   50,    0,    0,    0,    0,    0,    0,    0,    0, -999
20160722, 1200,  , LO, 21.5N, 132.8W,  35, 1005,   60,    0,    0,   50,    0,    0,    0,    0,    0,    0,    0,    0, -999
20160722, 1800,  , LO, 22.1N, 134.1W,  30, 1006,    0,    0,    0,    0,    0,    0,    0,    0,    0,    0,    0,    0, -999
20160723, 0000,  , LO, 22.6N, 135.3W,  30, 1007,    0,    0,    0,    0,    0,    0,    0,    0,    0,    0,    0,    0, -999
20160723, 0600,  , LO, 23.0N, 136.4W,  30, 1008,    0,    0,    0,    0,    0,    0,    0,    0,    0,    0,    0,    0, -999
20160723, 1200,  , LO, 23.4N, 137.5W,  30, 1009,    0,    0,    0,    0,    0,    0,    0,    0,    0,    0,    0,    0, -999
20160723, 1800,  , LO, 23.7N, 138.8W,  25, 1010,    0,    0,    0,    0,    0,    0,    0,    0,    0,    0,    0,    0, -999
20160724, 0000,  , LO, 24.0N, 140.1W,  25, 1010,    0,    0,    0,    0,    0,    0,    0,    0,    0,    0,    0,    0, -999
20160724, 0600,  , LO, 24.3N, 141.6W,  25, 1010,    0,    0,    0,    0,    0,    0,    0,    0,    0,    0,    0,    0, -999
EP072016,              FRANK,     39,
20160721, 0600,  , TD, 13.2N, 101.5W,  30, 1007,    0,    0,    0,    0,    0,    0,    0,    0,    0,    0,    0,    0, -999
20160721, 1200,  , TS, 14.0N, 102.5W,  35, 1006,   50,   30,    0,   30,    0,    0,    0,    0,    0,    0,    0,    0, -999
20160721, 1800,  , TS, 14.8N, 103.6W,  40, 1005,   50,   30,    0,   30,    0,    0,    0,    0,    0,    0,    0,    0, -999
20160722, 0000,  , TS, 15.6N, 104.7W,  45, 1004,   50,   30,    0,   30,    0,    0,    0,    0,    0,    0,    0,    0, -999
20160722, 0600,  , TS, 16.4N, 105.8W,  45, 1000,   60,   50,    0,   40,    0,    0,    0,    0,    0,    0,    0,    0, -999
20160722, 1200,  , TS, 17.2N, 106.9W,  45, 1000,   70,   50,   30,   60,    0,    0,    0,    0,    0,    0,    0,    0, -999
20160722, 1800,  , TS, 17.7N, 107.8W,  50, 1000,   70,   60,   40,   60,   30,    0,    0,    0,    0,    0,    0,    0, -999
20160723, 0000,  , TS, 18.0N, 108.5W,  55,  998,   80,   60,   40,   70,   30,    0,    0,    0,    0,    0,    0,    0, -999
20160723, 0600,  , TS, 18.3N, 109.1W,  55,  994,   80,   60,   40,   70,   30,    0,    0,    0,    0,    0,    0,    0, -999
20160723, 1200,  , TS, 18.6N, 109.7W,  55,  994,   80,   60,   40,   70,   30,    0,    0,    0,    0,    0,    0,    0, -999
20160723, 1800,  , TS, 19.0N, 110.3W,  55,  994,   80,   60,   40,   70,   30,    0,    0,    0,    0,    0,    0,    0, -999
20160724, 0000,  , TS, 19.3N, 110.8W,  55,  994,   80,   60,   40,   70,   30,    0,    0,    0,    0,    0,    0,    0, -999
20160724, 0600,  , TS, 19.6N, 111.4W,  55,  994,   80,   70,   40,   70,   30,    0,    0,    0,    0,    0,    0,    0, -999
20160724, 1200,  , TS, 19.8N, 111.9W,  55,  994,   60,   70,   40,   70,   30,   30,    0,    0,    0,    0,    0,    0, -999
20160724, 1800,  , TS, 19.9N, 112.3W,  60,  992,   60,   70,   40,   70,   40,   30,    0,   30,    0,    0,    0,    0, -999
20160725, 0000,  , TS, 20.1N, 112.8W,  60,  992,   60,   70,   40,   60,   40,   30,    0,   30,    0,    0,    0,    0, -999
20160725, 0600,  , TS, 20.2N, 113.2W,  55,  994,   60,   70,   40,   60,   40,   30,    0,   30,    0,    0,    0,    0, -999
20160725, 1200,  , TS, 20.3N, 113.7W,  50,  994,   60,   70,   40,   60,   40,   30,    0,   30,    0,    0,    0,    0, -999
20160725, 1800,  , TS, 20.5N, 114.2W,  45,  996,   60,   60,   40,   60,    0,    0,    0,    0,    0,    0,    0,    0, -999
20160726, 0000,  , TS, 20.7N, 114.7W,  50,  994,   60,   60,   40,   60,   30,   30,    0,   30,    0,    0,    0,    0, -999
20160726, 0600,  , TS, 20.9N, 115.4W,  55,  994,   60,   60,   40,   60,   30,   30,    0,   30,    0,    0,    0,    0, -999
20160726, 1200,  , HU, 21.1N, 116.2W,  65,  989,   70,   60,   40,   60,   30,   30,   30,   30,   20,    0,    0,    0, -999
20160726, 1800,  , HU, 21.3N, 117.2W,  70,  986,   80,   60,   50,   80,   40,   30,   30,   40,   20,    0,    0,   20, -999
20160727, 0000,  , HU, 21.6N, 118.2W,  75,  979,   80,   60,   50,   80,   40,   30,   30,   40,   20,    0,    0,   20, -999
20160727, 0600,  , HU, 22.0N, 119.2W,  75,  985,   50,   40,   40,   50,   30,   20,   20,   30,   20,    0,    0,   20, -999
20160727, 1200,  , TS, 22.4N, 120.3W,  60,  993,   50,   40,   40,   50,   30,   20,   20,   30,    0,    0,    0,    0, -999
20160727, 1800,  , TS, 22.9N, 121.4W,  55,  996,   40,   30,   30,   50,   20,    0,    0,   20,    0,    0,    0,    0, -999
20160728, 0000,  , TS, 23.2N, 122.4W,  45, 1000,   40,   30,   30,   50,    0,    0,    0,    0,    0,    0,    0,    0, -999
20160728, 0600,  , TS, 23.4N, 123.3W,  35, 1004,   40,    0,    0,    0,    0,    0,    0,    0,    0,    0,    0,    0, -999
20160728, 1200,  , LO, 23.6N, 124.1W,  30, 1006,    0,    0,    0,    0,    0,    0,    0,    0,    0,    0,    0,    0, -999
20160728, 1800,  , LO, 24.0N, 124.6W,  25, 1007,    0,    0,    0,    0,    0,    0,    0,    0,    0,    0,    0,    0, -999
20160729, 0000,  , LO, 24.1N, 125.1W,  25, 1008,    0,    0,    0,    0,    0,    0,    0,    0,    0,    0,    0,    0, -999
20160729, 0600,  , LO, 24.2N, 125.6W,  25, 1009,    0,    0,    0,    0,    0,    0,    0,    0,    0,    0,    0,    0, -999
20160729, 1200,  , LO, 24.2N, 126.0W,  20, 1011,    0,    0,    0,    0,    0,    0,    0,    0,    0,    0,    0,    0, -999
20160729, 1800,  , LO, 24.1N, 126.4W,  20, 1011,    0,    0,    0,    0,    0,    0,    0,    0,    0,    0,    0,    0, -999
20160730, 0000,  , LO, 23.8N, 126.7W,  20, 1011,    0,    0,    0,    0,    0,    0,    0,    0,    0,    0,    0,    0, -999
20160730, 0600,  , LO, 23.6N, 127.0W,  20, 1011,    0,    0,    0,    0,    0,    0,    0,    0,    0,    0,    0,    0, -999
20160730, 1200,  , LO, 23.4N, 127.3W,  20, 1011,    0,    0,    0,    0,    0,    0,    0,    0,    0,    0,    0,    0, -999
20160730, 1800,  , LO, 23.2N, 127.7W,  20, 1011,    0,    0,    0,    0,    0,    0,    0,    0,    0,    0,    0,    0, -999
EP082016,          GEORGETTE,     37,
20160721, 0000,  , LO,  9.5N, 111.0W,  25, 1008,    0,    0,    0,    0,    0,    0,    0,    0,    0,    0,    0,    0, -999
20160721, 0600,  , TD,  9.7N, 111.7W,  25, 1008,    0,    0,    0,    0,    0,    0,    0,    0,    0,    0,    0,    0, -999
20160721, 1200,  , TD, 10.0N, 112.4W,  25, 1008,    0,    0,    0,    0,    0,    0,    0,    0,    0,    0,    0,    0, -999
20160721, 1800,  , TD, 10.5N, 113.4W,  30, 1006,    0,    0,    0,    0,    0,    0,    0,    0,    0,    0,    0,    0, -999
20160722, 0000,  , TD, 11.1N, 114.4W,  30, 1006,    0,    0,    0,    0,    0,    0,    0,    0,    0,    0,    0,    0, -999
20160722, 0600,  , TD, 11.6N, 115.4W,  30, 1006,    0,    0,    0,    0,    0,    0,    0,    0,    0,    0,    0,    0, -999
20160722, 1200,  , TS, 12.1N, 116.6W,  40, 1004,   30,   30,    0,   30,    0,    0,    0,    0,    0,    0,    0,    0, -999
20160722, 1800,  , TS, 12.6N, 117.9W,  50, 1002,   50,   50,   30,   50,   30,    0,    0,   20,    0,    0,    0,    0, -999
20160723, 0000,  , TS, 13.0N, 118.9W,  55, 1001,   50,   50,   30,   50,   30,    0,    0,   20,    0,    0,    0,    0, -999
20160723, 0600,  , TS, 13.4N, 120.0W,  55, 1001,   50,   50,   30,   50,   30,    0,    0,   30,    0,    0,    0,    0, -999
20160723, 1200,  , TS, 13.6N, 121.0W,  55, 1001,   50,   50,   30,   50,   30,    0,    0,   30,    0,    0,    0,    0, -999
20160723, 1800,  , TS, 13.8N, 121.8W,  60,  997,   60,   50,   40,   50,   40,   30,    0,   20,    0,    0,    0,    0, -999
20160724, 0000,  , HU, 14.1N, 122.7W,  65,  993,   60,   50,   40,   60,   40,   30,   20,   30,   20,    0,    0,    0, -999
20160724, 0600,  , HU, 14.5N, 123.5W,  70,  988,   60,   50,   40,   60,   40,   30,   20,   30,   20,   15,    0,   15, -999
20160724, 1200,  , HU, 14.9N, 124.3W,  75,  983,   60,   50,   40,   50,   30,   30,   20,   30,   20,   15,   10,   15, -999
20160724, 1800,  , HU, 15.4N, 125.1W,  90,  972,   60,   50,   40,   50,   30,   30,   20,   30,   15,   15,   10,   15, -999
20160725, 0000,  , HU, 16.0N, 125.8W, 105,  961,   50,   50,   40,   50,   20,   20,   20,   20,   15,   15,   10,   15, -999
20160725, 0600,  , HU, 16.6N, 126.4W, 115,  952,   40,   40,   30,   40,   20,   20,   10,   20,   10,   10,    5,   10, -999
20160725, 1200,  , HU, 17.2N, 127.0W, 110,  956,   40,   40,   30,   40,   20,   20,   10,   20,   10,   10,    5,   10, -999
20160725, 1800,  , HU, 17.7N, 127.6W, 100,  964,   40,   40,   30,   40,   20,   20,   10,   20,   10,   10,    5,   10, -999
20160726, 0000,  , HU, 18.0N, 128.0W,  85,  974,   40,   40,   30,   40,   20,   20,   10,   20,   10,   10,    5,   10, -999
20160726, 0600,  , HU, 18.1N, 128.2W,  75,  982,   40,   40,   30,   40,   20,   20,   10,   20,   10,   10,    0,   10, -999
20160726, 1200,  , HU, 18.2N, 128.3W,  65,  988,   40,   40,   30,   40,   20,   20,   10,   20,   10,   10,    0,   10, -999
20160726, 1800,  , TS, 18.3N, 128.4W,  55,  994,   40,   40,   30,   40,   20,   20,    0,   20,    0,    0,    0,    0, -999
20160727, 0000,  , TS, 18.6N, 128.5W,  45, 1001,   40,   40,   30,   40,    0,    0,    0,    0,    0,    0,    0,    0, -999
20160727, 0600,  , LO, 19.0N, 128.7W,  35, 1006,   20,    0,    0,    0,    0,    0,    0,    0,    0,    0,    0,    0, -999
20160727, 1200,  , LO, 19.5N, 129.3W,  30, 1007,    0,    0,    0,    0,    0,    0,    0,    0,    0,    0,    0,    0, -999
20160727, 1800,  , LO, 20.0N, 130.1W,  30, 1007,    0,    0,    0,    0,    0,    0,    0,    0,    0,    0,    0,    0, -999
20160728, 0000,  , LO, 20.4N, 131.1W,  30, 1007,    0,    0,    0,    0,    0,    0,    0,    0,    0,    0,    0,    0, -999
20160728, 0600,  , LO, 20.6N, 132.1W,  25, 1009,    0,    0,    0,    0,    0,    0,    0,    0,    0,    0,    0,    0, -999
20160728, 1200,  , LO, 20.7N, 133.1W,  25, 1009,    0,    0,    0,    0,    0,    0,    0,    0,    0,    0,    0,    0, -999
20160728, 1800,  , LO, 20.8N, 134.0W,  25, 1009,    0,    0,    0,    0,    0,    0,    0,    0,    0,    0,    0,    0, -999
20160729, 0000,  , LO, 20.7N, 134.9W,  20, 1011,    0,    0,    0,    0,    0,    0,    0,    0,    0,    0,    0,    0, -999
20160729, 0600,  , LO, 20.5N, 135.9W,  20, 1011,    0,    0,    0,    0,    0,    0,    0,    0,    0,    0,    0,    0, -999
20160729, 1200,  , LO, 20.3N, 137.1W,  20, 1012,    0,    0,    0,    0,    0,    0,    0,    0,    0,    0,    0,    0, -999
20160729, 1800,  , LO, 20.1N, 138.4W,  20, 1012,    0,    0,    0,    0,    0,    0,    0,    0,    0,    0,    0,    0, -999
20160730, 0000,  , LO, 20.0N, 139.6W,  20, 1012,    0,    0,    0,    0,    0,    0,    0,    0,    0,    0,    0,    0, -999
EP092016,             HOWARD,     29,
20160731, 1200,  , TD, 14.7N, 119.8W,  30, 1007,    0,    0,    0,    0,    0,    0,    0,    0,    0,    0,    0,    0, -999
20160731, 1800,  , TD, 15.1N, 120.6W,  30, 1006,    0,    0,    0,    0,    0,    0,    0,    0,    0,    0,    0,    0, -999
20160801, 0000,  , TD, 15.5N, 121.5W,  30, 1006,    0,    0,    0,    0,    0,    0,    0,    0,    0,    0,    0,    0, -999
20160801, 0600,  , TS, 15.9N, 122.4W,  35, 1005,   40,   40,    0,   40,    0,    0,    0,    0,    0,    0,    0,    0, -999
20160801, 1200,  , TS, 16.4N, 123.4W,  40, 1001,   50,   40,    0,   40,    0,    0,    0,    0,    0,    0,    0,    0, -999
20160801, 1800,  , TS, 16.8N, 124.5W,  40, 1001,   50,   50,    0,   40,    0,    0,    0,    0,    0,    0,    0,    0, -999
20160802, 0000,  , TS, 17.4N, 125.8W,  45,  999,   60,   60,    0,   60,    0,    0,    0,    0,    0,    0,    0,    0, -999
20160802, 0600,  , TS, 18.0N, 127.0W,  50,  998,   90,   90,    0,   80,   40,    0,    0,   40,    0,    0,    0,    0, -999
20160802, 1200,  , TS, 18.5N, 128.3W,  50,  999,   90,   90,    0,   80,   40,    0,    0,   40,    0,    0,    0,    0, -999
20160802, 1800,  , TS, 19.0N, 129.5W,  50,  999,   90,   90,    0,   80,   40,    0,    0,   40,    0,    0,    0,    0, -999
20160803, 0000,  , TS, 19.5N, 130.7W,  45, 1003,   90,   60,    0,   80,    0,    0,    0,    0,    0,    0,    0,    0, -999
20160803, 0600,  , TS, 20.1N, 131.9W,  40, 1005,   70,   60,    0,   60,    0,    0,    0,    0,    0,    0,    0,    0, -999
20160803, 1200,  , LO, 20.6N, 133.1W,  35, 1006,   70,   60,    0,   60,    0,    0,    0,    0,    0,    0,    0,    0, -999
20160803, 1800,  , LO, 21.1N, 134.5W,  35, 1007,   60,    0,    0,   60,    0,    0,    0,    0,    0,    0,    0,    0, -999
20160804, 0000,  , LO, 21.5N, 135.9W,  35, 1007,   60,    0,    0,   60,    0,    0,    0,    0,    0,    0,    0,    0, -999
20160804, 0600,  , LO, 21.8N, 137.4W,  35, 1007,   60,    0,    0,   60,    0,    0,    0,    0,    0,    0,    0,    0, -999
20160804, 1200,  , LO, 22.0N, 138.8W,  35, 1007,   60,    0,    0,   60,    0,    0,    0,    0,    0,    0,    0,    0, -999
20160804, 1800,  , LO, 22.2N, 140.1W,  35, 1008,   60,    0,    0,   60,    0,    0,    0,    0,    0,    0,    0,    0, -999
20160805, 0000,  , LO, 22.2N, 141.5W,  30, 1008,    0,    0,    0,    0,    0,    0,    0,    0,    0,    0,    0,    0, -999
20160805, 0600,  , LO, 22.2N, 143.0W,  30, 1008,    0,    0,    0,    0,    0,    0,    0,    0,    0,    0,    0,    0, -999
20160805, 1200,  , LO, 22.2N, 144.4W,  30, 1008,    0,    0,    0,    0,    0,    0,    0,    0,    0,    0,    0,    0, -999
20160805, 1800,  , LO, 22.2N, 145.8W,  25, 1009,    0,    0,    0,    0,    0,    0,    0,    0,    0,    0,    0,    0, -999
20160806, 0000,  , LO, 22.2N, 147.2W,  25, 1009,    0,    0,    0,    0,    0,    0,    0,    0,    0,    0,    0,    0, -999
20160806, 0600,  , LO, 22.2N, 148.6W,  25, 1009,    0,    0,    0,    0,    0,    0,    0,    0,    0,    0,    0,    0, -999
20160806, 1200,  , LO, 22.1N, 150.0W,  25, 1009,    0,    0,    0,    0,    0,    0,    0,    0,    0,    0,    0,    0, -999
20160806, 1800,  , LO, 22.1N, 151.6W,  25, 1009,    0,    0,    0,    0,    0,    0,    0,    0,    0,    0,    0,    0, -999
20160807, 0000,  , LO, 22.0N, 153.3W,  25, 1009,    0,    0,    0,    0,    0,    0,    0,    0,    0,    0,    0,    0, -999
20160807, 0600,  , LO, 21.8N, 154.8W,  25, 1009,    0,    0,    0,    0,    0,    0,    0,    0,    0,    0,    0,    0, -999
20160807, 1200,  , LO, 21.7N, 156.4W,  25, 1009,    0,    0,    0,    0,    0,    0,    0,    0,    0,    0,    0,    0, -999
EP102016,             IVETTE,     33,
20160803, 0000,  , TD, 13.8N, 116.7W,  30, 1007,    0,    0,    0,    0,    0,    0,    0,    0,    0,    0,    0,    0, -999
20160803, 0600,  , TS, 14.0N, 118.3W,  35, 1006,   40,    0,    0,    0,    0,    0,    0,    0,    0,    0,    0,    0, -999
20160803, 1200,  , TS, 14.2N, 119.8W,  40, 1005,   50,   30,    0,   50,    0,    0,    0,    0,    0,    0,    0,    0, -999
20160803, 1800,  , TS, 14.4N, 121.4W,  40, 1004,   60,   40,    0,   60,    0,    0,    0,    0,    0,    0,    0,    0, -999
20160804, 0000,  , TS, 14.6N, 122.8W,  40, 1004,   60,   40,    0,   60,    0,    0,    0,    0,    0,    0,    0,    0, -999
20160804, 0600,  , TS, 14.7N, 124.1W,  40, 1004,   70,   40,    0,   60,    0,    0,    0,    0,    0,    0,    0,    0, -999
20160804, 1200,  , TS, 14.8N, 125.5W,  40, 1003,   70,   40,    0,   50,    0,    0,    0,    0,    0,    0,    0,    0, -999
20160804, 1800,  , TS, 14.8N, 126.7W,  45, 1002,   60,   40,    0,   40,    0,    0,    0,    0,    0,    0,    0,    0, -999
20160805, 0000,  , TS, 14.8N, 128.0W,  45, 1002,   60,   40,    0,   40,    0,    0,    0,    0,    0,    0,    0,    0, -999
20160805, 0600,  , TS, 14.9N, 129.2W,  45, 1002,   60,   40,    0,   40,    0,    0,    0,    0,    0,    0,    0,    0, -999
20160805, 1200,  , TS, 15.1N, 130.3W,  45, 1001,   70,   50,   20,   50,    0,    0,    0,    0,    0,    0,    0,    0, -999
20160805, 1800,  , TS, 15.3N, 131.2W,  50, 1000,   70,   50,   20,   50,   30,    0,    0,    0,    0,    0,    0,    0, -999
20160806, 0000,  , TS, 15.4N, 132.1W,  50, 1000,   80,   60,   30,   60,   30,    0,    0,    0,    0,    0,    0,    0, -999
20160806, 0600,  , TS, 15.6N, 133.1W,  45, 1002,   80,   60,   30,   60,    0,    0,    0,    0,    0,    0,    0,    0, -999
20160806, 1200,  , TS, 15.8N, 134.0W,  45, 1003,   80,   60,   30,   60,    0,    0,    0,    0,    0,    0,    0,    0, -999
20160806, 1800,  , TS, 16.1N, 134.9W,  45, 1003,   80,   60,   30,   60,    0,    0,    0,    0,    0,    0,    0,    0, -999
20160807, 0000,  , TS, 16.4N, 135.9W,  40, 1004,   80,   60,   30,   60,    0,    0,    0,    0,    0,    0,    0,    0, -999
20160807, 0600,  , TS, 16.7N, 136.8W,  40, 1005,   70,    0,    0,   50,    0,    0,    0,    0,    0,    0,    0,    0, -999
20160807, 1200,  , TS, 17.0N, 137.7W,  35, 1006,   70,    0,    0,   50,    0,    0,    0,    0,    0,    0,    0,    0, -999
20160807, 1800,  , TS, 17.2N, 138.5W,  35, 1006,   70,    0,    0,   50,    0,    0,    0,    0,    0,    0,    0,    0, -999
20160808, 0000,  , TS, 17.2N, 139.4W,  35, 1006,   70,    0,    0,   50,    0,    0,    0,    0,    0,    0,    0,    0, -999
20160808, 0600,  , TD, 17.1N, 140.1W,  30, 1007,    0,    0,    0,    0,    0,    0,    0,    0,    0,    0,    0,    0, -999
20160808, 1200,  , TD, 17.1N, 140.7W,  30, 1009,    0,    0,    0,    0,    0,    0,    0,    0,    0,    0,    0,    0, -999
20160808, 1800,  , LO, 17.1N, 141.3W,  25, 1010,    0,    0,    0,    0,    0,    0,    0,    0,    0,    0,    0,    0, -999
20160809, 0000,  , LO, 17.1N, 142.2W,  25, 1010,    0,    0,    0,    0,    0,    0,    0,    0,    0,    0,    0,    0, -999
20160809, 0600,  , LO, 17.0N, 143.2W,  25, 1010,    0,    0,    0,    0,    0,    0,    0,    0,    0,    0,    0,    0, -999
20160809, 1200,  , LO, 16.9N, 144.4W,  25, 1010,    0,    0,    0,    0,    0,    0,    0,    0,    0,    0,    0,    0, -999
20160809, 1800,  , LO, 16.7N, 145.6W,  25, 1010,    0,    0,    0,    0,    0,    0,    0,    0,    0,    0,    0,    0, -999
20160810, 0000,  , LO, 16.4N, 146.8W,  25, 1010,    0,    0,    0,    0,    0,    0,    0,    0,    0,    0,    0,    0, -999
20160810, 0600,  , LO, 16.0N, 148.3W,  25, 1011,    0,    0,    0,    0,    0,    0,    0,    0,    0,    0,    0,    0, -999
20160810, 1200,  , LO, 15.6N, 150.0W,  25, 1011,    0,    0,    0,    0,    0,    0,    0,    0,    0,    0,    0,    0, -999
20160810, 1800,  , LO, 15.2N, 151.7W,  25, 1011,    0,    0,    0,    0,    0,    0,    0,    0,    0,    0,    0,    0, -999
20160811, 0000,  , LO, 14.8N, 153.4W,  25, 1011,    0,    0,    0,    0,    0,    0,    0,    0,    0,    0,    0,    0, -999
EP112016,             JAVIER,     17,
20160806, 1800,  , LO, 17.7N, 102.5W,  25, 1004,    0,    0,    0,    0,    0,    0,    0,    0,    0,    0,    0,    0, -999
20160807, 0000,  , LO, 18.0N, 103.5W,  30, 1003,    0,    0,    0,    0,    0,    0,    0,    0,    0,    0,    0,    0, -999
20160807, 0600,  , TD, 18.5N, 104.5W,  30, 1002,    0,    0,    0,    0,    0,    0,    0,    0,    0,    0,    0,    0, -999
20160807, 1200,  , TS, 19.0N, 105.5W,  35, 1001,   90,   90,    0,   60,    0,    0,    0,    0,    0,    0,    0,    0, -999
20160807, 1800,  , TS, 19.6N, 106.4W,  40, 1000,   90,   90,   30,   60,    0,    0,    0,    0,    0,    0,    0,    0, -999
20160808, 0000,  , TS, 20.4N, 107.2W,  45,  999,   80,   80,   30,   50,    0,    0,    0,    0,    0,    0,    0,    0, -999
20160808, 0600,  , TS, 21.1N, 108.1W,  45,  999,   60,   60,   30,   40,    0,    0,    0,    0,    0,    0,    0,    0, -999
20160808, 1200,  , TS, 21.7N, 108.8W,  50,  998,   50,   40,   30,   40,   20,   20,    0,    0,    0,    0,    0,    0, -999
20160808, 1800,  , TS, 22.2N, 109.3W,  55,  997,   40,   40,   30,   40,   20,   20,   10,    0,    0,    0,    0,    0, -999
20160809, 0000,  , TS, 22.6N, 109.5W,  50,  999,   40,   40,   30,   40,   10,   10,    0,    0,    0,    0,    0,    0, -999
20160809, 0330, L, TS, 23.1N, 109.7W,  45, 1002,   40,   40,   30,   30,    0,    0,    0,    0,    0,    0,    0,    0, -999
20160809, 0600,  , TS, 23.4N, 110.2W,  35, 1004,   40,   30,   30,    0,    0,    0,    0,    0,    0,    0,    0,    0, -999
20160809, 1200,  , TD, 23.9N, 110.9W,  30, 1005,    0,    0,    0,    0,    0,    0,    0,    0,    0,    0,    0,    0, -999
20160809, 1800,  , LO, 24.4N, 111.6W,  25, 1007,    0,    0,    0,    0,    0,    0,    0,    0,    0,    0,    0,    0, -999
20160810, 0000,  , LO, 24.7N, 112.1W,  25, 1008,    0,    0,    0,    0,    0,    0,    0,    0,    0,    0,    0,    0, -999
20160810, 0600,  , LO, 25.2N, 112.3W,  20, 1009,    0,    0,    0,    0,    0,    0,    0,    0,    0,    0,    0,    0, -999
20160810, 1200,  , LO, 25.7N, 112.5W,  20, 1009,    0,    0,    0,    0,    0,    0,    0,    0,    0,    0,    0,    0, -999
EP122016,                KAY,     38,
20160817, 0000,  , LO, 12.4N, 106.5W,  25, 1008,    0,    0,    0,    0,    0,    0,    0,    0,    0,    0,    0,    0, -999
20160817, 0600,  , LO, 13.1N, 106.9W,  25, 1007,    0,    0,    0,    0,    0,    0,    0,    0,    0,    0,    0,    0, -999
20160817, 1200,  , LO, 13.8N, 107.3W,  25, 1007,    0,    0,    0,    0,    0,    0,    0,    0,    0,    0,    0,    0, -999
20160817, 1800,  , LO, 14.6N, 107.8W,  25, 1007,    0,    0,    0,    0,    0,    0,    0,    0,    0,    0,    0,    0, -999
20160818, 0000,  , LO, 15.4N, 108.3W,  25, 1006,    0,    0,    0,    0,    0,    0,    0,    0,    0,    0,    0,    0, -999
20160818, 0600,  , LO, 16.2N, 108.8W,  25, 1006,    0,    0,    0,    0,    0,    0,    0,    0,    0,    0,    0,    0, -999
20160818, 1200,  , TD, 16.9N, 109.2W,  30, 1005,    0,    0,    0,    0,    0,    0,    0,    0,    0,    0,    0,    0, -999
20160818, 1800,  , TD, 17.4N, 109.7W,  30, 1005,    0,    0,    0,    0,    0,    0,    0,    0,    0,    0,    0,    0, -999
20160819, 0000,  , TD, 17.7N, 110.1W,  30, 1005,    0,    0,    0,    0,    0,    0,    0,    0,    0,    0,    0,    0, -999
20160819, 0600,  , TS, 18.0N, 110.6W,  35, 1004,    0,   70,    0,    0,    0,    0,    0,    0,    0,    0,    0,    0, -999
20160819, 1200,  , TS, 18.3N, 111.1W,  35, 1004,    0,   70,    0,    0,    0,    0,    0,    0,    0,    0,    0,    0, -999
20160819, 1800,  , TS, 18.6N, 111.5W,  35, 1004,    0,   70,   50,   40,    0,    0,    0,    0,    0,    0,    0,    0, -999
20160820, 0000,  , TS, 19.1N, 111.8W,  40, 1003,    0,    0,   50,   40,    0,    0,    0,    0,    0,    0,    0,    0, -999
20160820, 0600,  , TS, 19.5N, 112.1W,  40, 1003,    0,    0,   50,   40,    0,    0,    0,    0,    0,    0,    0,    0, -999
20160820, 1200,  , TS, 19.8N, 112.4W,  45, 1002,    0,    0,   50,   40,    0,    0,    0,    0,    0,    0,    0,    0, -999
20160820, 1800,  , TS, 20.1N, 112.7W,  40, 1003,    0,    0,   40,   40,    0,    0,    0,    0,    0,    0,    0,    0, -999
20160821, 0000,  , TS, 20.4N, 113.1W,  40, 1003,    0,    0,   40,   40,    0,    0,    0,    0,    0,    0,    0,    0, -999
20160821, 0600,  , TS, 20.7N, 113.7W,  35, 1005,   50,   40,   30,   40,    0,    0,    0,    0,    0,    0,    0,    0, -999
20160821, 1200,  , TS, 21.0N, 114.4W,  40, 1002,   50,   40,   30,   40,    0,    0,    0,    0,    0,    0,    0,    0, -999
20160821, 1800,  , TS, 21.3N, 115.0W,  45, 1000,   50,   30,   30,   40,    0,    0,    0,    0,    0,    0,    0,    0, -999
20160822, 0000,  , TS, 21.6N, 115.6W,  45, 1000,   40,   30,   30,   40,    0,    0,    0,    0,    0,    0,    0,    0, -999
20160822, 0600,  , TS, 21.8N, 116.2W,  45, 1001,   40,   30,   30,   40,    0,    0,    0,    0,    0,    0,    0,    0, -999
20160822, 1200,  , TS, 21.9N, 116.8W,  45, 1001,   40,   30,   30,   40,    0,    0,    0,    0,    0,    0,    0,    0, -999
20160822, 1800,  , TS, 21.9N, 117.5W,  40, 1003,   30,   30,   30,   30,    0,    0,    0,    0,    0,    0,    0,    0, -999
20160823, 0000,  , TS, 21.9N, 118.2W,  35, 1004,   30,   30,   30,   30,    0,    0,    0,    0,    0,    0,    0,    0, -999
20160823, 0600,  , TD, 22.1N, 119.0W,  30, 1006,    0,    0,    0,    0,    0,    0,    0,    0,    0,    0,    0,    0, -999
20160823, 1200,  , LO, 22.6N, 119.8W,  30, 1008,    0,    0,    0,    0,    0,    0,    0,    0,    0,    0,    0,    0, -999
20160823, 1800,  , LO, 23.2N, 120.6W,  30, 1009,    0,    0,    0,    0,    0,    0,    0,    0,    0,    0,    0,    0, -999
20160824, 0000,  , LO, 23.5N, 121.5W,  25, 1010,    0,    0,    0,    0,    0,    0,    0,    0,    0,    0,    0,    0, -999
20160824, 0600,  , LO, 23.7N, 122.5W,  25, 1010,    0,    0,    0,    0,    0,    0,    0,    0,    0,    0,    0,    0, -999
20160824, 1200,  , LO, 23.8N, 123.5W,  25, 1011,    0,    0,    0,    0,    0,    0,    0,    0,    0,    0,    0,    0, -999
20160824, 1800,  , LO, 23.9N, 124.5W,  25, 1012,    0,    0,    0,    0,    0,    0,    0,    0,    0,    0,    0,    0, -999
20160825, 0000,  , LO, 23.9N, 125.5W,  20, 1012,    0,    0,    0,    0,    0,    0,    0,    0,    0,    0,    0,    0, -999
20160825, 0600,  , LO, 23.8N, 126.6W,  20, 1013,    0,    0,    0,    0,    0,    0,    0,    0,    0,    0,    0,    0, -999
20160825, 1200,  , LO, 23.8N, 127.7W,  20, 1013,    0,    0,    0,    0,    0,    0,    0,    0,    0,    0,    0,    0, -999
20160825, 1800,  , LO, 23.7N, 128.7W,  20, 1014,    0,    0,    0,    0,    0,    0,    0,    0,    0,    0,    0,    0, -999
20160826, 0000,  , LO, 23.6N, 129.7W,  20, 1014,    0,    0,    0,    0,    0,    0,    0,    0,    0,    0,    0,    0, -999
20160826, 0600,  , LO, 23.5N, 130.7W,  20, 1014,    0,    0,    0,    0,    0,    0,    0,    0,    0,    0,    0,    0, -999
EP132016,             LESTER,     60,
20160824, 0600,  , TD, 14.3N, 107.4W,  25, 1007,    0,    0,    0,    0,    0,    0,    0,    0,    0,    0,    0,    0, -999
20160824, 1200,  , TD, 14.7N, 108.5W,  25, 1007,    0,    0,    0,    0,    0,    0,    0,    0,    0,    0,    0,    0, -999
20160824, 1800,  , TD, 15.1N, 109.5W,  30, 1006,    0,    0,    0,    0,    0,    0,    0,    0,    0,    0,    0,    0, -999
20160825, 0000,  , TD, 15.5N, 110.4W,  30, 1006,    0,    0,    0,    0,    0,    0,    0,    0,    0,    0,    0,    0, -999
20160825, 0600,  , TS, 16.0N, 111.3W,  35, 1005,   30,    0,    0,   30,    0,    0,    0,    0,    0,    0,    0,    0, -999
20160825, 1200,  , TS, 16.4N, 112.3W,  45, 1003,   40,   30,   20,   30,    0,    0,    0,    0,    0,    0,    0,    0, -999
20160825, 1800,  , TS, 16.6N, 113.0W,  50, 1001,   40,   40,   20,   40,   20,    0,    0,    0,    0,    0,    0,    0, -999
20160826, 0000,  , TS, 16.8N, 113.6W,  50, 1001,   50,   50,   20,   40,   20,    0,    0,    0,    0,    0,    0,    0, -999
20160826, 0600,  , TS, 17.1N, 114.2W,  50, 1001,   70,   60,   20,   60,   40,    0,    0,    0,    0,    0,    0,    0, -999
20160826, 1200,  , TS, 17.4N, 114.7W,  55,  997,   70,   60,   20,   60,   40,    0,    0,    0,    0,    0,    0,    0, -999
20160826, 1800,  , TS, 17.6N, 115.3W,  60,  994,   90,   60,   40,   70,   40,   30,    0,   30,    0,    0,    0,    0, -999
20160827, 0000,  , HU, 17.8N, 116.1W,  65,  989,   90,   60,   40,   70,   40,   30,    0,   30,   20,   15,    0,    0, -999
20160827, 0600,  , HU, 17.8N, 116.9W,  75,  982,   90,   60,   40,   70,   40,   30,   20,   30,   20,   15,   15,   20, -999
20160827, 1200,  , HU, 17.8N, 117.8W,  85,  975,   90,   60,   40,   70,   40,   30,   20,   30,   20,   15,   15,   20, -999
20160827, 1800,  , HU, 17.9N, 119.0W,  95,  969,   90,   60,   40,   70,   40,   30,   20,   30,   20,   15,   15,   20, -999
20160828, 0000,  , HU, 17.9N, 120.3W,  90,  973,   90,   70,   50,   80,   40,   30,   20,   30,   20,   15,   15,   20, -999
20160828, 0600,  , HU, 17.9N, 121.6W,  85,  977,   90,   70,   50,   80,   40,   30,   20,   30,   20,   15,   15,   20, -999
20160828, 1200,  , HU, 17.8N, 122.9W,  75,  983,   90,   70,   50,   80,   40,   30,   20,   30,   20,   15,   15,   20, -999
20160828, 1800,  , HU, 17.8N, 124.2W,  75,  983,   90,   70,   50,   80,   40,   30,   20,   30,   20,   15,   15,   20, -999
20160829, 0000,  , HU, 17.8N, 125.6W,  80,  980,   90,   70,   50,   80,   40,   30,   20,   40,   20,   15,   15,   20, -999
20160829, 0600,  , HU, 17.9N, 127.1W,  95,  969,   90,   70,   50,   80,   40,   30,   20,   40,   20,   15,   15,   20, -999
20160829, 1200,  , HU, 18.0N, 128.6W, 105,  960,   90,   70,   50,   80,   40,   30,   20,   40,   20,   15,   15,   20, -999
20160829, 1800,  , HU, 18.0N, 129.9W, 115,  952,   90,   70,   60,   80,   50,   30,   20,   40,   25,   20,   15,   25, -999
20160830, 0000,  , HU, 18.1N, 131.2W, 115,  953,   90,   70,   60,   80,   50,   40,   40,   50,   30,   20,   20,   25, -999
20160830, 0600,  , HU, 18.1N, 132.5W, 110,  957,   90,   70,   60,   80,   50,   40,   40,   50,   30,   20,   20,   25, -999
20160830, 1200,  , HU, 18.1N, 133.8W, 105,  961,   90,   70,   60,   80,   50,   40,   40,   50,   30,   20,   20,   25, -999
20160830, 1800,  , HU, 17.9N, 135.0W, 105,  961,   90,   70,   60,   80,   50,   40,   40,   50,   30,   20,   20,   30, -999
20160831, 0000,  , HU, 17.8N, 136.0W, 120,  948,   90,   70,   60,   80,   50,   40,   40,   50,   30,   20,   20,   30, -999
20160831, 0600,  , HU, 17.7N, 137.0W, 125,  944,   90,   70,   60,   80,   50,   40,   40,   50,   30,   20,   20,   30, -999
20160831, 1200,  , HU, 17.7N, 138.1W, 120,  948,   90,   70,   60,   80,   50,   40,   40,   50,   30,   20,   20,   30, -999
20160831, 1800,  , HU, 17.9N, 139.3W, 115,  953,   90,   70,   60,   90,   50,   40,   40,   50,   30,   20,   20,   30, -999
20160901, 0000,  , HU, 18.1N, 140.6W, 105,  959,   90,   70,   60,   90,   50,   40,   40,   50,   30,   20,   20,   30, -999
20160901, 0600,  , HU, 18.1N, 141.8W,  95,  967,   90,   70,   60,   90,   50,   40,   40,   50,   30,   20,   20,   30, -999
20160901, 1200,  , HU, 18.2N, 143.0W,  90,  971,   90,   70,   60,   90,   50,   40,   40,   50,   30,   20,   20,   30, -999
20160901, 1800,  , HU, 18.3N, 144.2W, 100,  964,  100,   70,   60,  100,   50,   40,   40,   50,   25,   15,   15,   25, -999
20160902, 0000,  , HU, 18.6N, 145.4W, 110,  957,  130,   75,   60,  120,   50,   40,   40,   50,   30,   25,   20,   30, -999
20160902, 0600,  , HU, 18.9N, 146.6W, 100,  963,  120,   80,   60,  110,   80,   50,   30,   75,   35,   35,   20,   30, -999
20160902, 1200,  , HU, 19.4N, 147.8W,  95,  968,  120,   80,   60,  110,   80,   50,   30,   75,   40,   30,   15,   30, -999
20160902, 1800,  , HU, 19.9N, 149.2W,  90,  974,  120,   80,   60,  120,   80,   45,   30,   65,   40,   30,   15,   35, -999
20160903, 0000,  , HU, 20.4N, 150.5W,  85,  977,  120,   80,   50,  120,   65,   40,   30,   65,   35,   30,   15,   35, -999
20160903, 0600,  , HU, 20.9N, 151.7W,  80,  979,  130,   60,   40,   90,   70,   20,   30,   40,   40,   10,   20,   30, -999
20160903, 1200,  , HU, 21.5N, 153.2W,  75,  982,  130,   90,   70,  110,   90,   45,   40,   60,   50,   25,   20,   35, -999
20160903, 1800,  , HU, 22.0N, 154.6W,  70,  989,  110,   60,   35,   90,   70,   45,   30,   50,   40,   20,   15,   35, -999
20160904, 0000,  , HU, 22.5N, 156.0W,  65,  993,  110,   60,   35,   90,   60,   40,   30,   50,   10,    0,    0,   10, -999
20160904, 0600,  , TS, 23.0N, 157.3W,  55,  998,  100,   50,   30,   80,   50,   35,   20,   45,    0,    0,    0,    0, -999
20160904, 1200,  , TS, 24.0N, 158.7W,  50, 1000,  120,   65,   30,   80,   50,   35,    0,   45,    0,    0,    0,    0, -999
20160904, 1800,  , TS, 25.0N, 159.7W,  45, 1002,  120,   65,   30,   80,    0,    0,    0,    0,    0,    0,    0,    0, -999
20160905, 0000,  , TS, 26.1N, 160.7W,  45, 1002,  120,   65,   30,   80,    0,    0,    0,    0,    0,    0,    0,    0, -999
20160905, 0600,  , TS, 27.2N, 161.9W,  50, 1000,  120,   80,   55,   70,   40,   25,   25,   30,    0,    0,    0,    0, -999
20160905, 1200,  , TS, 28.3N, 163.3W,  50, 1000,  120,   80,   55,   70,   40,   25,   25,   30,    0,    0,    0,    0, -999
20160905, 1800,  , TS, 29.3N, 164.3W,  50, 1000,  120,   80,   55,   70,   40,   25,   25,   30,    0,    0,    0,    0, -999
20160906, 0000,  , TS, 30.3N, 165.0W,  50, 1000,  110,   80,   55,   70,   40,   25,   25,   30,    0,    0,    0,    0, -999
20160906, 0600,  , TS, 31.6N, 165.7W,  50,  999,  110,   80,   45,   70,   50,   15,    0,   15,    0,    0,    0,    0, -999
20160906, 1200,  , TS, 32.6N, 166.3W,  50,  999,  110,   80,   45,   70,   50,   15,    0,   15,    0,    0,    0,    0, -999
20160906, 1800,  , TS, 33.6N, 166.5W,  50,  999,  100,   90,   30,   50,   50,   40,    0,    0,    0,    0,    0,    0, -999
20160907, 0000,  , TS, 34.6N, 166.4W,  45, 1001,   80,   80,    0,    0,    0,    0,    0,    0,    0,    0,    0,    0, -999
20160907, 0600,  , TS, 35.7N, 166.3W,  45, 1001,   80,   80,    0,    0,    0,    0,    0,    0,    0,    0,    0,    0, -999
20160907, 1200,  , TS, 36.9N, 165.8W,  45, 1001,   80,   80,    0,    0,    0,    0,    0,    0,    0,    0,    0,    0, -999
20160907, 1800,  , LO, 38.1N, 165.0W,  45, 1001,   80,   80,    0,    0,    0,    0,    0,    0,    0,    0,    0,    0, -999
20160908, 0000,  , LO, 40.1N, 164.1W,  45, 1001,   80,   80,    0,    0,    0,    0,    0,    0,    0,    0,    0,    0, -999
EP142016,           MADELINE,     33,
20160826, 1800,  , TD, 13.3N, 136.4W,  30, 1007,    0,    0,    0,    0,    0,    0,    0,    0,    0,    0,    0,    0, -999
20160827, 0000,  , TS, 13.9N, 137.0W,  35, 1006,   40,    0,    0,   40,    0,    0,    0,    0,    0,    0,    0,    0, -999
20160827, 0600,  , TS, 14.5N, 137.6W,  45, 1002,   50,   30,   30,   50,    0,    0,    0,    0,    0,    0,    0,    0, -999
20160827, 1200,  , TS, 15.1N, 138.3W,  45, 1002,   50,   30,   30,   50,    0,    0,    0,    0,    0,    0,    0,    0, -999
20160827, 1800,  , TS, 15.5N, 139.0W,  50, 1000,   60,   30,   30,   60,   30,    0,    0,    0,    0,    0,    0,    0, -999
20160828, 0000,  , TS, 15.7N, 139.7W,  50, 1000,   60,   30,   30,   60,   30,    0,    0,    0,    0,    0,    0,    0, -999
20160828, 0600,  , TS, 15.9N, 140.3W,  50, 1000,   60,   30,   30,   60,   30,    0,    0,   30,    0,    0,    0,    0, -999
20160828, 1200,  , TS, 16.2N, 140.9W,  50, 1000,   60,   30,   30,   60,   30,    0,    0,   30,    0,    0,    0,    0, -999
20160828, 1800,  , TS, 16.6N, 141.7W,  55,  997,   60,   30,   30,   60,   30,    0,    0,   30,    0,    0,    0,    0, -999
20160829, 0000,  , TS, 17.2N, 142.6W,  60,  994,   70,   35,   35,   70,   30,    0,    0,   30,    0,    0,    0,    0, -999
20160829, 0600,  , HU, 17.6N, 143.3W,  75,  982,   80,   50,   50,   80,   30,   30,   30,   30,   15,   15,   15,   15, -999
20160829, 1200,  , HU, 18.0N, 144.3W,  85,  975,   80,   50,   50,   80,   35,   30,   30,   35,   20,   20,   20,   20, -999
20160829, 1800,  , HU, 18.4N, 145.1W, 100,  962,  100,   80,   80,  100,   50,   40,   40,   50,   25,   20,   20,   25, -999
20160830, 0000,  , HU, 18.7N, 145.9W, 110,  955,  110,   80,   80,  110,   60,   40,   40,   60,   25,   20,   20,   25, -999
20160830, 0600,  , HU, 18.9N, 146.7W, 115,  950,  110,   80,   80,  110,   60,   40,   40,   60,   25,   20,   20,   25, -999
20160830, 1200,  , HU, 19.2N, 147.7W, 105,  962,  110,   80,   80,  110,   60,   40,   40,   60,   25,   20,   20,   25, -999
20160830, 1800,  , HU, 19.2N, 148.8W, 100,  972,  110,   60,   60,  110,   30,   25,   25,   30,   20,   15,   15,   20, -999
20160831, 0000,  , HU, 19.2N, 149.9W,  90,  978,  110,   60,   30,  110,   30,   25,   20,   30,   20,   15,   10,   20, -999
20160831, 0600,  , HU, 19.2N, 151.1W,  80,  985,  110,   60,   30,   80,   30,   20,   15,   25,   20,   10,    0,   15, -999
20160831, 1200,  , HU, 19.0N, 152.3W,  70,  990,  110,   50,   25,   70,   30,   20,   15,   25,   20,    0,    0,   15, -999
20160831, 1800,  , TS, 18.6N, 153.6W,  60,  994,  100,   40,   20,   60,   25,    0,    0,   20,    0,    0,    0,    0, -999
20160901, 0000,  , TS, 18.1N, 154.6W,  55,  998,   90,   35,   20,   60,   25,    0,    0,   20,    0,    0,    0,    0, -999
20160901, 0600,  , TS, 17.4N, 155.5W,  45, 1003,   80,    0,    0,   50,    0,    0,    0,    0,    0,    0,    0,    0, -999
20160901, 1200,  , TS, 16.7N, 156.3W,  45, 1003,   80,    0,    0,   50,    0,    0,    0,    0,    0,    0,    0,    0, -999
20160901, 1800,  , TS, 16.5N, 157.2W,  40, 1005,   60,    0,    0,   40,    0,    0,    0,    0,    0,    0,    0,    0, -999
20160902, 0000,  , TS, 16.5N, 158.4W,  35, 1006,   50,    0,    0,   30,    0,    0,    0,    0,    0,    0,    0,    0, -999
20160902, 0600,  , TD, 16.5N, 160.0W,  30, 1008,    0,    0,    0,    0,    0,    0,    0,    0,    0,    0,    0,    0, -999
20160902, 1200,  , TD, 16.5N, 161.5W,  30, 1008,    0,    0,    0,    0,    0,    0,    0,    0,    0,    0,    0,    0, -999
20160902, 1800,  , LO, 16.5N, 163.1W,  25, 1009,    0,    0,    0,    0,    0,    0,    0,    0,    0,    0,    0,    0, -999
20160903, 0000,  , DB, 16.4N, 165.1W,  25, 1010,    0,    0,    0,    0,    0,    0,    0,    0,    0,    0,    0,    0, -999
20160903, 0600,  , DB, 16.1N, 166.9W,  25, 1010,    0,    0,    0,    0,    0,    0,    0,    0,    0,    0,    0,    0, -999
20160903, 1200,  , DB, 15.9N, 168.5W,  25, 1010,    0,    0,    0,    0,    0,    0,    0,    0,    0,    0,    0,    0, -999
20160903, 1800,  , DB, 15.7N, 169.8W,  25, 1010,    0,    0,    0,    0,    0,    0,    0,    0,    0,    0,    0,    0, -999
EP152016,             NEWTON,     19,
20160904, 0600,  , LO, 15.1N, 105.0W,  30, 1005,    0,    0,    0,    0,    0,    0,    0,    0,    0,    0,    0,    0, -999
20160904, 1200,  , TD, 15.4N, 105.1W,  30, 1005,    0,    0,    0,    0,    0,    0,    0,    0,    0,    0,    0,    0, -999
20160904, 1800,  , TS, 15.7N, 105.2W,  35, 1002,   50,   60,    0,    0,    0,    0,    0,    0,    0,    0,    0,    0, -999
20160905, 0000,  , TS, 16.5N, 105.4W,  40, 1000,   50,   60,   50,    0,    0,    0,    0,    0,    0,    0,    0,    0, -999
20160905, 0600,  , TS, 17.6N, 105.8W,  45,  998,   70,   70,   50,    0,    0,    0,    0,    0,    0,    0,    0,    0, -999
20160905, 1200,  , TS, 18.6N, 106.5W,  55,  994,  110,  100,   70,   30,   40,   40,    0,    0,    0,    0,    0,    0, -999
20160905, 1800,  , HU, 19.7N, 107.6W,  65,  988,  130,  120,   90,   60,   70,   50,   30,   30,   40,   40,    0,    0, -999
20160906, 0000,  , HU, 20.9N, 108.6W,  75,  983,  150,  150,   90,   90,   90,   60,   40,   40,   40,   40,    0,   20, -999
20160906, 0600,  , HU, 22.1N, 109.5W,  80,  977,  170,  190,   90,   90,   70,   60,   50,   40,   35,   35,   25,   20, -999
20160906, 1200,  , HU, 23.4N, 110.5W,  75,  978,  160,  190,   90,   90,   50,   60,   50,   40,   30,   30,    0,   20, -999
20160906, 1400, L, HU, 23.9N, 110.8W,  75,  979,  160,  190,   90,   90,   50,   60,   50,   40,   30,   30,    0,   20, -999
20160906, 1800,  , HU, 24.9N, 111.4W,  70,  982,  160,  200,   90,   90,   50,   60,   50,   40,   30,   30,    0,    0, -999
20160907, 0000,  , HU, 26.4N, 111.9W,  65,  987,  150,  200,   90,   90,   50,   60,    0,   40,   30,   30,    0,    0, -999
20160907, 0600,  , TS, 28.0N, 111.9W,  60,  993,  120,  190,   90,   90,   40,   60,    0,    0,    0,    0,    0,    0, -999
20160907, 0830, L, TS, 28.7N, 111.8W,  55,  998,  100,  150,   90,   90,   30,   60,    0,    0,    0,    0,    0,    0, -999
20160907, 1200,  , TS, 29.6N, 111.7W,  40, 1002,   90,  120,    0,    0,    0,    0,    0,    0,    0,    0,    0,    0, -999
20160907, 1800,  , LO, 31.1N, 111.4W,  30, 1006,    0,    0,    0,    0,    0,    0,    0,    0,    0,    0,    0,    0, -999
20160908, 0000,  , LO, 32.3N, 110.6W,  20, 1010,    0,    0,    0,    0,    0,    0,    0,    0,    0,    0,    0,    0, -999
20160908, 0600,  , LO, 33.0N, 109.6W,  15, 1014,    0,    0,    0,    0,    0,    0,    0,    0,    0,    0,    0,    0, -999
EP162016,             ORLENE,     28,
20160910, 1200,  , LO, 12.3N, 113.1W,  25, 1009,    0,    0,    0,    0,    0,    0,    0,    0,    0,    0,    0,    0, -999
20160910, 1800,  , LO, 13.0N, 113.8W,  25, 1009,    0,    0,    0,    0,    0,    0,    0,    0,    0,    0,    0,    0, -999
20160911, 0000,  , TD, 13.7N, 114.5W,  30, 1008,    0,    0,    0,    0,    0,    0,    0,    0,    0,    0,    0,    0, -999
20160911, 0600,  , TS, 14.5N, 115.4W,  35, 1007,   50,    0,    0,    0,    0,    0,    0,    0,    0,    0,    0,    0, -999
20160911, 1200,  , TS, 15.3N, 116.2W,  40, 1005,   50,   40,    0,   40,    0,    0,    0,    0,    0,    0,    0,    0, -999
20160911, 1800,  , TS, 15.9N, 117.2W,  45, 1003,   50,   40,   30,   50,    0,    0,    0,    0,    0,    0,    0,    0, -999
20160912, 0000,  , TS, 16.4N, 118.0W,  55, 1001,   50,   50,   40,   50,   20,   20,    0,   20,    0,    0,    0,    0, -999
20160912, 0600,  , HU, 16.8N, 118.7W,  65,  994,   70,   60,   50,   70,   40,   30,   20,   40,   20,    0,    0,    0, -999
20160912, 1200,  , HU, 17.2N, 119.1W,  80,  980,  100,   90,   50,   70,   50,   40,   20,   40,   20,   10,    0,    0, -999
20160912, 1800,  , HU, 17.7N, 119.2W,  95,  967,  110,  100,   60,   80,   60,   50,   30,   40,   20,   20,   10,   10, -999
20160913, 0000,  , HU, 18.4N, 119.1W,  95,  970,  110,  100,   60,   80,   60,   50,   30,   40,   20,   20,   10,   10, -999
20160913, 0600,  , HU, 18.9N, 118.9W,  90,  971,   80,   80,   70,   80,   40,   40,   30,   40,   20,   20,   10,   20, -999
20160913, 1200,  , HU, 19.2N, 118.8W,  85,  974,   80,   80,   70,   80,   40,   40,   30,   40,   20,   20,   10,   20, -999
20160913, 1800,  , HU, 19.6N, 118.7W,  80,  977,   80,   80,   70,   80,   40,   40,   40,   40,   20,   20,   10,   20, -999
20160914, 0000,  , HU, 19.8N, 118.6W,  75,  980,   80,   80,   80,   80,   40,   40,   40,   40,   20,   20,   20,   20, -999
20160914, 0600,  , HU, 20.1N, 118.6W,  70,  984,   80,   80,   80,   80,   40,   40,   40,   40,   20,   20,   20,   20, -999
20160914, 1200,  , HU, 20.1N, 119.0W,  70,  984,   80,   80,   80,   80,   40,   40,   40,   40,   20,   20,   20,   20, -999
20160914, 1800,  , HU, 20.2N, 119.4W,  65,  987,   80,   80,   80,   80,   40,   40,   40,   40,   20,   20,   20,   20, -999
20160915, 0000,  , TS, 20.3N, 120.0W,  60,  991,   80,   80,   60,   80,   40,   40,   30,   40,    0,    0,    0,    0, -999
20160915, 0600,  , TS, 20.2N, 120.7W,  60,  991,   70,   50,   50,   70,   30,   20,   20,   30,    0,    0,    0,    0, -999
20160915, 1200,  , HU, 20.0N, 121.5W,  70,  985,   70,   50,   50,   70,   30,   20,   20,   30,   15,    0,    0,   15, -999
20160915, 1800,  , HU, 19.9N, 122.3W,  65,  990,   60,   50,   50,   60,   30,   20,   20,   30,   15,    0,    0,   15, -999
20160916, 0000,  , TS, 19.9N, 123.3W,  55,  998,   60,   50,   40,   60,   30,    0,   20,   30,    0,    0,    0,    0, -999
20160916, 0600,  , TS, 19.9N, 124.4W,  45, 1002,   60,   50,   40,   60,    0,    0,    0,    0,    0,    0,    0,    0, -999
20160916, 1200,  , TS, 19.9N, 125.4W,  40, 1003,   50,   50,   30,   50,    0,    0,    0,    0,    0,    0,    0,    0, -999
20160916, 1800,  , TS, 20.0N, 126.2W,  35, 1005,   40,    0,    0,   40,    0,    0,    0,    0,    0,    0,    0,    0, -999
20160917, 0000,  , LO, 20.1N, 127.1W,  30, 1006,    0,    0,    0,    0,    0,    0,    0,    0,    0,    0,    0,    0, -999
20160917, 0600,  , LO, 20.2N, 128.0W,  30, 1006,    0,    0,    0,    0,    0,    0,    0,    0,    0,    0,    0,    0, -999
EP172016,              PAINE,     15,
20160918, 0000,  , TD, 16.1N, 109.1W,  30, 1006,    0,    0,    0,    0,    0,    0,    0,    0,    0,    0,    0,    0, -999
20160918, 0600,  , TS, 16.8N, 110.1W,  35, 1004,   60,   50,    0,   40,    0,    0,    0,    0,    0,    0,    0,    0, -999
20160918, 1200,  , TS, 17.4N, 111.2W,  40, 1002,   60,   50,    0,   40,    0,    0,    0,    0,    0,    0,    0,    0, -999
20160918, 1800,  , TS, 18.1N, 112.4W,  50,  998,   60,   50,   30,   50,   30,    0,    0,    0,    0,    0,    0,    0, -999
20160919, 0000,  , TS, 19.0N, 113.5W,  60,  992,   70,   60,   40,   60,   30,   20,    0,   20,    0,    0,    0,    0, -999
20160919, 0600,  , HU, 20.0N, 114.4W,  70,  987,   80,   80,   40,   60,   40,   30,   20,   30,   20,   15,    0,   15, -999
20160919, 1200,  , HU, 21.0N, 115.3W,  75,  981,   80,   80,   40,   70,   50,   40,   20,   30,   30,   20,    0,   20, -999
20160919, 1800,  , HU, 22.0N, 116.1W,  80,  979,   80,   80,   50,   80,   50,   40,   30,   40,   30,   20,    0,   20, -999
20160920, 0000,  , HU, 23.1N, 116.6W,  70,  983,   90,   80,   60,   80,   50,   40,   30,   40,   30,   20,    0,   20, -999
20160920, 0600,  , TS, 24.2N, 117.0W,  55,  995,   90,   80,   60,   80,   50,   40,   30,   40,    0,    0,    0,    0, -999
20160920, 1200,  , TS, 25.4N, 117.1W,  45, 1001,   90,   80,   50,   70,    0,    0,    0,    0,    0,    0,    0,    0, -999
20160920, 1800,  , LO, 26.6N, 117.0W,  35, 1003,   70,   60,    0,   30,    0,    0,    0,    0,    0,    0,    0,    0, -999
20160921, 0000,  , LO, 27.5N, 116.6W,  30, 1005,    0,    0,    0,    0,    0,    0,    0,    0,    0,    0,    0,    0, -999
20160921, 0600,  , LO, 28.3N, 116.2W,  25, 1006,    0,    0,    0,    0,    0,    0,    0,    0,    0,    0,    0,    0, -999
20160921, 1200,  , LO, 29.1N, 115.8W,  20, 1008,    0,    0,    0,    0,    0,    0,    0,    0,    0,    0,    0,    0, -999
EP182016,             ROSLYN,     22,
20160925, 1200,  , TD, 15.3N, 119.7W,  30, 1006,    0,    0,    0,    0,    0,    0,    0,    0,    0,    0,    0,    0, -999
20160925, 1800,  , TD, 15.8N, 119.7W,  30, 1005,    0,    0,    0,    0,    0,    0,    0,    0,    0,    0,    0,    0, -999
20160926, 0000,  , TS, 16.2N, 119.7W,  35, 1005,   60,   60,    0,    0,    0,    0,    0,    0,    0,    0,    0,    0, -999
20160926, 0600,  , TS, 16.5N, 119.6W,  40, 1003,   60,   60,    0,    0,    0,    0,    0,    0,    0,    0,    0,    0, -999
20160926, 1200,  , TS, 16.7N, 119.4W,  45,  999,   80,   80,    0,    0,    0,    0,    0,    0,    0,    0,    0,    0, -999
20160926, 1800,  , TS, 16.8N, 119.0W,  45,  999,  130,   90,   40,   80,    0,    0,    0,    0,    0,    0,    0,    0, -999
20160927, 0000,  , TS, 17.0N, 118.6W,  45,  999,  130,   90,   40,   80,    0,    0,    0,    0,    0,    0,    0,    0, -999
20160927, 0600,  , TS, 17.5N, 118.1W,  40, 1003,  120,   90,   40,   80,    0,    0,    0,    0,    0,    0,    0,    0, -999
20160927, 1200,  , TS, 18.0N, 117.5W,  40, 1003,  120,   90,   40,   80,    0,    0,    0,    0,    0,    0,    0,    0, -999
20160927, 1800,  , TS, 18.5N, 116.8W,  40, 1003,  120,   90,   40,   80,    0,    0,    0,    0,    0,    0,    0,    0, -999
20160928, 0000,  , TS, 19.2N, 116.1W,  35, 1004,  120,   90,    0,   80,    0,    0,    0,    0,    0,    0,    0,    0, -999
20160928, 0600,  , TS, 20.0N, 115.5W,  35, 1005,    0,   60,    0,   60,    0,    0,    0,    0,    0,    0,    0,    0, -999
20160928, 1200,  , TS, 20.7N, 115.2W,  35, 1006,    0,    0,    0,   60,    0,    0,    0,    0,    0,    0,    0,    0, -999
20160928, 1800,  , TS, 21.3N, 115.1W,  35, 1007,    0,    0,    0,   60,    0,    0,    0,    0,    0,    0,    0,    0, -999
20160929, 0000,  , TD, 21.8N, 115.1W,  30, 1007,    0,    0,    0,    0,    0,    0,    0,    0,    0,    0,    0,    0, -999
20160929, 0600,  , TD, 22.5N, 115.2W,  25, 1008,    0,    0,    0,    0,    0,    0,    0,    0,    0,    0,    0,    0, -999
20160929, 1200,  , LO, 23.2N, 115.4W,  25, 1010,    0,    0,    0,    0,    0,    0,    0,    0,    0,    0,    0,    0, -999
20160929, 1800,  , LO, 23.8N, 115.7W,  20, 1012,    0,    0,    0,    0,    0,    0,    0,    0,    0,    0,    0,    0, -999
20160930, 0000,  , LO, 24.2N, 116.0W,  15, 1012,    0,    0,    0,    0,    0,    0,    0,    0,    0,    0,    0,    0, -999
20160930, 0600,  , LO, 24.4N, 116.5W,  15, 1014,    0,    0,    0,    0,    0,    0,    0,    0,    0,    0,    0,    0, -999
20160930, 1200,  , LO, 24.3N, 116.9W,  15, 1014,    0,    0,    0,    0,    0,    0,    0,    0,    0,    0,    0,    0, -999
20160930, 1800,  , LO, 24.0N, 117.2W,  15, 1014,    0,    0,    0,    0,    0,    0,    0,    0,    0,    0,    0,    0, -999
EP192016,              ULIKA,     31,
20160925, 1200,  , LO, 11.8N, 137.4W,  25, 1009,    0,    0,    0,    0,    0,    0,    0,    0,    0,    0,    0,    0, -999
20160925, 1800,  , LO, 11.5N, 138.1W,  25, 1008,    0,    0,    0,    0,    0,    0,    0,    0,    0,    0,    0,    0, -999
20160926, 0000,  , LO, 11.3N, 138.6W,  25, 1008,    0,    0,    0,    0,    0,    0,    0,    0,    0,    0,    0,    0, -999
20160926, 0600,  , TD, 11.2N, 139.1W,  30, 1007,    0,    0,    0,    0,    0,    0,    0,    0,    0,    0,    0,    0, -999
20160926, 1200,  , TD, 11.3N, 139.7W,  30, 1006,    0,    0,    0,    0,    0,    0,    0,    0,    0,    0,    0,    0, -999
20160926, 1800,  , TD, 11.5N, 140.2W,  30, 1005,    0,    0,    0,    0,    0,    0,    0,    0,    0,    0,    0,    0, -999
20160927, 0000,  , TD, 11.6N, 140.4W,  30, 1005,    0,    0,    0,    0,    0,    0,    0,    0,    0,    0,    0,    0, -999
20160927, 0600,  , TS, 11.9N, 140.4W,  35, 1004,   40,   40,   30,   30,    0,    0,    0,    0,    0,    0,    0,    0, -999
20160927, 1200,  , TS, 12.2N, 140.2W,  45,  999,   50,   60,   30,   30,    0,    0,    0,    0,    0,    0,    0,    0, -999
20160927, 1800,  , TS, 12.6N, 139.8W,  50,  997,   50,   60,   30,   30,    0,   20,    0,    0,    0,    0,    0,    0, -999
20160928, 0000,  , TS, 13.1N, 139.4W,  55,  995,   40,   50,   30,   30,   20,   20,    0,    0,    0,    0,    0,    0, -999
20160928, 0600,  , HU, 13.6N, 139.1W,  65,  992,   30,   40,   30,   30,   20,   20,   20,   20,   10,   10,   10,    0, -999
20160928, 1200,  , HU, 14.1N, 138.8W,  65,  992,   30,   40,   30,   30,   20,   20,   20,   20,   10,   10,   10,    0, -999
20160928, 1800,  , TS, 14.8N, 138.7W,  60,  994,   30,   40,   30,   30,   20,   20,    0,    0,    0,    0,    0,    0, -999
20160929, 0000,  , TS, 15.5N, 138.8W,  55,  997,   30,   40,   30,   30,   10,   10,    0,    0,    0,    0,    0,    0, -999
20160929, 0600,  , TS, 16.0N, 139.1W,  50, 1000,   30,   30,   20,   30,   10,   10,    0,    0,    0,    0,    0,    0, -999
20160929, 1200,  , TS, 16.5N, 139.5W,  45, 1003,   30,   20,   20,   30,    0,    0,    0,    0,    0,    0,    0,    0, -999
20160929, 1800,  , TS, 16.9N, 139.9W,  40, 1006,   30,    0,    0,   30,    0,    0,    0,    0,    0,    0,    0,    0, -999
20160930, 0000,  , TS, 17.5N, 140.6W,  35, 1008,   30,    0,    0,   30,    0,    0,    0,    0,    0,    0,    0,    0, -999
20160930, 0600,  , TD, 17.9N, 141.3W,  30, 1009,    0,    0,    0,    0,    0,    0,    0,    0,    0,    0,    0,    0, -999
20160930, 1200,  , LO, 18.2N, 142.1W,  30, 1010,    0,    0,    0,    0,    0,    0,    0,    0,    0,    0,    0,    0, -999
20160930, 1800,  , LO, 18.5N, 142.9W,  30, 1011,    0,    0,    0,    0,    0,    0,    0,    0,    0,    0,    0,    0, -999
20161001, 0000,  , LO, 18.6N, 144.0W,  30, 1012,    0,    0,    0,    0,    0,    0,    0,    0,    0,    0,    0,    0, -999
20161001, 0600,  , LO, 18.7N, 145.3W,  25, 1013,    0,    0,    0,    0,    0,    0,    0,    0,    0,    0,    0,    0, -999
20161001, 1200,  , LO, 18.7N, 146.9W,  25, 1013,    0,    0,    0,    0,    0,    0,    0,    0,    0,    0,    0,    0, -999
20161001, 1800,  , LO, 18.5N, 148.8W,  25, 1013,    0,    0,    0,    0,    0,    0,    0,    0,    0,    0,    0,    0, -999
20161002, 0000,  , LO, 17.7N, 150.5W,  25, 1013,    0,    0,    0,    0,    0,    0,    0,    0,    0,    0,    0,    0, -999
20161002, 0600,  , LO, 17.1N, 152.1W,  25, 1013,    0,    0,    0,    0,    0,    0,    0,    0,    0,    0,    0,    0, -999
20161002, 1200,  , LO, 16.6N, 153.6W,  25, 1013,    0,    0,    0,    0,    0,    0,    0,    0,    0,    0,    0,    0, -999
20161002, 1800,  , LO, 16.0N, 155.0W,  25, 1014,    0,    0,    0,    0,    0,    0,    0,    0,    0,    0,    0,    0, -999
20161003, 0000,  , LO, 15.4N, 156.5W,  25, 1014,    0,    0,    0,    0,    0,    0,    0,    0,    0,    0,    0,    0, -999
EP202016,            SEYMOUR,     33,
20161022, 0600,  , LO, 11.4N,  98.4W,  25, 1007,    0,    0,    0,    0,    0,    0,    0,    0,    0,    0,    0,    0, -999
20161022, 1200,  , LO, 11.7N,  99.5W,  25, 1007,    0,    0,    0,    0,    0,    0,    0,    0,    0,    0,    0,    0, -999
20161022, 1800,  , LO, 12.0N, 100.6W,  25, 1007,    0,    0,    0,    0,    0,    0,    0,    0,    0,    0,    0,    0, -999
20161023, 0000,  , LO, 12.3N, 101.7W,  25, 1007,    0,    0,    0,    0,    0,    0,    0,    0,    0,    0,    0,    0, -999
20161023, 0600,  , TD, 12.7N, 102.9W,  30, 1007,    0,    0,    0,    0,    0,    0,    0,    0,    0,    0,    0,    0, -999
20161023, 1200,  , TS, 13.2N, 104.1W,  35, 1005,   40,    0,    0,    0,    0,    0,    0,    0,    0,    0,    0,    0, -999
20161023, 1800,  , TS, 13.7N, 105.3W,  40, 1003,   40,   30,    0,    0,    0,    0,    0,    0,    0,    0,    0,    0, -999
20161024, 0000,  , TS, 14.2N, 106.5W,  50, 1000,   40,   30,    0,   40,   20,    0,    0,   20,    0,    0,    0,    0, -999
20161024, 0600,  , TS, 14.6N, 107.8W,  60,  995,   50,   40,   20,   40,   20,   20,    0,   20,    0,    0,    0,    0, -999
20161024, 1200,  , HU, 14.9N, 109.1W,  70,  989,   50,   40,   20,   40,   20,   20,   10,   20,   10,   10,    0,   10, -999
20161024, 1800,  , HU, 15.2N, 110.5W,  80,  984,   60,   50,   30,   50,   20,   20,   10,   20,   10,   10,    0,   10, -999
20161025, 0000,  , HU, 15.3N, 111.9W,  85,  980,   60,   50,   30,   50,   20,   20,   10,   20,   10,   10,    0,   10, -999
20161025, 0600,  , HU, 15.4N, 113.2W,  95,  974,   60,   50,   30,   50,   20,   20,   10,   20,   10,   10,    0,   10, -999
20161025, 1200,  , HU, 15.5N, 114.5W, 105,  964,   70,   60,   40,   60,   30,   30,   20,   30,   15,   10,   10,   15, -999
20161025, 1800,  , HU, 15.6N, 115.8W, 115,  956,   70,   60,   40,   60,   30,   30,   20,   30,   15,   10,   10,   15, -999
20161026, 0000,  , HU, 15.9N, 117.1W, 130,  942,   70,   60,   50,   70,   30,   30,   20,   30,   15,   15,   10,   15, -999
20161026, 0600,  , HU, 16.2N, 118.4W, 130,  940,   80,   70,   50,   70,   40,   30,   20,   30,   20,   15,   10,   15, -999
20161026, 1200,  , HU, 16.6N, 119.7W, 125,  945,   80,   70,   50,   70,   40,   30,   20,   30,   20,   15,   10,   15, -999
20161026, 1800,  , HU, 17.1N, 120.7W, 110,  957,   80,   70,   50,   70,   40,   30,   20,   30,   20,   15,   10,   10, -999
20161027, 0000,  , HU, 18.0N, 121.4W,  95,  969,   70,   60,   40,   60,   40,   30,   20,   30,   20,   15,   10,   10, -999
20161027, 0600,  , HU, 19.0N, 122.0W,  80,  979,   70,   60,   40,   60,   40,   30,   20,   30,   20,   15,    0,   10, -999
20161027, 1200,  , HU, 19.8N, 122.6W,  65,  989,   70,   60,   40,   60,   40,   30,   20,   30,   15,   10,    0,   10, -999
20161027, 1800,  , TS, 20.9N, 123.0W,  55,  995,   60,   50,   40,   50,   40,   30,   20,   30,    0,    0,    0,    0, -999
20161028, 0000,  , TS, 21.6N, 123.1W,  40, 1001,   50,   40,   30,   40,    0,    0,    0,    0,    0,    0,    0,    0, -999
20161028, 0600,  , LO, 22.1N, 122.9W,  35, 1004,   50,   40,   30,   40,    0,    0,    0,    0,    0,    0,    0,    0, -999
20161028, 1200,  , LO, 22.5N, 122.5W,  30, 1006,    0,    0,    0,    0,    0,    0,    0,    0,    0,    0,    0,    0, -999
20161028, 1800,  , LO, 22.8N, 122.1W,  25, 1007,    0,    0,    0,    0,    0,    0,    0,    0,    0,    0,    0,    0, -999
20161029, 0000,  , LO, 23.0N, 121.7W,  20, 1008,    0,    0,    0,    0,    0,    0,    0,    0,    0,    0,    0,    0, -999
20161029, 0600,  , LO, 23.4N, 121.5W,  20, 1009,    0,    0,    0,    0,    0,    0,    0,    0,    0,    0,    0,    0, -999
20161029, 1200,  , LO, 23.8N, 121.5W,  15, 1010,    0,    0,    0,    0,    0,    0,    0,    0,    0,    0,    0,    0, -999
20161029, 1800,  , LO, 24.2N, 121.4W,  15, 1011,    0,    0,    0,    0,    0,    0,    0,    0,    0,    0,    0,    0, -999
20161030, 0000,  , LO, 24.6N, 121.3W,  15, 1012,    0,    0,    0,    0,    0,    0,    0,    0,    0,    0,    0,    0, -999
20161030, 0600,  , LO, 25.0N, 121.2W,  15, 1012,    0,    0,    0,    0,    0,    0,    0,    0,    0,    0,    0,    0, -999
EP212016,               TINA,     22,
20161113, 0600,  , TS, 17.5N, 107.3W,  35, 1005,   90,   90,    0,    0,    0,    0,    0,    0,    0,    0,    0,    0, -999
20161113, 1200,  , TS, 17.7N, 107.2W,  35, 1004,   90,   90,    0,    0,    0,    0,    0,    0,    0,    0,    0,    0, -999
20161113, 1800,  , TS, 17.9N, 107.2W,  35, 1005,   90,   90,    0,    0,    0,    0,    0,    0,    0,    0,    0,    0, -999
20161114, 0000,  , TS, 18.3N, 107.2W,  35, 1005,   90,   90,    0,    0,    0,    0,    0,    0,    0,    0,    0,    0, -999
20161114, 0600,  , TD, 18.6N, 107.7W,  30, 1006,    0,    0,    0,    0,    0,    0,    0,    0,    0,    0,    0,    0, -999
20161114, 1200,  , LO, 18.8N, 108.3W,  30, 1007,    0,    0,    0,    0,    0,    0,    0,    0,    0,    0,    0,    0, -999
20161114, 1800,  , LO, 18.9N, 108.8W,  30, 1008,    0,    0,    0,    0,    0,    0,    0,    0,    0,    0,    0,    0, -999
20161115, 0000,  , LO, 19.0N, 109.4W,  25, 1009,    0,    0,    0,    0,    0,    0,    0,    0,    0,    0,    0,    0, -999
20161115, 0600,  , LO, 19.0N, 110.0W,  25, 1009,    0,    0,    0,    0,    0,    0,    0,    0,    0,    0,    0,    0, -999
20161115, 1200,  , LO, 19.0N, 110.5W,  25, 1009,    0,    0,    0,    0,    0,    0,    0,    0,    0,    0,    0,    0, -999
20161115, 1800,  , LO, 19.0N, 111.0W,  25, 1009,    0,    0,    0,    0,    0,    0,    0,    0,    0,    0,    0,    0, -999
20161116, 0000,  , LO, 19.0N, 111.5W,  20, 1010,    0,    0,    0,    0,    0,    0,    0,    0,    0,    0,    0,    0, -999
20161116, 0600,  , LO, 18.9N, 112.0W,  20, 1011,    0,    0,    0,    0,    0,    0,    0,    0,    0,    0,    0,    0, -999
20161116, 1200,  , LO, 18.9N, 112.5W,  20, 1011,    0,    0,    0,    0,    0,    0,    0,    0,    0,    0,    0,    0, -999
20161116, 1800,  , LO, 18.9N, 112.8W,  20, 1012,    0,    0,    0,    0,    0,    0,    0,    0,    0,    0,    0,    0, -999
20161117, 0000,  , LO, 18.8N, 112.9W,  20, 1013,    0,    0,    0,    0,    0,    0,    0,    0,    0,    0,    0,    0, -999
20161117, 0600,  , LO, 18.8N, 113.0W,  20, 1013,    0,    0,    0,    0,    0,    0,    0,    0,    0,    0,    0,    0, -999
20161117, 1200,  , LO, 18.9N, 113.1W,  20, 1013,    0,    0,    0,    0,    0,    0,    0,    0,    0,    0,    0,    0, -999
20161117, 1800,  , LO, 18.9N, 113.4W,  15, 1014,    0,    0,    0,    0,    0,    0,    0,    0,    0,    0,    0,    0, -999
20161118, 0000,  , LO, 18.9N, 113.7W,  15, 1014,    0,    0,    0,    0,    0,    0,    0,    0,    0,    0,    0,    0, -999
20161118, 0600,  , LO, 18.9N, 114.2W,  15, 1014,    0,    0,    0,    0,    0,    0,    0,    0,    0,    0,    0,    0, -999
20161118, 1200,  , LO, 19.1N, 114.7W,  15, 1014,    0,    0,    0,    0,    0,    0,    0,    0,    0,    0,    0,    0, -999
EP222016,               OTTO,     38,
20161117, 1800,  , LO, 12.5N,  80.7W,  20, 1006,    0,    0,    0,    0,    0,    0,    0,    0,    0,    0,    0,    0, -999
20161118, 0000,  , LO, 12.3N,  81.3W,  20, 1005,    0,    0,    0,    0,    0,    0,    0,    0,    0,    0,    0,    0, -999
20161118, 0600,  , LO, 11.8N,  81.7W,  20, 1005,    0,    0,    0,    0,    0,    0,    0,    0,    0,    0,    0,    0, -999
20161118, 1200,  , LO, 11.4N,  82.0W,  20, 1005,    0,    0,    0,    0,    0,    0,    0,    0,    0,    0,    0,    0, -999
20161118, 1800,  , LO, 11.2N,  82.0W,  20, 1005,    0,    0,    0,    0,    0,    0,    0,    0,    0,    0,    0,    0, -999
20161119, 0000,  , LO, 11.1N,  82.0W,  25, 1005,    0,    0,    0,    0,    0,    0,    0,    0,    0,    0,    0,    0, -999
20161119, 0600,  , LO, 11.0N,  81.8W,  25, 1005,    0,    0,    0,    0,    0,    0,    0,    0,    0,    0,    0,    0, -999
20161119, 1200,  , LO, 10.9N,  81.5W,  25, 1005,    0,    0,    0,    0,    0,    0,    0,    0,    0,    0,    0,    0, -999
20161119, 1800,  , LO, 10.8N,  81.2W,  25, 1005,    0,    0,    0,    0,    0,    0,    0,    0,    0,    0,    0,    0, -999
20161120, 0000,  , LO, 10.7N,  80.8W,  25, 1005,    0,    0,    0,    0,    0,    0,    0,    0,    0,    0,    0,    0, -999
20161120, 0600,  , LO, 10.7N,  80.4W,  25, 1005,    0,    0,    0,    0,    0,    0,    0,    0,    0,    0,    0,    0, -999
20161120, 1200,  , LO, 10.9N,  80.0W,  25, 1004,    0,    0,    0,    0,    0,    0,    0,    0,    0,    0,    0,    0, -999
20161120, 1800,  , TD, 11.1N,  79.7W,  30, 1002,    0,    0,    0,    0,    0,    0,    0,    0,    0,    0,    0,    0, -999
20161121, 0000,  , TD, 11.3N,  79.4W,  30, 1002,    0,    0,    0,    0,    0,    0,    0,    0,    0,    0,    0,    0, -999
20161121, 0600,  , TS, 11.3N,  79.3W,  35, 1002,   30,   30,    0,   20,    0,    0,    0,    0,    0,    0,    0,    0, -999
20161121, 1200,  , TS, 11.3N,  79.2W,  40, 1001,   30,   30,   20,   30,    0,    0,    0,    0,    0,    0,    0,    0, -999
20161121, 1800,  , TS, 11.1N,  79.1W,  45, 1000,   30,   30,   20,   30,    0,    0,    0,    0,    0,    0,    0,    0, -999
20161122, 0000,  , TS, 10.8N,  79.1W,  50,  998,   30,   30,   20,   30,   10,   10,    0,    0,    0,    0,    0,    0, -999
20161122, 0600,  , TS, 10.6N,  79.1W,  55,  992,   50,   50,   40,   50,   20,   20,   20,   20,    0,    0,    0,    0, -999
20161122, 1200,  , TS, 10.4N,  79.2W,  60,  986,   50,   50,   50,   50,   20,   20,   20,   20,    0,    0,    0,    0, -999
20161122, 1800,  , TS, 10.5N,  79.4W,  60,  986,   50,   50,   50,   50,   20,   20,   20,   20,    0,    0,    0,    0, -999
20161123, 0000,  , TS, 10.6N,  79.6W,  60,  987,   50,   50,   50,   50,   20,   20,   20,   20,    0,    0,    0,    0, -999
20161123, 0600,  , TS, 10.8N,  80.0W,  60,  991,   50,   50,   50,   50,   20,   20,   20,   20,    0,    0,    0,    0, -999
20161123, 1200,  , TS, 11.0N,  80.4W,  60,  994,   50,   50,   50,   50,   20,   20,   20,   20,    0,    0,    0,    0, -999
20161123, 1800,  , HU, 11.2N,  81.1W,  65,  990,   50,   50,   50,   50,   20,   20,   20,   20,   10,   10,    0,   10, -999
20161124, 0000,  , HU, 11.2N,  81.8W,  80,  980,   50,   50,   50,   50,   20,   20,   20,   20,   10,   10,   10,   10, -999
20161124, 0600,  , HU, 11.1N,  82.4W,  90,  978,   50,   50,   50,   50,   30,   30,   30,   30,   15,   15,   15,   15, -999
20161124, 1200,  , HU, 11.0N,  83.0W, 100,  975,   50,   50,   50,   50,   30,   30,   30,   30,   15,   15,   15,   15, -999
20161124, 1730, L, HU, 11.0N,  83.8W, 100,  975,   50,   50,   50,   50,   30,   30,   30,   30,   15,   15,   15,   15, -999
20161124, 1800,  , HU, 11.0N,  83.9W,  95,  978,   50,   50,   40,   50,   30,   30,   20,   30,   15,   15,   10,   15, -999
20161125, 0000,  , HU, 10.9N,  84.9W,  65,  992,   50,   40,   40,   50,   20,   10,   10,   20,   10,    0,    0,   10, -999
20161125, 0330, T, TS, 10.7N,  85.6W,  60,  993,   50,   40,   40,   50,   20,   10,   10,   20,    0,    0,    0,    0, -999
20161125, 0600,  , TS, 10.6N,  86.2W,  60,  994,   40,   40,   30,   40,   10,   10,    0,   10,    0,    0,    0,    0, -999
20161125, 1200,  , TS, 10.3N,  87.5W,  55,  995,   40,   40,   30,   40,   10,   10,    0,   10,    0,    0,    0,    0, -999
20161125, 1800,  , TS, 10.0N,  88.8W,  50,  997,   40,   40,   30,   40,   10,   10,    0,   10,    0,    0,    0,    0, -999
20161126, 0000,  , TS,  9.7N,  90.2W,  45, 1000,   40,   40,   30,   40,    0,    0,    0,    0,    0,    0,    0,    0, -999
20161126, 0600,  , TS,  9.4N,  91.7W,  40, 1003,   40,   40,   30,   40,    0,    0,    0,    0,    0,    0,    0,    0, -999
20161126, 1200,  , TD,  9.1N,  93.3W,  30, 1005,    0,    0,    0,    0,    0,    0,    0,    0,    0,    0,    0,    0, -999
