EP012006,             ALETTA,     16,
20060527, 0600,  , TD, 14.6N, 101.5W,  25, 1005,    0,    0,    0,    0,    0,    0,    0,    0,    0,    0,    0,    0, -999
20060527, 1200,  , TD, 15.0N, 100.9W,  30, 1004,    0,    0,    0,    0,    0,    0,    0,    0,    0,    0,    0,    0, -999
20060527, 1800,  , TS, 15.5N, 100.7W,  35, 1003,   50,   50,    0,    0,    0,    0,    0,    0,    0,    0,    0,    0, -999
20060528, 0000,  , TS, 15.7N, 101.1W,  35, 1003,   50,   50,    0,    0,    0,    0,    0,    0,    0,    0,    0,    0, -999
20060528, 0600,  , TS, 15.6N, 101.4W,  40, 1002,   50,   50,    0,    0,    0,    0,    0,    0,    0,    0,    0,    0, -999
20060528, 1200,  , TS, 15.3N, 101.2W,  40, 1002,   50,   50,    0,    0,    0,    0,    0,    0,    0,    0,    0,    0, -999
20060528, 1800,  , TS, 15.7N, 101.0W,  40, 1002,   50,   50,    0,    0,    0,    0,    0,    0,    0,    0,    0,    0, -999
20060529, 0000,  , TS, 15.9N, 101.1W,  40, 1002,   45,   45,    0,    0,    0,    0,    0,    0,    0,    0,    0,    0, -999
20060529, 0600,  , TS, 16.0N, 101.3W,  35, 1002,   40,   40,    0,    0,    0,    0,    0,    0,    0,    0,    0,    0, -999
20060529, 1200,  , TS, 16.0N, 101.5W,  35, 1003,   40,   40,    0,    0,    0,    0,    0,    0,    0,    0,    0,    0, -999
20060529, 1800,  , TD, 16.0N, 101.7W,  30, 1004,    0,    0,    0,    0,    0,    0,    0,    0,    0,    0,    0,    0, -999
20060530, 0000,  , TD, 16.0N, 102.1W,  30, 1004,    0,    0,    0,    0,    0,    0,    0,    0,    0,    0,    0,    0, -999
20060530, 0600,  , TD, 16.0N, 102.5W,  30, 1005,    0,    0,    0,    0,    0,    0,    0,    0,    0,    0,    0,    0, -999
20060530, 1200,  , TD, 16.2N, 103.2W,  25, 1006,    0,    0,    0,    0,    0,    0,    0,    0,    0,    0,    0,    0, -999
20060530, 1800,  , TD, 16.3N, 103.5W,  25, 1007,    0,    0,    0,    0,    0,    0,    0,    0,    0,    0,    0,    0, -999
20060531, 0000,  , LO, 16.4N, 103.7W,  25, 1007,    0,    0,    0,    0,    0,    0,    0,    0,    0,    0,    0,    0, -999
EP022006,                TWO,      7,
20060603, 1200,  , TD, 15.7N, 103.0W,  25, 1005,    0,    0,    0,    0,    0,    0,    0,    0,    0,    0,    0,    0, -999
20060603, 1800,  , TD, 16.4N, 102.5W,  30, 1005,    0,    0,    0,    0,    0,    0,    0,    0,    0,    0,    0,    0, -999
20060604, 0000,  , TD, 16.7N, 102.3W,  30, 1005,    0,    0,    0,    0,    0,    0,    0,    0,    0,    0,    0,    0, -999
20060604, 0600,  , TD, 16.8N, 101.8W,  30, 1005,    0,    0,    0,    0,    0,    0,    0,    0,    0,    0,    0,    0, -999
20060604, 1200,  , TD, 16.8N, 101.1W,  25, 1007,    0,    0,    0,    0,    0,    0,    0,    0,    0,    0,    0,    0, -999
20060604, 1800,  , TD, 16.6N, 100.1W,  25, 1008,    0,    0,    0,    0,    0,    0,    0,    0,    0,    0,    0,    0, -999
20060605, 0000,  , TD, 16.4N,  99.3W,  25, 1008,    0,    0,    0,    0,    0,    0,    0,    0,    0,    0,    0,    0, -999
EP032006,                BUD,     27,
20060711, 0000,  , TD, 13.2N, 110.3W,  30, 1007,    0,    0,    0,    0,    0,    0,    0,    0,    0,    0,    0,    0, -999
20060711, 0600,  , TS, 13.5N, 111.0W,  40, 1003,   30,   30,   30,    0,    0,    0,    0,    0,    0,    0,    0,    0, -999
20060711, 1200,  , TS, 13.8N, 111.7W,  50,  998,   40,   40,   40,    0,   20,    0,    0,    0,    0,    0,    0,    0, -999
20060711, 1800,  , TS, 14.1N, 112.6W,  60,  991,   50,   50,   50,   50,   25,   20,   20,   25,    0,    0,    0,    0, -999
20060712, 0000,  , HU, 14.4N, 113.5W,  75,  983,   75,   60,   60,   75,   35,   30,   30,   35,   15,   15,   15,   15, -999
20060712, 0600,  , HU, 14.8N, 114.6W,  80,  976,   75,   60,   60,   75,   40,   30,   30,   40,   20,   20,   20,   20, -999
20060712, 1200,  , HU, 15.4N, 115.7W,  85,  973,   75,   60,   60,   75,   40,   30,   30,   40,   20,   20,   20,   20, -999
20060712, 1800,  , HU, 16.0N, 116.9W,  90,  970,   75,   60,   60,   75,   40,   30,   30,   40,   20,   20,   20,   20, -999
20060713, 0000,  , HU, 16.6N, 118.2W, 100,  962,   75,   60,   60,   75,   50,   30,   30,   50,   25,   20,   20,   25, -999
20060713, 0600,  , HU, 17.2N, 119.8W, 110,  953,   75,   60,   60,   75,   50,   30,   30,   50,   25,   20,   20,   25, -999
20060713, 1200,  , HU, 17.7N, 121.3W, 100,  959,   75,   60,   60,   75,   50,   30,   30,   50,   25,   20,   20,   25, -999
20060713, 1800,  , HU, 18.2N, 122.7W,  90,  966,   60,   50,   50,   60,   35,   25,   25,   35,   20,   15,   15,   20, -999
20060714, 0000,  , HU, 18.6N, 124.0W,  75,  975,   60,   50,   50,   60,   35,   25,   25,   35,   20,   15,   15,   20, -999
20060714, 0600,  , TS, 19.1N, 125.3W,  60,  985,   50,   30,   30,   50,   25,    0,    0,   25,    0,    0,    0,    0, -999
20060714, 1200,  , TS, 19.4N, 126.5W,  50,  995,   40,   20,   20,   40,   15,    0,    0,   15,    0,    0,    0,    0, -999
20060714, 1800,  , TS, 19.7N, 127.8W,  40, 1001,   25,    0,    0,   25,    0,    0,    0,    0,    0,    0,    0,    0, -999
20060715, 0000,  , TS, 19.9N, 129.2W,  35, 1003,   25,    0,    0,   25,    0,    0,    0,    0,    0,    0,    0,    0, -999
20060715, 0600,  , TD, 20.2N, 130.7W,  30, 1005,    0,    0,    0,    0,    0,    0,    0,    0,    0,    0,    0,    0, -999
20060715, 1200,  , TD, 20.6N, 132.2W,  25, 1006,    0,    0,    0,    0,    0,    0,    0,    0,    0,    0,    0,    0, -999
20060715, 1800,  , TD, 21.0N, 133.7W,  25, 1007,    0,    0,    0,    0,    0,    0,    0,    0,    0,    0,    0,    0, -999
20060716, 0000,  , TD, 21.5N, 135.2W,  25, 1008,    0,    0,    0,    0,    0,    0,    0,    0,    0,    0,    0,    0, -999
20060716, 0600,  , TD, 22.0N, 136.8W,  25, 1009,    0,    0,    0,    0,    0,    0,    0,    0,    0,    0,    0,    0, -999
20060716, 1200,  , LO, 22.5N, 138.3W,  20, 1010,    0,    0,    0,    0,    0,    0,    0,    0,    0,    0,    0,    0, -999
20060716, 1800,  , LO, 23.0N, 139.8W,  20, 1012,    0,    0,    0,    0,    0,    0,    0,    0,    0,    0,    0,    0, -999
20060717, 0000,  , LO, 23.5N, 141.3W,  20, 1013,    0,    0,    0,    0,    0,    0,    0,    0,    0,    0,    0,    0, -999
20060717, 0600,  , LO, 24.1N, 143.0W,  20, 1013,    0,    0,    0,    0,    0,    0,    0,    0,    0,    0,    0,    0, -999
20060717, 1200,  , LO, 24.8N, 144.8W,  20, 1013,    0,    0,    0,    0,    0,    0,    0,    0,    0,    0,    0,    0, -999
EP042006,           CARLOTTA,     33,
20060712, 0000,  , TD, 13.5N, 102.2W,  30, 1006,    0,    0,    0,    0,    0,    0,    0,    0,    0,    0,    0,    0, -999
20060712, 0600,  , TS, 14.2N, 103.4W,  35, 1005,  100,   60,    0,   90,    0,    0,    0,    0,    0,    0,    0,    0, -999
20060712, 1200,  , TS, 14.9N, 104.8W,  40, 1002,  100,   60,    0,   90,    0,    0,    0,    0,    0,    0,    0,    0, -999
20060712, 1800,  , TS, 15.5N, 106.1W,  50,  997,  100,   75,   30,   90,   30,   30,    0,   30,    0,    0,    0,    0, -999
20060713, 0000,  , TS, 16.0N, 107.3W,  60,  991,  100,   90,   60,   90,   45,   30,   25,   30,    0,    0,    0,    0, -999
20060713, 0600,  , HU, 16.7N, 108.7W,  65,  987,   90,   75,   60,   75,   30,   25,   25,   25,   15,   15,    0,   15, -999
20060713, 1200,  , HU, 17.3N, 109.8W,  70,  984,   75,   75,   60,   75,   30,   25,   25,   25,   15,   15,    0,   15, -999
20060713, 1800,  , HU, 17.7N, 110.8W,  75,  981,   75,   75,   60,   75,   30,   25,   25,   25,   15,   15,   15,   15, -999
20060714, 0000,  , HU, 17.9N, 111.7W,  70,  983,   75,   60,   60,   60,   30,   25,   25,   25,   15,   15,   15,   15, -999
20060714, 0600,  , HU, 18.0N, 112.4W,  70,  985,   75,   60,   60,   60,   30,   25,   25,   25,   15,   15,    0,   15, -999
20060714, 1200,  , HU, 18.2N, 113.2W,  65,  987,   75,   60,   60,   60,   30,   25,   25,   25,   15,   15,    0,   15, -999
20060714, 1800,  , TS, 18.5N, 114.0W,  60,  989,   75,   60,   60,   60,   30,   25,   25,   25,    0,    0,    0,    0, -999
20060715, 0000,  , HU, 18.8N, 115.0W,  70,  985,   75,   60,   60,   60,   40,   35,   35,   35,   25,   15,   15,   15, -999
20060715, 0600,  , HU, 19.0N, 116.0W,  65,  987,   75,   60,   60,   60,   40,   35,   35,   35,   25,   15,   15,   15, -999
20060715, 1200,  , TS, 19.1N, 117.0W,  60,  990,   75,   60,   60,   60,   40,   35,   35,   35,    0,    0,    0,    0, -999
20060715, 1800,  , TS, 19.3N, 118.0W,  55,  993,   60,   60,   60,   60,   30,   30,   30,   30,    0,    0,    0,    0, -999
20060716, 0000,  , TS, 19.5N, 119.0W,  45,  996,   60,   60,   60,   60,    0,    0,    0,    0,    0,    0,    0,    0, -999
20060716, 0600,  , TS, 19.8N, 120.0W,  35, 1001,   60,   60,   60,   60,    0,    0,    0,    0,    0,    0,    0,    0, -999
20060716, 1200,  , TD, 20.1N, 121.0W,  30, 1005,    0,    0,    0,    0,    0,    0,    0,    0,    0,    0,    0,    0, -999
20060716, 1800,  , TD, 20.4N, 121.9W,  30, 1008,    0,    0,    0,    0,    0,    0,    0,    0,    0,    0,    0,    0, -999
20060717, 0000,  , LO, 20.7N, 122.9W,  25, 1009,    0,    0,    0,    0,    0,    0,    0,    0,    0,    0,    0,    0, -999
20060717, 0600,  , LO, 21.0N, 123.9W,  25, 1010,    0,    0,    0,    0,    0,    0,    0,    0,    0,    0,    0,    0, -999
20060717, 1200,  , LO, 21.2N, 124.9W,  25, 1010,    0,    0,    0,    0,    0,    0,    0,    0,    0,    0,    0,    0, -999
20060717, 1800,  , LO, 21.3N, 125.9W,  25, 1010,    0,    0,    0,    0,    0,    0,    0,    0,    0,    0,    0,    0, -999
20060718, 0000,  , LO, 21.3N, 127.0W,  25, 1010,    0,    0,    0,    0,    0,    0,    0,    0,    0,    0,    0,    0, -999
20060718, 0600,  , LO, 21.3N, 127.9W,  25, 1010,    0,    0,    0,    0,    0,    0,    0,    0,    0,    0,    0,    0, -999
20060718, 1200,  , LO, 21.2N, 128.7W,  25, 1010,    0,    0,    0,    0,    0,    0,    0,    0,    0,    0,    0,    0, -999
20060718, 1800,  , LO, 21.1N, 129.4W,  25, 1010,    0,    0,    0,    0,    0,    0,    0,    0,    0,    0,    0,    0, -999
20060719, 0000,  , LO, 21.0N, 130.0W,  25, 1010,    0,    0,    0,    0,    0,    0,    0,    0,    0,    0,    0,    0, -999
20060719, 0600,  , LO, 20.9N, 130.5W,  25, 1010,    0,    0,    0,    0,    0,    0,    0,    0,    0,    0,    0,    0, -999
20060719, 1200,  , LO, 20.8N, 131.1W,  25, 1010,    0,    0,    0,    0,    0,    0,    0,    0,    0,    0,    0,    0, -999
20060719, 1800,  , LO, 20.7N, 131.7W,  25, 1010,    0,    0,    0,    0,    0,    0,    0,    0,    0,    0,    0,    0, -999
20060720, 0000,  , LO, 20.6N, 132.3W,  25, 1010,    0,    0,    0,    0,    0,    0,    0,    0,    0,    0,    0,    0, -999
EP052006,             DANIEL,     48,
20060716, 1800,  , TD, 12.3N, 108.0W,  25, 1008,    0,    0,    0,    0,    0,    0,    0,    0,    0,    0,    0,    0, -999
20060717, 0000,  , TD, 12.4N, 109.2W,  30, 1007,    0,    0,    0,    0,    0,    0,    0,    0,    0,    0,    0,    0, -999
20060717, 0600,  , TD, 12.4N, 110.4W,  30, 1007,    0,    0,    0,    0,    0,    0,    0,    0,    0,    0,    0,    0, -999
20060717, 1200,  , TS, 12.3N, 111.6W,  35, 1005,   30,   30,   30,   30,    0,    0,    0,    0,    0,    0,    0,    0, -999
20060717, 1800,  , TS, 12.3N, 112.6W,  40, 1002,   45,   30,   30,   45,    0,    0,    0,    0,    0,    0,    0,    0, -999
20060718, 0000,  , TS, 12.2N, 113.6W,  45, 1000,   75,   50,   50,   75,    0,    0,    0,    0,    0,    0,    0,    0, -999
20060718, 0600,  , TS, 12.2N, 114.8W,  55,  994,   75,   60,   60,   75,   30,   30,   30,   30,    0,    0,    0,    0, -999
20060718, 1200,  , TS, 12.2N, 116.0W,  60,  990,   75,   75,   60,   75,   30,   30,   30,   30,    0,    0,    0,    0, -999
20060718, 1800,  , HU, 12.1N, 117.1W,  65,  987,   90,   75,   75,   90,   45,   40,   40,   45,   20,   15,   15,   20, -999
20060719, 0000,  , HU, 11.9N, 117.9W,  70,  984,   90,   90,   75,   90,   45,   40,   40,   45,   20,   15,   15,   20, -999
20060719, 0600,  , HU, 11.8N, 118.6W,  75,  980,  100,   90,   80,  100,   50,   40,   40,   50,   25,   20,   20,   25, -999
20060719, 1200,  , HU, 11.8N, 119.2W,  80,  976,  110,   90,   80,  110,   50,   40,   40,   50,   25,   20,   20,   25, -999
20060719, 1800,  , HU, 11.8N, 119.9W,  85,  973,  100,   90,   80,  100,   50,   40,   40,   50,   30,   25,   25,   30, -999
20060720, 0000,  , HU, 11.9N, 120.7W,  95,  966,  110,   90,   90,  110,   60,   50,   50,   60,   40,   30,   30,   40, -999
20060720, 0600,  , HU, 12.2N, 121.4W,  95,  966,  110,   90,   90,  110,   60,   50,   50,   60,   40,   30,   30,   40, -999
20060720, 1200,  , HU, 12.4N, 122.2W, 100,  960,  120,  100,  100,  120,   60,   50,   50,   60,   45,   35,   35,   45, -999
20060720, 1800,  , HU, 12.6N, 123.0W, 115,  948,  120,  100,  100,  120,   60,   50,   50,   60,   45,   35,   35,   45, -999
20060721, 0000,  , HU, 13.0N, 123.9W, 120,  942,  120,  100,  100,  120,   75,   60,   60,   75,   45,   35,   35,   45, -999
20060721, 0600,  , HU, 13.1N, 124.9W, 115,  948,  120,  100,  100,  120,   75,   60,   60,   75,   45,   35,   35,   45, -999
20060721, 1200,  , HU, 13.3N, 125.9W, 120,  942,  120,  100,  100,  120,   75,   60,   60,   75,   45,   35,   35,   45, -999
20060721, 1800,  , HU, 13.3N, 126.9W, 125,  938,  120,  100,  100,  120,   80,   70,   70,   80,   50,   40,   40,   50, -999
20060722, 0000,  , HU, 13.5N, 128.0W, 130,  933,  120,  100,  100,  120,   80,   70,   70,   80,   50,   40,   40,   50, -999
20060722, 0600,  , HU, 13.7N, 129.1W, 130,  933,  120,  100,  100,  120,   80,   70,   70,   80,   50,   40,   40,   50, -999
20060722, 1200,  , HU, 13.8N, 130.3W, 130,  933,  120,  100,  100,  120,   80,   70,   70,   80,   50,   40,   40,   50, -999
20060722, 1800,  , HU, 14.0N, 131.4W, 125,  935,  110,   90,   90,  110,   70,   60,   60,   70,   45,   35,   35,   45, -999
20060723, 0000,  , HU, 14.2N, 132.6W, 120,  941,  110,   90,   90,  110,   70,   60,   60,   70,   45,   35,   35,   45, -999
20060723, 0600,  , HU, 14.5N, 133.9W, 115,  948,  110,   90,   90,  110,   60,   45,   45,   60,   40,   30,   30,   40, -999
20060723, 1200,  , HU, 14.7N, 135.2W, 115,  948,  110,   90,   90,  110,   60,   45,   45,   60,   35,   30,   30,   35, -999
20060723, 1800,  , HU, 15.1N, 136.5W, 105,  952,  110,   90,   90,  110,   60,   45,   45,   60,   30,   25,   25,   30, -999
20060724, 0000,  , HU, 15.5N, 137.9W,  95,  965,   80,   80,   70,   80,   50,   50,   40,   50,   25,   25,   20,   25, -999
20060724, 0600,  , HU, 15.9N, 139.1W,  85,  975,   80,   80,   70,   80,   50,   50,   40,   50,   25,   25,   20,   25, -999
20060724, 1200,  , HU, 16.2N, 140.4W,  80,  980,   80,   80,   70,   80,   50,   50,   40,   50,   25,   25,   20,   25, -999
20060724, 1800,  , HU, 16.2N, 141.3W,  75,  985,   65,   60,   60,   65,   45,   40,   40,   45,   25,   20,   20,   25, -999
20060725, 0000,  , HU, 16.2N, 141.8W,  65,  994,   65,   60,   60,   65,   45,   40,   40,   45,   10,   10,   10,   10, -999
20060725, 0600,  , TS, 16.2N, 142.3W,  55,  999,   65,   60,   60,   65,   30,   25,   25,   30,    0,    0,    0,    0, -999
20060725, 1200,  , TS, 16.2N, 142.4W,  45, 1003,   50,   45,   45,   50,    0,    0,    0,    0,    0,    0,    0,    0, -999
20060725, 1800,  , TS, 16.2N, 142.6W,  35, 1004,   20,    0,    0,   15,    0,    0,    0,    0,    0,    0,    0,    0, -999
20060726, 0000,  , TD, 16.2N, 142.8W,  30, 1006,    0,    0,    0,    0,    0,    0,    0,    0,    0,    0,    0,    0, -999
20060726, 0600,  , TD, 16.2N, 142.9W,  30, 1008,    0,    0,    0,    0,    0,    0,    0,    0,    0,    0,    0,    0, -999
20060726, 1200,  , TD, 16.2N, 143.1W,  25, 1009,    0,    0,    0,    0,    0,    0,    0,    0,    0,    0,    0,    0, -999
20060726, 1800,  , TD, 16.1N, 143.6W,  25, 1009,    0,    0,    0,    0,    0,    0,    0,    0,    0,    0,    0,    0, -999
20060727, 0000,  , LO, 16.2N, 144.4W,  25, 1009,    0,    0,    0,    0,    0,    0,    0,    0,    0,    0,    0,    0, -999
20060727, 0600,  , LO, 16.3N, 145.1W,  25, 1009,    0,    0,    0,    0,    0,    0,    0,    0,    0,    0,    0,    0, -999
20060727, 1200,  , LO, 16.9N, 146.6W,  25, 1009,    0,    0,    0,    0,    0,    0,    0,    0,    0,    0,    0,    0, -999
20060727, 1800,  , LO, 17.2N, 147.4W,  25, 1009,    0,    0,    0,    0,    0,    0,    0,    0,    0,    0,    0,    0, -999
20060728, 0000,  , LO, 17.4N, 148.8W,  25, 1010,    0,    0,    0,    0,    0,    0,    0,    0,    0,    0,    0,    0, -999
20060728, 0600,  , LO, 17.6N, 150.1W,  25, 1010,    0,    0,    0,    0,    0,    0,    0,    0,    0,    0,    0,    0, -999
20060728, 1200,  , LO, 17.8N, 151.8W,  25, 1010,    0,    0,    0,    0,    0,    0,    0,    0,    0,    0,    0,    0, -999
EP062006,             EMILIA,     41,
20060721, 1200,  , TD, 11.9N, 103.0W,  25, 1007,    0,    0,    0,    0,    0,    0,    0,    0,    0,    0,    0,    0, -999
20060721, 1800,  , TD, 12.5N, 103.1W,  25, 1006,    0,    0,    0,    0,    0,    0,    0,    0,    0,    0,    0,    0, -999
20060722, 0000,  , TD, 13.1N, 103.4W,  30, 1005,    0,    0,    0,    0,    0,    0,    0,    0,    0,    0,    0,    0, -999
20060722, 0600,  , TS, 13.8N, 103.7W,  35, 1004,    0,    0,   30,    0,    0,    0,    0,    0,    0,    0,    0,    0, -999
20060722, 1200,  , TS, 14.9N, 104.3W,  35, 1004,    0,    0,   30,    0,    0,    0,    0,    0,    0,    0,    0,    0, -999
20060722, 1800,  , TS, 15.9N, 104.6W,  35, 1003,   30,   30,   30,   30,    0,    0,    0,    0,    0,    0,    0,    0, -999
20060723, 0000,  , TS, 16.8N, 105.3W,  40, 1001,   30,   30,   30,   30,    0,    0,    0,    0,    0,    0,    0,    0, -999
20060723, 0600,  , TS, 17.3N, 106.3W,  45,  999,   55,   45,   30,   50,    0,    0,    0,    0,    0,    0,    0,    0, -999
20060723, 1200,  , TS, 17.9N, 107.0W,  50,  995,   75,   60,   30,   50,   50,   30,    0,    0,    0,    0,    0,    0, -999
20060723, 1800,  , TS, 18.0N, 107.7W,  55,  991,   90,   75,   50,   75,   40,   30,   20,   25,    0,    0,    0,    0, -999
20060724, 0000,  , TS, 18.1N, 108.4W,  50,  993,   90,   80,   60,   80,   40,   40,   30,   30,    0,    0,    0,    0, -999
20060724, 0600,  , TS, 18.3N, 109.2W,  45,  995,   60,   60,   90,   60,    0,    0,    0,    0,    0,    0,    0,    0, -999
20060724, 1200,  , TS, 18.6N, 109.6W,  45,  995,   60,   60,   90,   60,    0,    0,    0,    0,    0,    0,    0,    0, -999
20060724, 1800,  , TS, 19.0N, 110.1W,  45,  995,   60,   80,   80,   60,    0,    0,    0,    0,    0,    0,    0,    0, -999
20060725, 0000,  , TS, 19.5N, 110.4W,  45,  995,   60,   60,   60,   60,    0,    0,    0,    0,    0,    0,    0,    0, -999
20060725, 0600,  , TS, 19.9N, 110.7W,  50,  993,   80,   80,   60,   60,   25,   25,   20,   20,    0,    0,    0,    0, -999
20060725, 1200,  , TS, 20.3N, 111.0W,  50,  993,  120,   90,   60,   60,   60,   45,   30,   30,    0,    0,    0,    0, -999
20060725, 1800,  , TS, 21.4N, 111.3W,  50,  993,  120,  100,   75,   90,   45,   30,   30,   30,    0,    0,    0,    0, -999
20060726, 0000,  , TS, 22.5N, 111.5W,  55,  991,  120,  100,   75,   90,   45,   30,   30,   30,    0,    0,    0,    0, -999
20060726, 0600,  , TS, 23.6N, 112.2W,  55,  990,  100,  100,   75,  100,   50,   40,   30,   40,    0,    0,    0,    0, -999
20060726, 1200,  , TS, 24.4N, 113.1W,  55,  991,  100,  100,   50,   75,   50,   40,   25,   40,    0,    0,    0,    0, -999
20060726, 1800,  , TS, 25.1N, 114.1W,  50,  993,  100,  100,   50,   75,   40,   40,   20,   40,    0,    0,    0,    0, -999
20060727, 0000,  , TS, 25.6N, 115.3W,  45,  998,   80,   80,   40,   60,    0,    0,    0,    0,    0,    0,    0,    0, -999
20060727, 0600,  , TS, 26.3N, 116.5W,  35, 1003,   75,   75,    0,   50,    0,    0,    0,    0,    0,    0,    0,    0, -999
20060727, 1200,  , TD, 26.9N, 117.8W,  25, 1008,    0,    0,    0,    0,    0,    0,    0,    0,    0,    0,    0,    0, -999
20060727, 1800,  , TD, 27.2N, 118.7W,  25, 1009,    0,    0,    0,    0,    0,    0,    0,    0,    0,    0,    0,    0, -999
20060728, 0000,  , TD, 27.9N, 119.5W,  25, 1009,    0,    0,    0,    0,    0,    0,    0,    0,    0,    0,    0,    0, -999
20060728, 0600,  , LO, 28.0N, 120.3W,  25, 1009,    0,    0,    0,    0,    0,    0,    0,    0,    0,    0,    0,    0, -999
20060728, 1200,  , LO, 28.0N, 121.1W,  20, 1010,    0,    0,    0,    0,    0,    0,    0,    0,    0,    0,    0,    0, -999
20060728, 1800,  , LO, 27.9N, 121.8W,  20, 1010,    0,    0,    0,    0,    0,    0,    0,    0,    0,    0,    0,    0, -999
20060729, 0000,  , LO, 27.6N, 122.5W,  20, 1011,    0,    0,    0,    0,    0,    0,    0,    0,    0,    0,    0,    0, -999
20060729, 0600,  , LO, 27.4N, 123.3W,  20, 1011,    0,    0,    0,    0,    0,    0,    0,    0,    0,    0,    0,    0, -999
20060729, 1200,  , LO, 27.5N, 124.1W,  20, 1011,    0,    0,    0,    0,    0,    0,    0,    0,    0,    0,    0,    0, -999
20060729, 1800,  , LO, 27.9N, 124.7W,  20, 1011,    0,    0,    0,    0,    0,    0,    0,    0,    0,    0,    0,    0, -999
20060730, 0000,  , LO, 28.4N, 125.1W,  20, 1011,    0,    0,    0,    0,    0,    0,    0,    0,    0,    0,    0,    0, -999
20060730, 0600,  , LO, 29.0N, 125.3W,  20, 1011,    0,    0,    0,    0,    0,    0,    0,    0,    0,    0,    0,    0, -999
20060730, 1200,  , LO, 29.7N, 125.2W,  20, 1011,    0,    0,    0,    0,    0,    0,    0,    0,    0,    0,    0,    0, -999
20060730, 1800,  , LO, 30.3N, 125.2W,  15, 1012,    0,    0,    0,    0,    0,    0,    0,    0,    0,    0,    0,    0, -999
20060731, 0000,  , LO, 30.6N, 125.2W,  15, 1012,    0,    0,    0,    0,    0,    0,    0,    0,    0,    0,    0,    0, -999
20060731, 0600,  , LO, 30.8N, 125.2W,  15, 1012,    0,    0,    0,    0,    0,    0,    0,    0,    0,    0,    0,    0, -999
20060731, 1200,  , LO, 31.0N, 125.3W,  15, 1013,    0,    0,    0,    0,    0,    0,    0,    0,    0,    0,    0,    0, -999
EP072006,              FABIO,     21,
20060731, 1800,  , TD, 14.1N, 121.4W,  30, 1009,    0,    0,    0,    0,    0,    0,    0,    0,    0,    0,    0,    0, -999
20060801, 0000,  , TS, 14.3N, 122.6W,  35, 1005,   60,    0,   20,   60,    0,    0,    0,    0,    0,    0,    0,    0, -999
20060801, 0600,  , TS, 14.6N, 123.8W,  35, 1005,   60,    0,   20,   60,    0,    0,    0,    0,    0,    0,    0,    0, -999
20060801, 1200,  , TS, 14.8N, 125.2W,  40, 1000,   60,    0,   20,   60,    0,    0,    0,    0,    0,    0,    0,    0, -999
20060801, 1800,  , TS, 14.7N, 126.6W,  45, 1000,   50,    0,   20,   60,    0,    0,    0,    0,    0,    0,    0,    0, -999
20060802, 0000,  , TS, 14.8N, 127.9W,  45, 1000,   50,    0,   20,   60,    0,    0,    0,    0,    0,    0,    0,    0, -999
20060802, 0600,  , TS, 14.8N, 129.2W,  45, 1000,   40,    0,   20,   60,    0,    0,    0,    0,    0,    0,    0,    0, -999
20060802, 1200,  , TS, 14.8N, 130.5W,  40, 1002,   40,   20,   30,   40,    0,    0,    0,    0,    0,    0,    0,    0, -999
20060802, 1800,  , TS, 15.0N, 132.0W,  35, 1004,   40,   20,   30,   40,    0,    0,    0,    0,    0,    0,    0,    0, -999
20060803, 0000,  , TD, 15.2N, 133.5W,  30, 1006,    0,    0,    0,    0,    0,    0,    0,    0,    0,    0,    0,    0, -999
20060803, 0600,  , LO, 15.2N, 135.0W,  30, 1008,    0,    0,    0,    0,    0,    0,    0,    0,    0,    0,    0,    0, -999
20060803, 1200,  , LO, 15.1N, 136.5W,  25, 1009,    0,    0,    0,    0,    0,    0,    0,    0,    0,    0,    0,    0, -999
20060803, 1800,  , LO, 15.0N, 138.2W,  25, 1009,    0,    0,    0,    0,    0,    0,    0,    0,    0,    0,    0,    0, -999
20060804, 0000,  , LO, 15.0N, 139.6W,  25, 1010,    0,    0,    0,    0,    0,    0,    0,    0,    0,    0,    0,    0, -999
20060804, 0600,  , LO, 14.9N, 141.2W,  25, 1011,    0,    0,    0,    0,    0,    0,    0,    0,    0,    0,    0,    0, -999
20060804, 1200,  , LO, 14.9N, 142.7W,  25, 1012,    0,    0,    0,    0,    0,    0,    0,    0,    0,    0,    0,    0, -999
20060804, 1800,  , LO, 14.8N, 144.1W,  25, 1012,    0,    0,    0,    0,    0,    0,    0,    0,    0,    0,    0,    0, -999
20060805, 0000,  , LO, 14.6N, 145.7W,  25, 1013,    0,    0,    0,    0,    0,    0,    0,    0,    0,    0,    0,    0, -999
20060805, 0600,  , LO, 14.4N, 147.3W,  25, 1013,    0,    0,    0,    0,    0,    0,    0,    0,    0,    0,    0,    0, -999
20060805, 1200,  , LO, 14.4N, 149.0W,  25, 1014,    0,    0,    0,    0,    0,    0,    0,    0,    0,    0,    0,    0, -999
20060805, 1800,  , LO, 14.7N, 150.7W,  25, 1015,    0,    0,    0,    0,    0,    0,    0,    0,    0,    0,    0,    0, -999
EP082006,              GILMA,     17,
20060801, 0000,  , TD, 12.8N, 103.8W,  30, 1009,    0,    0,    0,    0,    0,    0,    0,    0,    0,    0,    0,    0, -999
20060801, 0600,  , TD, 13.3N, 104.4W,  30, 1007,    0,    0,    0,    0,    0,    0,    0,    0,    0,    0,    0,    0, -999
20060801, 1200,  , TS, 13.8N, 105.1W,  35, 1005,    0,    0,   60,   60,    0,    0,    0,    0,    0,    0,    0,    0, -999
20060801, 1800,  , TS, 14.1N, 105.5W,  35, 1004,    0,    0,   60,   60,    0,    0,    0,    0,    0,    0,    0,    0, -999
20060802, 0000,  , TS, 14.4N, 105.8W,  35, 1004,    0,    0,   60,   60,    0,    0,    0,    0,    0,    0,    0,    0, -999
20060802, 0600,  , TD, 14.7N, 106.2W,  30, 1005,    0,    0,    0,    0,    0,    0,    0,    0,    0,    0,    0,    0, -999
20060802, 1200,  , TD, 14.9N, 106.6W,  30, 1005,    0,    0,    0,    0,    0,    0,    0,    0,    0,    0,    0,    0, -999
20060802, 1800,  , TD, 15.0N, 107.0W,  30, 1005,    0,    0,    0,    0,    0,    0,    0,    0,    0,    0,    0,    0, -999
20060803, 0000,  , TD, 15.2N, 107.5W,  25, 1006,    0,    0,    0,    0,    0,    0,    0,    0,    0,    0,    0,    0, -999
20060803, 0600,  , TD, 15.3N, 108.1W,  25, 1006,    0,    0,    0,    0,    0,    0,    0,    0,    0,    0,    0,    0, -999
20060803, 1200,  , TD, 15.4N, 108.8W,  25, 1006,    0,    0,    0,    0,    0,    0,    0,    0,    0,    0,    0,    0, -999
20060803, 1800,  , TD, 15.7N, 109.6W,  25, 1007,    0,    0,    0,    0,    0,    0,    0,    0,    0,    0,    0,    0, -999
20060804, 0000,  , LO, 16.2N, 110.2W,  20, 1008,    0,    0,    0,    0,    0,    0,    0,    0,    0,    0,    0,    0, -999
20060804, 0600,  , LO, 16.9N, 110.8W,  20, 1008,    0,    0,    0,    0,    0,    0,    0,    0,    0,    0,    0,    0, -999
20060804, 1200,  , LO, 17.4N, 111.3W,  20, 1008,    0,    0,    0,    0,    0,    0,    0,    0,    0,    0,    0,    0, -999
20060804, 1800,  , LO, 17.7N, 111.7W,  20, 1008,    0,    0,    0,    0,    0,    0,    0,    0,    0,    0,    0,    0, -999
20060805, 0000,  , LO, 17.8N, 112.2W,  20, 1009,    0,    0,    0,    0,    0,    0,    0,    0,    0,    0,    0,    0, -999
EP092006,             HECTOR,     35,
20060815, 1800,  , TD, 12.9N, 113.5W,  30, 1006,    0,    0,    0,    0,    0,    0,    0,    0,    0,    0,    0,    0, -999
20060816, 0000,  , TS, 13.0N, 114.6W,  35, 1003,   75,  150,  120,  180,    0,    0,    0,    0,    0,    0,    0,    0, -999
20060816, 0600,  , TS, 13.1N, 115.6W,  40, 1000,   75,  150,  120,  150,    0,    0,    0,    0,    0,    0,    0,    0, -999
20060816, 1200,  , TS, 13.3N, 116.4W,  50,  995,   75,  120,   90,  150,   20,   20,   20,   20,    0,    0,    0,    0, -999
20060816, 1800,  , TS, 13.7N, 117.2W,  55,  992,   75,   90,   90,  120,   20,   20,   20,   20,    0,    0,    0,    0, -999
20060817, 0000,  , TS, 14.1N, 118.1W,  60,  990,   90,   90,   90,   90,   30,   30,   30,   30,    0,    0,    0,    0, -999
20060817, 0600,  , HU, 14.4N, 119.3W,  65,  986,   90,   90,   90,   90,   30,   30,   30,   30,   15,   15,   15,   15, -999
20060817, 1200,  , HU, 14.6N, 120.5W,  75,  979,  100,  100,   90,   90,   40,   40,   40,   40,   20,   20,   20,   20, -999
20060817, 1800,  , HU, 14.8N, 121.6W,  80,  975,  120,  120,   90,  100,   50,   50,   40,   50,   25,   25,   25,   25, -999
20060818, 0000,  , HU, 15.2N, 122.8W,  85,  973,  120,  120,   90,  100,   50,   50,   40,   50,   25,   25,   25,   25, -999
20060818, 0600,  , HU, 15.6N, 124.0W,  95,  966,  125,  125,   90,  125,   60,   60,   40,   50,   30,   30,   25,   25, -999
20060818, 1200,  , HU, 16.0N, 125.2W,  90,  970,  125,  125,   90,  125,   60,   60,   40,   50,   30,   30,   25,   25, -999
20060818, 1800,  , HU, 16.4N, 126.4W,  90,  970,  125,  125,   75,  125,   60,   60,   40,   50,   30,   30,   25,   30, -999
20060819, 0000,  , HU, 16.8N, 127.5W,  90,  970,  125,  125,   75,  125,   60,   60,   40,   50,   30,   30,   25,   30, -999
20060819, 0600,  , HU, 17.2N, 128.6W,  90,  972,  125,  125,   75,  125,   60,   60,   40,   50,   30,   30,   25,   30, -999
20060819, 1200,  , HU, 17.6N, 129.6W,  80,  974,  125,  125,   75,  125,   60,   60,   40,   50,   30,   30,   25,   30, -999
20060819, 1800,  , HU, 18.1N, 130.6W,  75,  978,  120,  115,   60,  110,   60,   60,   35,   45,   30,   30,   25,   25, -999
20060820, 0000,  , HU, 18.6N, 131.5W,  75,  981,  120,  115,   60,  110,   60,   60,   35,   45,   25,   25,   20,   20, -999
20060820, 0600,  , HU, 19.1N, 132.3W,  70,  983,  100,  100,   60,  100,   60,   60,   35,   45,   25,   25,   15,   25, -999
20060820, 1200,  , TS, 19.6N, 133.1W,  60,  988,   90,   90,   60,   75,   50,   50,   30,   40,    0,    0,    0,    0, -999
20060820, 1800,  , TS, 20.1N, 133.9W,  50,  995,   75,   75,   50,   75,   40,   40,    0,   30,    0,    0,    0,    0, -999
20060821, 0000,  , TS, 20.7N, 134.4W,  45, 1000,   75,   75,   50,   75,    0,    0,    0,    0,    0,    0,    0,    0, -999
20060821, 0600,  , TS, 21.1N, 134.7W,  45, 1000,   75,   75,   50,   75,    0,    0,    0,    0,    0,    0,    0,    0, -999
20060821, 1200,  , TS, 21.6N, 135.0W,  45, 1002,   75,   60,   50,   75,    0,    0,    0,    0,    0,    0,    0,    0, -999
20060821, 1800,  , TS, 22.0N, 135.3W,  45, 1002,   75,   60,   50,   75,    0,    0,    0,    0,    0,    0,    0,    0, -999
20060822, 0000,  , TS, 22.5N, 135.6W,  45, 1003,   75,   50,    0,   75,    0,    0,    0,    0,    0,    0,    0,    0, -999
20060822, 0600,  , TS, 22.6N, 136.1W,  40, 1005,   75,   50,    0,   75,    0,    0,    0,    0,    0,    0,    0,    0, -999
20060822, 1200,  , TS, 22.7N, 136.6W,  35, 1007,   75,   50,    0,   75,    0,    0,    0,    0,    0,    0,    0,    0, -999
20060822, 1800,  , TS, 22.8N, 137.1W,  35, 1007,   70,   50,    0,   70,    0,    0,    0,    0,    0,    0,    0,    0, -999
20060823, 0000,  , TD, 22.8N, 137.8W,  30, 1009,    0,    0,    0,    0,    0,    0,    0,    0,    0,    0,    0,    0, -999
20060823, 0600,  , LO, 22.7N, 138.7W,  30, 1009,    0,    0,    0,    0,    0,    0,    0,    0,    0,    0,    0,    0, -999
20060823, 1200,  , LO, 22.7N, 139.7W,  25, 1009,    0,    0,    0,    0,    0,    0,    0,    0,    0,    0,    0,    0, -999
20060823, 1800,  , LO, 22.9N, 140.8W,  25, 1009,    0,    0,    0,    0,    0,    0,    0,    0,    0,    0,    0,    0, -999
20060824, 0000,  , LO, 23.1N, 142.0W,  25, 1009,    0,    0,    0,    0,    0,    0,    0,    0,    0,    0,    0,    0, -999
20060824, 0600,  , LO, 23.3N, 143.5W,  25, 1009,    0,    0,    0,    0,    0,    0,    0,    0,    0,    0,    0,    0, -999
CP012006,               IOKE,     83,
20060817, 0000,  , DB, 10.3N, 147.9W,  25, 1009,    0,    0,    0,    0,    0,    0,    0,    0,    0,    0,    0,    0, -999
20060817, 0600,  , DB, 10.3N, 148.7W,  25, 1009,    0,    0,    0,    0,    0,    0,    0,    0,    0,    0,    0,    0, -999
20060817, 1200,  , DB, 10.3N, 149.7W,  25, 1009,    0,    0,    0,    0,    0,    0,    0,    0,    0,    0,    0,    0, -999
20060817, 1800,  , DB, 10.3N, 150.6W,  25, 1009,    0,    0,    0,    0,    0,    0,    0,    0,    0,    0,    0,    0, -999
20060818, 0000,  , DB, 10.3N, 151.6W,  25, 1009,    0,    0,    0,    0,    0,    0,    0,    0,    0,    0,    0,    0, -999
20060818, 0600,  , DB, 10.3N, 152.6W,  25, 1009,    0,    0,    0,    0,    0,    0,    0,    0,    0,    0,    0,    0, -999
20060818, 1200,  , DB, 10.3N, 153.6W,  25, 1009,    0,    0,    0,    0,    0,    0,    0,    0,    0,    0,    0,    0, -999
20060818, 1800,  , DB, 10.3N, 154.5W,  25, 1009,    0,    0,    0,    0,    0,    0,    0,    0,    0,    0,    0,    0, -999
20060819, 0000,  , DB, 10.3N, 155.4W,  25, 1009,    0,    0,    0,    0,    0,    0,    0,    0,    0,    0,    0,    0, -999
20060819, 0600,  , DB, 10.3N, 156.3W,  25, 1009,    0,    0,    0,    0,    0,    0,    0,    0,    0,    0,    0,    0, -999
20060819, 1200,  , DB, 10.3N, 157.1W,  25, 1009,    0,    0,    0,    0,    0,    0,    0,    0,    0,    0,    0,    0, -999
20060819, 1800,  , DB, 10.3N, 157.9W,  25, 1008,    0,    0,    0,    0,    0,    0,    0,    0,    0,    0,    0,    0, -999
20060820, 0000,  , TD, 10.4N, 158.7W,  30, 1012,    0,    0,    0,    0,    0,    0,    0,    0,    0,    0,    0,    0, -999
20060820, 0600,  , TD, 10.5N, 159.4W,  30, 1012,    0,    0,    0,    0,    0,    0,    0,    0,    0,    0,    0,    0, -999
20060820, 1200,  , TS, 10.7N, 160.2W,  40, 1007,   30,   30,   15,   15,    0,    0,    0,    0,    0,    0,    0,    0, -999
20060820, 1800,  , TS, 11.0N, 161.7W,  45, 1005,   40,   30,   15,   25,    0,    0,    0,    0,    0,    0,    0,    0, -999
20060821, 0000,  , HU, 11.2N, 163.2W,  65,  995,   60,   40,   15,   55,   30,   20,   20,   30,   15,   15,    5,   15, -999
20060821, 0600,  , HU, 11.5N, 164.4W,  70,  990,  120,   95,   90,  120,   65,   50,   50,   65,   20,   20,   20,   20, -999
20060821, 1200,  , HU, 12.0N, 165.2W,  75,  985,  120,  100,   85,  110,   70,   50,   45,   65,   25,   20,   15,   20, -999
20060821, 1800,  , HU, 12.7N, 166.0W, 100,  960,  140,  110,  100,  130,   80,   65,   60,   75,   45,   40,   35,   40, -999
20060822, 0000,  , HU, 13.5N, 167.0W, 115,  945,  160,  120,   90,  120,   90,   70,   55,   75,   45,   40,   30,   40, -999
20060822, 0600,  , HU, 14.5N, 167.7W, 115,  945,  160,  120,   90,  120,   90,   70,   55,   75,   45,   40,   30,   40, -999
20060822, 1200,  , HU, 15.2N, 168.5W, 115,  945,  160,  120,   90,  120,   90,   70,   55,   75,   45,   40,   30,   40, -999
20060822, 1800,  , HU, 15.8N, 169.3W,  90,  964,  160,  120,   90,  120,   90,   70,   55,   75,   35,   30,   20,   35, -999
20060823, 0000,  , HU, 16.4N, 169.8W,  90,  971,  160,  120,   90,  120,   90,   70,   55,   75,   35,   30,   20,   35, -999
20060823, 0600,  , HU, 16.9N, 170.2W,  90,  971,  160,  120,   90,  120,   90,   70,   55,   75,   35,   30,   20,   35, -999
20060823, 1200,  , HU, 17.3N, 170.5W,  90,  971,  140,  110,   90,  110,   85,   70,   55,   70,   35,   30,   20,   35, -999
20060823, 1800,  , HU, 17.6N, 170.9W,  90,  971,  140,   90,   70,  130,   80,   60,   40,   80,   35,   30,   20,   35, -999
20060824, 0000,  , HU, 18.1N, 171.4W,  90,  971,  140,   90,   70,  130,   80,   60,   40,   80,   35,   30,   20,   35, -999
20060824, 0600,  , HU, 18.5N, 172.0W, 100,  960,  180,  120,   90,  140,  100,   70,   50,   90,   35,   30,   20,   35, -999
20060824, 1200,  , HU, 18.6N, 172.5W, 115,  945,  180,  120,   90,  140,  100,   70,   50,   90,   35,   30,   20,   35, -999
20060824, 1800,  , HU, 18.8N, 172.9W, 125,  935,  180,  140,   90,  110,  100,   70,   50,   80,   70,   40,   30,   50, -999
20060825, 0000,  , HU, 19.0N, 173.4W, 125,  935,  180,  140,  120,  140,  130,  110,   90,  110,   90,   50,   50,   90, -999
20060825, 0600,  , HU, 19.1N, 174.2W, 140,  920,  200,  150,  150,  200,  150,  100,  100,  150,  100,   50,   50,  100, -999
20060825, 1200,  , HU, 19.2N, 174.7W, 140,  920,  180,  120,  115,  170,  120,   80,   75,  110,   60,   35,   30,   55, -999
20060825, 1800,  , HU, 19.2N, 175.1W, 140,  920,  180,  120,  115,  180,  120,   80,   75,  120,   60,   35,   30,   60, -999
20060826, 0000,  , HU, 19.3N, 175.8W, 130,  935,  180,  120,  115,  180,  120,   80,   75,  120,   60,   35,   30,   60, -999
20060826, 0600,  , HU, 19.1N, 176.5W, 130,  935,  180,  120,  115,  180,  120,   80,   75,  120,   60,   35,   30,   60, -999
20060826, 1200,  , HU, 18.8N, 177.4W, 140,  920,  200,  140,  135,  200,  130,   90,   85,  130,   70,   45,   40,   70, -999
20060826, 1800,  , HU, 18.3N, 178.0W, 140,  920,  200,  140,  135,  200,  130,   90,   85,  130,   70,   45,   40,   70, -999
20060827, 0000,  , HU, 17.9N, 178.9W, 140,  920,  200,  140,  135,  200,  130,   90,   85,  130,   70,   45,   40,   70, -999
20060827, 0600,  , HU, 17.6N, 179.8W, 140,  900,  135,  150,  135,  150,   80,   85,   80,   85,   55,   55,   55,   60, -999
20060827, 1200,  , HU, 17.2N, 179.3E, 140,  900,  140,  150,  140,  150,   80,   85,   80,   85,   55,   55,   55,   60, -999
20060827, 1800,  , HU, 16.8N, 178.4E, 140,  900,  150,  140,  140,  120,   85,   80,   80,   65,   60,   55,   55,   35, -999
20060828, 0000,  , HU, 16.6N, 177.6E, 135,  900,  150,  140,  140,  130,   85,   80,   80,   70,   60,   55,   55,   45, -999
20060828, 0600,  , HU, 16.3N, 176.7E, 130,  910,  130,  140,  140,  105,   70,   75,   80,   70,   55,   50,   50,   60, -999
20060828, 1200,  , HU, 16.2N, 175.8E, 130,  910,  140,  135,  140,  115,   80,   75,   85,   70,   55,   55,   55,   55, -999
20060828, 1800,  , HU, 16.1N, 175.0E, 130,  910,  140,  135,  140,  140,   80,   75,   85,   85,   55,   55,   55,   55, -999
20060829, 0000,  , HU, 16.0N, 174.2E, 130,  910,  140,  140,  140,  140,   85,   85,   85,   85,   55,   55,   55,   55, -999
20060829, 0600,  , HU, 16.2N, 173.4E, 135,  910,  140,  140,  140,  140,   85,   85,   85,   85,   55,   55,   55,   55, -999
20060829, 1200,  , HU, 16.2N, 172.6E, 130,  910,  130,  120,  130,  135,   95,   95,   95,   95,   65,   65,   65,   65, -999
20060829, 1800,  , HU, 16.4N, 171.9E, 140,  910,  130,  120,  130,  135,   95,   95,   95,   95,   65,   65,   65,   65, -999
20060830, 0000,  , HU, 16.7N, 171.1E, 140,  910,  130,  120,  130,  135,   95,   85,   95,   95,   65,   65,   65,   65, -999
20060830, 0600,  , HU, 17.1N, 170.4E, 140,  910,  140,  120,  120,  140,  100,   85,   85,  100,   65,   65,   65,   65, -999
20060830, 1200,  , HU, 17.5N, 169.7E, 135,  910,  160,  160,  130,  130,  105,   95,   90,  100,   65,   65,   65,   65, -999
20060830, 1800,  , HU, 18.0N, 169.1E, 135,  910,  160,  160,  130,  130,  105,   95,   90,   90,   65,   65,   60,   60, -999
20060831, 0000,  , HU, 18.6N, 168.2E, 135,  910,  160,  160,  130,  130,  105,   95,   90,   90,   65,   65,   60,   60, -999
20060831, 0600,  , HU, 19.3N, 167.3E, 135,  910,  180,  170,  130,  150,  115,  105,   95,  105,   70,   65,   60,   65, -999
20060831, 1200,  , HU, 19.7N, 166.2E, 135,  910,  180,  170,  130,  150,  115,  105,   95,  105,   70,   65,   60,   65, -999
20060831, 1800,  , HU, 20.2N, 165.3E, 135,  910,  180,  170,  130,  140,  115,  105,   95,  100,   70,   65,   50,   55, -999
20060901, 0000,  , HU, 20.7N, 164.4E, 130,  910,  155,  170,  130,  130,  105,  110,   95,   95,   60,   65,   50,   45, -999
20060901, 0600,  , HU, 21.2N, 163.5E, 130,  910,  155,  170,  130,  130,  105,  110,   95,   95,   60,   65,   50,   45, -999
20060901, 1200,  , HU, 21.8N, 162.2E, 115,  927,  175,  170,  140,  150,  105,  110,   95,   95,   60,   65,   50,   45, -999
20060901, 1800,  , HU, 22.3N, 160.7E, 115,  927,  175,  170,  140,  150,  105,  110,   95,   95,   60,   65,   50,   45, -999
20060902, 0000,  , HU, 23.0N, 159.3E, 115,  927,  175,  170,  140,  150,  105,  110,   95,   95,   60,   65,   50,   45, -999
20060902, 0600,  , HU, 23.5N, 157.8E, 110,  927,  190,  190,  170,  170,  110,  110,   90,  105,   75,   75,   60,   70, -999
20060902, 1200,  , HU, 24.0N, 156.2E, 110,  927,  180,  180,  180,  180,  105,  105,  105,  105,   75,   75,   75,   75, -999
20060902, 1800,  , HU, 24.5N, 154.8E, 110,  927,  180,  180,  165,  165,  105,  105,   95,   95,   75,   75,   75,   75, -999
20060903, 0000,  , HU, 25.1N, 153.5E, 100,  927,  160,  160,  145,  145,   85,   85,   75,   75,   65,   65,   60,   60, -999
20060903, 0600,  , HU, 25.7N, 152.5E, 100,  927,  160,  160,  145,  145,   85,   85,   75,   75,   65,   65,   60,   60, -999
20060903, 1200,  , HU, 26.5N, 151.7E,  95,  927,  160,  160,  145,  145,   85,   85,   75,   75,   65,   65,   60,   60, -999
20060903, 1800,  , HU, 27.5N, 150.8E,  95,  927,  160,  160,  145,  145,   85,   85,   75,   75,   65,   65,   60,   60, -999
20060904, 0000,  , HU, 28.5N, 149.9E,  85,  958,  150,  150,  135,  135,   75,   75,   70,   70,   45,   40,   35,   35, -999
20060904, 0600,  , HU, 29.6N, 148.9E,  70,  972,  160,  160,  125,  145,   80,   80,   70,   75,   55,   55,   40,   50, -999
20060904, 1200,  , HU, 30.9N, 148.0E,  65,  976,  160,  160,  125,  145,   80,   80,   70,   75,    0,    0,    0,    0, -999
20060904, 1800,  , HU, 32.5N, 147.5E,  65,  976,  170,  160,  140,  160,   80,   70,   60,   70,    0,    0,    0,    0, -999
20060905, 0000,  , TS, 34.0N, 146.9E,  60,  980,  170,  160,  140,  160,   65,   60,   40,   50,    0,    0,    0,    0, -999
20060905, 0600,  , TS, 35.7N, 147.4E,  60,  980,  170,  140,  160,  140,   60,   50,   60,   50,    0,    0,    0,    0, -999
20060905, 1200,  , TS, 37.5N, 148.8E,  60,  980,  170,  140,  160,  140,   60,   50,   60,   50,    0,    0,    0,    0, -999
20060905, 1800,  , TS, 39.7N, 150.8E,  55,  980,  170,  140,  160,  140,   60,   50,   60,   50,    0,    0,    0,    0, -999
20060906, 0000,  , EX, 42.2N, 153.3E,  50,  980,  170,  140,  160,  140,   60,   50,   60,   50,    0,    0,    0,    0, -999
20060906, 0600,  , EX, 45.0N, 156.7E,  35,  980,  170,  140,  160,  140,    0,    0,    0,    0,    0,    0,    0,    0, -999
20060906, 1200,  , EX, 47.6N, 161.2E,  30,  980,    0,    0,    0,    0,    0,    0,    0,    0,    0,    0,    0,    0, -999
EP102006,             ILEANA,     32,
20060821, 1200,  , TD, 12.0N, 101.8W,  30, 1006,    0,    0,    0,    0,    0,    0,    0,    0,    0,    0,    0,    0, -999
20060821, 1800,  , TS, 12.5N, 102.8W,  35, 1004,  150,  100,  100,  100,    0,    0,    0,    0,    0,    0,    0,    0, -999
20060822, 0000,  , TS, 13.1N, 103.9W,  40, 1002,  150,  125,  100,  125,    0,    0,    0,    0,    0,    0,    0,    0, -999
20060822, 0600,  , TS, 13.8N, 105.0W,  50,  997,  150,  125,  100,  125,   60,   60,   30,   60,    0,    0,    0,    0, -999
20060822, 1200,  , TS, 14.4N, 106.1W,  60,  990,  150,  125,  100,  125,   60,   60,   60,   60,    0,    0,    0,    0, -999
20060822, 1800,  , HU, 15.1N, 107.3W,  70,  984,  150,  125,  100,  100,   60,   60,   60,   60,   20,   20,   20,   20, -999
20060823, 0000,  , HU, 16.2N, 108.6W,  80,  976,  150,  120,  100,  110,   60,   60,   60,   60,   30,   30,   30,   30, -999
20060823, 0600,  , HU, 17.1N, 109.8W,  95,  965,  150,  120,  100,  110,   60,   60,   60,   60,   30,   30,   30,   30, -999
20060823, 1200,  , HU, 17.8N, 111.0W, 105,  955,  125,  120,  100,  100,   50,   50,   50,   50,   25,   25,   25,   25, -999
20060823, 1800,  , HU, 18.5N, 112.1W, 105,  955,  125,  120,  100,  100,   50,   50,   50,   50,   25,   25,   25,   25, -999
20060824, 0000,  , HU, 19.2N, 113.1W, 105,  955,  120,  100,   80,  100,   60,   60,   60,   60,   30,   30,   30,   30, -999
20060824, 0600,  , HU, 19.7N, 113.8W,  95,  960,  120,  100,   80,  100,   60,   60,   60,   60,   30,   30,   30,   30, -999
20060824, 1200,  , HU, 20.2N, 114.6W,  90,  968,  120,  100,   80,  100,   60,   60,   60,   60,   30,   30,   30,   30, -999
20060824, 1800,  , HU, 20.6N, 115.2W,  85,  973,  150,  100,   90,  100,   60,   60,   60,   60,   30,   30,   30,   30, -999
20060825, 0000,  , HU, 20.9N, 115.7W,  80,  975,  150,  100,   90,  100,   75,   60,   60,   60,   30,   30,   30,   30, -999
20060825, 0600,  , HU, 21.2N, 116.2W,  75,  977,  130,  110,   80,   90,   60,   45,   45,   45,   30,   30,   30,   30, -999
20060825, 1200,  , HU, 21.5N, 116.7W,  70,  980,  120,  110,   80,   90,   50,   45,   45,   45,   30,   25,   25,   30, -999
20060825, 1800,  , HU, 21.8N, 117.1W,  65,  983,   90,   75,   75,   75,   45,   40,   40,   45,   25,   20,   20,   25, -999
20060826, 0000,  , TS, 22.1N, 117.6W,  55,  987,   90,   75,   75,   75,   45,   40,   40,   45,    0,    0,    0,    0, -999
20060826, 0600,  , TS, 22.4N, 118.2W,  50,  990,   70,   70,   70,   60,   35,   30,   30,   35,    0,    0,    0,    0, -999
20060826, 1200,  , TS, 22.6N, 118.7W,  50,  992,   70,   70,   70,   60,   35,   30,   30,   35,    0,    0,    0,    0, -999
20060826, 1800,  , TS, 22.8N, 119.1W,  45,  995,   60,   50,   50,   60,    0,    0,    0,    0,    0,    0,    0,    0, -999
20060827, 0000,  , TS, 23.1N, 119.5W,  40,  998,   50,   30,   30,   50,    0,    0,    0,    0,    0,    0,    0,    0, -999
20060827, 0600,  , TS, 23.3N, 119.9W,  35, 1002,   45,   30,   30,   45,    0,    0,    0,    0,    0,    0,    0,    0, -999
20060827, 1200,  , TD, 23.5N, 120.5W,  30, 1003,    0,    0,    0,    0,    0,    0,    0,    0,    0,    0,    0,    0, -999
20060827, 1800,  , LO, 23.7N, 121.1W,  30, 1004,    0,    0,    0,    0,    0,    0,    0,    0,    0,    0,    0,    0, -999
20060828, 0000,  , LO, 23.8N, 121.6W,  25, 1005,    0,    0,    0,    0,    0,    0,    0,    0,    0,    0,    0,    0, -999
20060828, 0600,  , LO, 23.9N, 122.0W,  25, 1006,    0,    0,    0,    0,    0,    0,    0,    0,    0,    0,    0,    0, -999
20060828, 1200,  , LO, 24.0N, 122.3W,  25, 1007,    0,    0,    0,    0,    0,    0,    0,    0,    0,    0,    0,    0, -999
20060828, 1800,  , LO, 23.9N, 122.6W,  25, 1008,    0,    0,    0,    0,    0,    0,    0,    0,    0,    0,    0,    0, -999
20060829, 0000,  , LO, 23.8N, 122.8W,  20, 1009,    0,    0,    0,    0,    0,    0,    0,    0,    0,    0,    0,    0, -999
20060829, 0600,  , LO, 23.7N, 123.0W,  20, 1009,    0,    0,    0,    0,    0,    0,    0,    0,    0,    0,    0,    0, -999
EP112006,               JOHN,     32,
20060828, 0000,  , TD, 12.3N,  94.6W,  25, 1005,    0,    0,    0,    0,    0,    0,    0,    0,    0,    0,    0,    0, -999
20060828, 0600,  , TD, 12.7N,  95.0W,  30, 1005,    0,    0,    0,    0,    0,    0,    0,    0,    0,    0,    0,    0, -999
20060828, 1200,  , TS, 13.1N,  95.6W,  35, 1004,   90,   60,   30,   60,    0,    0,    0,    0,    0,    0,    0,    0, -999
20060828, 1800,  , TS, 13.5N,  96.3W,  40, 1002,   90,   60,   30,   60,    0,    0,    0,    0,    0,    0,    0,    0, -999
20060829, 0000,  , TS, 13.7N,  96.9W,  50,  997,   90,   60,   45,   60,   20,   20,   20,   20,    0,    0,    0,    0, -999
20060829, 0600,  , TS, 13.8N,  97.5W,  60,  990,   90,   60,   45,   60,   25,   20,   20,   25,    0,    0,    0,    0, -999
20060829, 1200,  , HU, 14.0N,  98.3W,  75,  980,   90,   60,   60,   80,   40,   30,   30,   40,   20,   20,   20,   20, -999
20060829, 1800,  , HU, 14.2N,  99.2W,  95,  965,  110,   90,   90,  110,   50,   50,   50,   50,   25,   25,   25,   25, -999
20060830, 0000,  , HU, 14.9N, 100.0W, 100,  962,  110,  100,  100,  110,   60,   50,   50,   60,   30,   25,   25,   30, -999
20060830, 0600,  , HU, 15.3N, 100.8W, 105,  960,  110,  100,  100,  110,   60,   50,   50,   60,   30,   25,   25,   30, -999
20060830, 1200,  , HU, 16.0N, 101.7W, 115,  950,  120,  120,   90,  120,   70,   50,   50,   60,   45,   25,   25,   45, -999
20060830, 1800,  , HU, 16.9N, 102.7W, 115,  948,  120,  120,   60,  120,   70,   60,   40,   70,   50,   30,   30,   50, -999
20060831, 0000,  , HU, 17.6N, 104.0W, 110,  950,  120,  120,   60,  120,   70,   60,   40,   70,   50,   30,   30,   50, -999
20060831, 0600,  , HU, 18.2N, 104.9W, 110,  950,  100,  100,   60,   90,   60,   50,   40,   60,   40,   30,   30,   40, -999
20060831, 1200,  , HU, 19.0N, 105.8W, 100,  960,   90,   90,   60,   90,   60,   50,   40,   60,   40,   30,   30,   40, -999
20060831, 1800,  , HU, 20.2N, 106.7W,  90,  968,   90,   90,   60,   90,   50,   30,   40,   40,   30,   20,   15,   25, -999
20060901, 0000,  , HU, 21.0N, 107.6W,  90,  968,   90,   90,   60,   90,   45,   30,   40,   40,   25,   20,   15,   25, -999
20060901, 0600,  , HU, 21.4N, 108.4W, 100,  955,   90,   90,   60,   90,   45,   35,   25,   35,   25,   20,   15,   25, -999
20060901, 1200,  , HU, 21.7N, 108.7W, 100,  955,   90,   90,   60,   90,   45,   35,   25,   35,   25,   20,   15,   25, -999
20060901, 1800,  , HU, 22.4N, 108.9W,  95,  958,   75,   60,   30,   30,   40,   30,   20,   20,   20,   20,   15,   15, -999
20060902, 0000,  , HU, 23.2N, 109.2W,  95,  958,   75,   60,   30,   30,   40,   30,   20,   20,   20,   20,   15,   15, -999
20060902, 0200, L, HU, 23.3N, 109.4W,  95,  958, -999, -999, -999, -999, -999, -999, -999, -999, -999, -999, -999, -999, -999
20060902, 0600,  , HU, 23.8N, 109.9W,  85,  962,   75,   60,   25,   30,   40,   30,   15,   20,   20,   20,    0,   15, -999
20060902, 1200,  , HU, 24.2N, 110.5W,  70,  975,   75,   60,   25,   30,   40,   30,   15,   20,   20,   20,    0,   15, -999
20060902, 1800,  , TS, 24.8N, 111.0W,  60,  985,   75,   60,   25,   30,   40,   30,   15,   20,    0,    0,    0,    0, -999
20060903, 0000,  , TS, 25.4N, 111.4W,  50,  988,   75,   60,   25,   30,   40,   30,   15,   20,    0,    0,    0,    0, -999
20060903, 0600,  , TS, 26.0N, 111.8W,  45,  990,   75,   75,   25,   30,    0,    0,    0,    0,    0,    0,    0,    0, -999
20060903, 1200,  , TS, 26.7N, 112.3W,  40,  992,   75,   75,   25,   30,    0,    0,    0,    0,    0,    0,    0,    0, -999
20060903, 1800,  , TS, 27.4N, 112.5W,  35,  996,   60,   60,   20,   20,    0,    0,    0,    0,    0,    0,    0,    0, -999
20060904, 0000,  , TD, 27.9N, 112.9W,  30, 1002,    0,    0,    0,    0,    0,    0,    0,    0,    0,    0,    0,    0, -999
20060904, 0600,  , TD, 28.4N, 113.1W,  25, 1004,    0,    0,    0,    0,    0,    0,    0,    0,    0,    0,    0,    0, -999
20060904, 1200,  , TD, 28.9N, 113.2W,  25, 1004,    0,    0,    0,    0,    0,    0,    0,    0,    0,    0,    0,    0, -999
EP122006,             KRISTY,     42,
20060830, 0000,  , TD, 16.0N, 114.0W,  30, 1007,    0,    0,    0,    0,    0,    0,    0,    0,    0,    0,    0,    0, -999
20060830, 0600,  , TS, 16.3N, 114.4W,  35, 1005,   20,    0,   20,   30,    0,    0,    0,    0,    0,    0,    0,    0, -999
20060830, 1200,  , TS, 16.5N, 114.9W,  50, 1000,   50,   40,   40,   50,   20,   20,   20,   20,    0,    0,    0,    0, -999
20060830, 1800,  , TS, 16.7N, 115.2W,  55,  994,   50,   40,   40,   50,   25,   25,   25,   25,    0,    0,    0,    0, -999
20060831, 0000,  , TS, 17.0N, 115.5W,  60,  990,   45,   45,   45,   45,   30,   30,   30,   30,    0,    0,    0,    0, -999
20060831, 0600,  , HU, 17.4N, 115.9W,  65,  987,   50,   50,   50,   50,   30,   30,   30,   30,   15,   15,    0,   15, -999
20060831, 1200,  , HU, 17.8N, 116.4W,  70,  985,   60,   60,   60,   60,   30,   30,   30,   30,   15,   15,    0,   15, -999
20060831, 1800,  , HU, 18.2N, 116.9W,  65,  987,   60,   60,   30,   40,   30,   30,   10,   25,   15,   15,    0,   15, -999
20060901, 0000,  , HU, 18.7N, 117.4W,  65,  990,   55,   55,   30,   40,   30,   30,   20,   25,   15,   15,   10,   15, -999
20060901, 0600,  , TS, 19.0N, 117.9W,  60,  992,   45,   45,   35,   40,   20,   20,   15,   20,    0,    0,    0,    0, -999
20060901, 1200,  , TS, 19.0N, 118.2W,  50,  995,   40,   40,   30,   40,   15,   15,   15,   15,    0,    0,    0,    0, -999
20060901, 1800,  , TS, 19.0N, 118.6W,  45,  998,   40,   40,   30,   40,    0,    0,    0,    0,    0,    0,    0,    0, -999
20060902, 0000,  , TS, 19.0N, 118.7W,  40, 1003,   40,   40,   30,   40,    0,    0,    0,    0,    0,    0,    0,    0, -999
20060902, 0600,  , TS, 18.9N, 118.8W,  35, 1004,   35,   35,   35,   35,    0,    0,    0,    0,    0,    0,    0,    0, -999
20060902, 1200,  , TS, 18.7N, 118.8W,  35, 1005,   30,   30,   30,   30,    0,    0,    0,    0,    0,    0,    0,    0, -999
20060902, 1800,  , TD, 18.4N, 118.7W,  30, 1007,    0,    0,    0,    0,    0,    0,    0,    0,    0,    0,    0,    0, -999
20060903, 0000,  , TD, 18.3N, 118.5W,  30, 1009,    0,    0,    0,    0,    0,    0,    0,    0,    0,    0,    0,    0, -999
20060903, 0600,  , TD, 18.2N, 118.3W,  30, 1009,    0,    0,    0,    0,    0,    0,    0,    0,    0,    0,    0,    0, -999
20060903, 1200,  , TD, 18.1N, 118.1W,  30, 1009,    0,    0,    0,    0,    0,    0,    0,    0,    0,    0,    0,    0, -999
20060903, 1800,  , TS, 17.8N, 118.1W,  35, 1005,    0,   45,   45,   45,    0,    0,    0,    0,    0,    0,    0,    0, -999
20060904, 0000,  , TS, 17.7N, 118.3W,  35, 1006,   30,   30,   30,   30,    0,    0,    0,    0,    0,    0,    0,    0, -999
20060904, 0600,  , TD, 17.1N, 118.3W,  30, 1007,    0,    0,    0,    0,    0,    0,    0,    0,    0,    0,    0,    0, -999
20060904, 1200,  , TD, 16.8N, 118.7W,  30, 1007,    0,    0,    0,    0,    0,    0,    0,    0,    0,    0,    0,    0, -999
20060904, 1800,  , TD, 16.4N, 119.1W,  30, 1007,    0,    0,    0,    0,    0,    0,    0,    0,    0,    0,    0,    0, -999
20060905, 0000,  , TD, 16.2N, 119.5W,  30, 1007,    0,    0,    0,    0,    0,    0,    0,    0,    0,    0,    0,    0, -999
20060905, 0600,  , TD, 16.2N, 120.2W,  30, 1007,    0,    0,    0,    0,    0,    0,    0,    0,    0,    0,    0,    0, -999
20060905, 1200,  , TS, 16.3N, 121.1W,  35, 1005,   30,    0,   30,   30,    0,    0,    0,    0,    0,    0,    0,    0, -999
20060905, 1800,  , TS, 16.5N, 122.3W,  35, 1003,   30,   30,   45,   60,    0,    0,    0,    0,    0,    0,    0,    0, -999
20060906, 0000,  , TS, 16.5N, 123.5W,  35, 1004,   30,   30,   45,   60,    0,    0,    0,    0,    0,    0,    0,    0, -999
20060906, 0600,  , TS, 16.5N, 124.8W,  35, 1005,   30,   50,   30,   40,    0,    0,    0,    0,    0,    0,    0,    0, -999
20060906, 1200,  , TD, 16.5N, 126.1W,  30, 1007,    0,    0,    0,    0,    0,    0,    0,    0,    0,    0,    0,    0, -999
20060906, 1800,  , TD, 16.5N, 127.3W,  30, 1007,    0,    0,    0,    0,    0,    0,    0,    0,    0,    0,    0,    0, -999
20060907, 0000,  , TD, 16.4N, 128.2W,  30, 1007,    0,    0,    0,    0,    0,    0,    0,    0,    0,    0,    0,    0, -999
20060907, 0600,  , TD, 16.3N, 129.0W,  25, 1008,    0,    0,    0,    0,    0,    0,    0,    0,    0,    0,    0,    0, -999
20060907, 1200,  , TD, 16.2N, 129.6W,  25, 1009,    0,    0,    0,    0,    0,    0,    0,    0,    0,    0,    0,    0, -999
20060907, 1800,  , TD, 16.0N, 130.1W,  25, 1009,    0,    0,    0,    0,    0,    0,    0,    0,    0,    0,    0,    0, -999
20060908, 0000,  , TD, 15.5N, 130.9W,  25, 1009,    0,    0,    0,    0,    0,    0,    0,    0,    0,    0,    0,    0, -999
20060908, 0600,  , LO, 15.2N, 131.4W,  20, 1009,    0,    0,    0,    0,    0,    0,    0,    0,    0,    0,    0,    0, -999
20060908, 1200,  , LO, 15.0N, 131.8W,  20, 1009,    0,    0,    0,    0,    0,    0,    0,    0,    0,    0,    0,    0, -999
20060908, 1800,  , LO, 15.0N, 131.9W,  20, 1009,    0,    0,    0,    0,    0,    0,    0,    0,    0,    0,    0,    0, -999
20060909, 0000,  , LO, 15.0N, 132.0W,  20, 1009,    0,    0,    0,    0,    0,    0,    0,    0,    0,    0,    0,    0, -999
20060909, 0600,  , LO, 15.0N, 132.5W,  20, 1009,    0,    0,    0,    0,    0,    0,    0,    0,    0,    0,    0,    0, -999
EP132006,               LANE,     17,
20060913, 1800,  , TD, 15.7N, 101.0W,  30, 1006,    0,    0,    0,    0,    0,    0,    0,    0,    0,    0,    0,    0, -999
20060914, 0000,  , TD, 16.2N, 101.7W,  30, 1005,    0,    0,    0,    0,    0,    0,    0,    0,    0,    0,    0,    0, -999
20060914, 0600,  , TS, 16.7N, 102.6W,  35, 1000,   60,   75,  120,  120,    0,    0,    0,    0,    0,    0,    0,    0, -999
20060914, 1200,  , TS, 17.2N, 103.6W,  40,  999,   75,   75,  120,   90,    0,    0,    0,    0,    0,    0,    0,    0, -999
20060914, 1800,  , TS, 17.6N, 104.4W,  45,  997,   75,   75,  120,   60,    0,    0,    0,    0,    0,    0,    0,    0, -999
20060915, 0000,  , TS, 18.0N, 105.0W,  50,  997,   75,   90,  120,   60,   20,   20,   20,   20,    0,    0,    0,    0, -999
20060915, 0600,  , TS, 18.5N, 105.6W,  55,  994,   75,   75,   90,   60,   25,   25,   25,   25,    0,    0,    0,    0, -999
20060915, 1200,  , HU, 19.3N, 106.0W,  65,  987,   75,   75,   90,   60,   30,   30,   30,   30,   20,    0,    0,    0, -999
20060915, 1800,  , HU, 20.3N, 106.3W,  75,  985,   75,   75,   75,   60,   30,   30,   30,   30,   20,    0,    0,    0, -999
20060916, 0000,  , HU, 21.3N, 106.6W,  90,  975,  100,  100,  100,   75,   45,   45,   45,   45,   25,   25,   25,   25, -999
20060916, 0600,  , HU, 22.2N, 106.9W, 100,  960,  100,  100,  100,   75,   50,   50,   50,   45,   25,   25,   25,   25, -999
20060916, 1200,  , HU, 23.1N, 107.1W, 110,  952,  100,  100,  100,   75,   50,   50,   50,   45,   25,   25,   25,   25, -999
20060916, 1800,  , HU, 24.0N, 107.2W, 110,  954,   90,  100,  100,   75,   45,   45,   45,   40,   20,   20,   20,   20, -999
20060916, 1915, L, HU, 24.1N, 107.2W, 110,  954, -999, -999, -999, -999, -999, -999, -999, -999, -999, -999, -999, -999, -999
20060917, 0000,  , HU, 24.7N, 107.3W,  65,  978,   75,   75,   75,   50,   30,   30,   30,   30,   15,   15,   15,   15, -999
20060917, 0600,  , TS, 25.4N, 107.4W,  35,  990,   40,   75,   75,   20,    0,    0,    0,    0,    0,    0,    0,    0, -999
20060917, 1200,  , TD, 26.0N, 107.5W,  25, 1005,    0,    0,    0,    0,    0,    0,    0,    0,    0,    0,    0,    0, -999
EP142006,             MIRIAM,     22,
20060916, 0000,  , TD, 17.3N, 115.0W,  25, 1006,    0,    0,    0,    0,    0,    0,    0,    0,    0,    0,    0,    0, -999
20060916, 0600,  , TD, 17.4N, 114.7W,  30, 1004,    0,    0,    0,    0,    0,    0,    0,    0,    0,    0,    0,    0, -999
20060916, 1200,  , TS, 17.7N, 114.4W,  35, 1003,    0,   60,    0,    0,    0,    0,    0,    0,    0,    0,    0,    0, -999
20060916, 1800,  , TS, 18.1N, 114.2W,  35, 1001,    0,   60,   60,    0,    0,    0,    0,    0,    0,    0,    0,    0, -999
20060917, 0000,  , TS, 18.5N, 114.1W,  40,  999,    0,   60,   60,    0,    0,    0,    0,    0,    0,    0,    0,    0, -999
20060917, 0600,  , TS, 18.7N, 114.0W,  40,  999,    0,   75,   75,    0,    0,    0,    0,    0,    0,    0,    0,    0, -999
20060917, 1200,  , TS, 18.9N, 113.9W,  40, 1000,    0,   75,   75,    0,    0,    0,    0,    0,    0,    0,    0,    0, -999
20060917, 1800,  , TS, 19.0N, 113.8W,  35, 1001,    0,   75,   75,    0,    0,    0,    0,    0,    0,    0,    0,    0, -999
20060918, 0000,  , TS, 19.1N, 113.7W,  35, 1001,    0,   75,    0,    0,    0,    0,    0,    0,    0,    0,    0,    0, -999
20060918, 0600,  , TD, 19.5N, 113.6W,  30, 1002,    0,    0,    0,    0,    0,    0,    0,    0,    0,    0,    0,    0, -999
20060918, 1200,  , LO, 19.9N, 113.6W,  25, 1003,    0,    0,    0,    0,    0,    0,    0,    0,    0,    0,    0,    0, -999
20060918, 1800,  , LO, 20.3N, 113.7W,  25, 1004,    0,    0,    0,    0,    0,    0,    0,    0,    0,    0,    0,    0, -999
20060919, 0000,  , LO, 20.7N, 113.9W,  25, 1005,    0,    0,    0,    0,    0,    0,    0,    0,    0,    0,    0,    0, -999
20060919, 0600,  , LO, 21.2N, 114.2W,  25, 1005,    0,    0,    0,    0,    0,    0,    0,    0,    0,    0,    0,    0, -999
20060919, 1200,  , LO, 21.8N, 114.6W,  25, 1006,    0,    0,    0,    0,    0,    0,    0,    0,    0,    0,    0,    0, -999
20060919, 1800,  , LO, 22.5N, 114.8W,  25, 1007,    0,    0,    0,    0,    0,    0,    0,    0,    0,    0,    0,    0, -999
20060920, 0000,  , LO, 23.2N, 114.9W,  25, 1007,    0,    0,    0,    0,    0,    0,    0,    0,    0,    0,    0,    0, -999
20060920, 0600,  , LO, 23.6N, 114.6W,  25, 1007,    0,    0,    0,    0,    0,    0,    0,    0,    0,    0,    0,    0, -999
20060920, 1200,  , LO, 24.0N, 114.3W,  25, 1007,    0,    0,    0,    0,    0,    0,    0,    0,    0,    0,    0,    0, -999
20060920, 1800,  , LO, 24.3N, 113.8W,  20, 1007,    0,    0,    0,    0,    0,    0,    0,    0,    0,    0,    0,    0, -999
20060921, 0000,  , LO, 24.4N, 113.2W,  20, 1008,    0,    0,    0,    0,    0,    0,    0,    0,    0,    0,    0,    0, -999
20060921, 0600,  , LO, 24.4N, 112.6W,  20, 1009,    0,    0,    0,    0,    0,    0,    0,    0,    0,    0,    0,    0, -999
CP022006,                TWO,     38,
20060914, 1200,  , DB, 10.6N, 145.3W,  20, 1009,    0,    0,    0,    0,    0,    0,    0,    0,    0,    0,    0,    0, -999
20060914, 1800,  , DB, 10.7N, 146.0W,  20, 1009,    0,    0,    0,    0,    0,    0,    0,    0,    0,    0,    0,    0, -999
20060915, 0000,  , DB, 10.9N, 146.6W,  20, 1009,    0,    0,    0,    0,    0,    0,    0,    0,    0,    0,    0,    0, -999
20060915, 0600,  , DB, 11.4N, 147.2W,  20, 1009,    0,    0,    0,    0,    0,    0,    0,    0,    0,    0,    0,    0, -999
20060915, 1200,  , DB, 11.8N, 147.5W,  25, 1008,    0,    0,    0,    0,    0,    0,    0,    0,    0,    0,    0,    0, -999
20060915, 1800,  , DB, 11.9N, 147.6W,  25, 1008,    0,    0,    0,    0,    0,    0,    0,    0,    0,    0,    0,    0, -999
20060916, 0000,  , DB, 11.8N, 147.7W,  25, 1008,    0,    0,    0,    0,    0,    0,    0,    0,    0,    0,    0,    0, -999
20060916, 0600,  , DB, 11.4N, 147.8W,  25, 1008,    0,    0,    0,    0,    0,    0,    0,    0,    0,    0,    0,    0, -999
20060916, 1200,  , DB, 10.8N, 147.9W,  25, 1008,    0,    0,    0,    0,    0,    0,    0,    0,    0,    0,    0,    0, -999
20060916, 1800,  , DB, 10.3N, 148.5W,  25, 1008,    0,    0,    0,    0,    0,    0,    0,    0,    0,    0,    0,    0, -999
20060917, 0000,  , DB, 10.1N, 149.3W,  25, 1008,    0,    0,    0,    0,    0,    0,    0,    0,    0,    0,    0,    0, -999
20060917, 0600,  , DB, 10.0N, 149.9W,  25, 1008,    0,    0,    0,    0,    0,    0,    0,    0,    0,    0,    0,    0, -999
20060917, 1200,  , DB, 10.0N, 150.7W,  25, 1008,    0,    0,    0,    0,    0,    0,    0,    0,    0,    0,    0,    0, -999
20060917, 1800,  , DB,  9.9N, 151.6W,  20, 1009,    0,    0,    0,    0,    0,    0,    0,    0,    0,    0,    0,    0, -999
20060918, 0000,  , DB,  9.8N, 152.3W,  20, 1009,    0,    0,    0,    0,    0,    0,    0,    0,    0,    0,    0,    0, -999
20060918, 0600,  , DB,  9.7N, 153.0W,  20, 1009,    0,    0,    0,    0,    0,    0,    0,    0,    0,    0,    0,    0, -999
20060918, 1200,  , DB,  9.7N, 153.9W,  25, 1008,    0,    0,    0,    0,    0,    0,    0,    0,    0,    0,    0,    0, -999
20060918, 1800,  , DB,  9.8N, 155.1W,  25, 1007,    0,    0,    0,    0,    0,    0,    0,    0,    0,    0,    0,    0, -999
20060919, 0000,  , TD,  9.9N, 156.6W,  25, 1007,    0,    0,    0,    0,    0,    0,    0,    0,    0,    0,    0,    0, -999
20060919, 0600,  , TD,  9.9N, 157.5W,  30, 1007,    0,    0,    0,    0,    0,    0,    0,    0,    0,    0,    0,    0, -999
20060919, 1200,  , TD,  9.9N, 158.4W,  30, 1007,    0,    0,    0,    0,    0,    0,    0,    0,    0,    0,    0,    0, -999
20060919, 1800,  , TD, 10.1N, 160.0W,  30, 1007,    0,    0,    0,    0,    0,    0,    0,    0,    0,    0,    0,    0, -999
20060920, 0000,  , TD, 10.3N, 161.2W,  30, 1007,    0,    0,    0,    0,    0,    0,    0,    0,    0,    0,    0,    0, -999
20060920, 0600,  , TD, 10.6N, 162.3W,  30, 1007,    0,    0,    0,    0,    0,    0,    0,    0,    0,    0,    0,    0, -999
20060920, 1200,  , TD, 10.9N, 163.6W,  25, 1008,    0,    0,    0,    0,    0,    0,    0,    0,    0,    0,    0,    0, -999
20060920, 1800,  , TD, 11.2N, 165.0W,  25, 1008,    0,    0,    0,    0,    0,    0,    0,    0,    0,    0,    0,    0, -999
20060921, 0000,  , DB, 11.9N, 166.4W,  20, 1009,    0,    0,    0,    0,    0,    0,    0,    0,    0,    0,    0,    0, -999
20060921, 0600,  , DB, 12.4N, 168.0W,  20, 1009,    0,    0,    0,    0,    0,    0,    0,    0,    0,    0,    0,    0, -999
20060921, 1200,  , DB, 12.8N, 169.4W,  20, 1011,    0,    0,    0,    0,    0,    0,    0,    0,    0,    0,    0,    0, -999
20060921, 1800,  , DB, 13.0N, 171.1W,  20, 1011,    0,    0,    0,    0,    0,    0,    0,    0,    0,    0,    0,    0, -999
20060922, 0000,  , DB, 13.0N, 172.4W,  20, 1011,    0,    0,    0,    0,    0,    0,    0,    0,    0,    0,    0,    0, -999
20060922, 0600,  , DB, 13.2N, 173.5W,  20, 1010,    0,    0,    0,    0,    0,    0,    0,    0,    0,    0,    0,    0, -999
20060922, 1200,  , DB, 13.3N, 174.5W,  20, 1010,    0,    0,    0,    0,    0,    0,    0,    0,    0,    0,    0,    0, -999
20060922, 1800,  , DB, 13.1N, 175.4W,  20, 1010,    0,    0,    0,    0,    0,    0,    0,    0,    0,    0,    0,    0, -999
20060923, 0000,  , DB, 12.9N, 176.4W,  20, 1010,    0,    0,    0,    0,    0,    0,    0,    0,    0,    0,    0,    0, -999
20060923, 0600,  , DB, 12.8N, 177.5W,  20, 1010,    0,    0,    0,    0,    0,    0,    0,    0,    0,    0,    0,    0, -999
20060923, 1200,  , DB, 12.6N, 178.4W,  20, 1010,    0,    0,    0,    0,    0,    0,    0,    0,    0,    0,    0,    0, -999
20060923, 1800,  , DB, 12.4N, 179.6W,  20, 1010,    0,    0,    0,    0,    0,    0,    0,    0,    0,    0,    0,    0, -999
CP032006,              THREE,     10,
20060925, 0000,  , DB, 10.0N, 172.9W,  15, 1009,    0,    0,    0,    0,    0,    0,    0,    0,    0,    0,    0,    0, -999
20060925, 0600,  , DB, 10.2N, 173.9W,  15, 1009,    0,    0,    0,    0,    0,    0,    0,    0,    0,    0,    0,    0, -999
20060925, 1200,  , DB, 10.3N, 174.8W,  15, 1009,    0,    0,    0,    0,    0,    0,    0,    0,    0,    0,    0,    0, -999
20060925, 1800,  , DB, 10.4N, 175.7W,  15, 1009,    0,    0,    0,    0,    0,    0,    0,    0,    0,    0,    0,    0, -999
20060926, 0000,  , DB, 10.5N, 176.3W,  15, 1009,    0,    0,    0,    0,    0,    0,    0,    0,    0,    0,    0,    0, -999
20060926, 0600,  , DB, 10.7N, 176.8W,  20, 1009,    0,    0,    0,    0,    0,    0,    0,    0,    0,    0,    0,    0, -999
20060926, 1200,  , DB, 10.9N, 177.2W,  25, 1009,    0,    0,    0,    0,    0,    0,    0,    0,    0,    0,    0,    0, -999
20060926, 1800,  , TD, 11.2N, 177.8W,  30, 1008,    0,    0,    0,    0,    0,    0,    0,    0,    0,    0,    0,    0, -999
20060927, 0000,  , TD, 11.5N, 178.4W,  30, 1008,    0,    0,    0,    0,    0,    0,    0,    0,    0,    0,    0,    0, -999
20060927, 0600,  , TD, 11.8N, 179.3W,  25, 1009,    0,    0,    0,    0,    0,    0,    0,    0,    0,    0,    0,    0, -999
EP152006,             NORMAN,     28,
20061009, 0000,  , TD, 14.2N, 117.2W,  30, 1006,    0,    0,    0,    0,    0,    0,    0,    0,    0,    0,    0,    0, -999
20061009, 0600,  , TD, 14.8N, 117.5W,  30, 1006,    0,    0,    0,    0,    0,    0,    0,    0,    0,    0,    0,    0, -999
20061009, 1200,  , TS, 15.4N, 117.7W,  35, 1004,   60,    0,    0,    0,    0,    0,    0,    0,    0,    0,    0,    0, -999
20061009, 1800,  , TS, 15.9N, 117.8W,  40, 1002,   60,   40,    0,   30,    0,    0,    0,    0,    0,    0,    0,    0, -999
20061010, 0000,  , TS, 16.2N, 117.9W,  45, 1000,   60,   40,    0,   30,    0,    0,    0,    0,    0,    0,    0,    0, -999
20061010, 0600,  , TS, 16.4N, 118.0W,  40, 1002,   60,   40,    0,   30,    0,    0,    0,    0,    0,    0,    0,    0, -999
20061010, 1200,  , TS, 16.5N, 118.1W,  35, 1003,   50,   30,    0,   30,    0,    0,    0,    0,    0,    0,    0,    0, -999
20061010, 1800,  , TD, 16.6N, 117.9W,  30, 1004,    0,    0,    0,    0,    0,    0,    0,    0,    0,    0,    0,    0, -999
20061011, 0000,  , TD, 16.7N, 117.3W,  30, 1005,    0,    0,    0,    0,    0,    0,    0,    0,    0,    0,    0,    0, -999
20061011, 0600,  , TD, 16.7N, 116.4W,  25, 1006,    0,    0,    0,    0,    0,    0,    0,    0,    0,    0,    0,    0, -999
20061011, 1200,  , TD, 16.8N, 115.7W,  25, 1006,    0,    0,    0,    0,    0,    0,    0,    0,    0,    0,    0,    0, -999
20061011, 1800,  , LO, 17.0N, 115.2W,  25, 1006,    0,    0,    0,    0,    0,    0,    0,    0,    0,    0,    0,    0, -999
20061012, 0000,  , LO, 16.9N, 114.6W,  25, 1006,    0,    0,    0,    0,    0,    0,    0,    0,    0,    0,    0,    0, -999
20061012, 0600,  , LO, 16.5N, 114.0W,  25, 1006,    0,    0,    0,    0,    0,    0,    0,    0,    0,    0,    0,    0, -999
20061012, 1200,  , LO, 16.2N, 113.3W,  25, 1006,    0,    0,    0,    0,    0,    0,    0,    0,    0,    0,    0,    0, -999
20061012, 1800,  , LO, 15.9N, 112.6W,  25, 1006,    0,    0,    0,    0,    0,    0,    0,    0,    0,    0,    0,    0, -999
20061013, 0000,  , LO, 15.7N, 112.2W,  25, 1006,    0,    0,    0,    0,    0,    0,    0,    0,    0,    0,    0,    0, -999
20061013, 0600,  , LO, 15.4N, 111.9W,  25, 1006,    0,    0,    0,    0,    0,    0,    0,    0,    0,    0,    0,    0, -999
20061013, 1200,  , LO, 15.1N, 111.4W,  30, 1005,    0,    0,    0,    0,    0,    0,    0,    0,    0,    0,    0,    0, -999
20061013, 1800,  , LO, 14.8N, 110.6W,  30, 1005,    0,    0,    0,    0,    0,    0,    0,    0,    0,    0,    0,    0, -999
20061014, 0000,  , LO, 14.7N, 109.7W,  30, 1005,    0,    0,    0,    0,    0,    0,    0,    0,    0,    0,    0,    0, -999
20061014, 0600,  , LO, 14.5N, 108.0W,  30, 1005,    0,    0,    0,    0,    0,    0,    0,    0,    0,    0,    0,    0, -999
20061014, 1200,  , LO, 14.5N, 105.9W,  30, 1005,    0,    0,    0,    0,    0,    0,    0,    0,    0,    0,    0,    0, -999
20061014, 1800,  , LO, 15.3N, 104.3W,  30, 1004,    0,    0,    0,    0,    0,    0,    0,    0,    0,    0,    0,    0, -999
20061015, 0000,  , TD, 16.4N, 103.6W,  30, 1002,    0,    0,    0,    0,    0,    0,    0,    0,    0,    0,    0,    0, -999
20061015, 0600,  , TD, 17.6N, 103.6W,  30, 1001,    0,    0,    0,    0,    0,    0,    0,    0,    0,    0,    0,    0, -999
20061015, 1200,  , TD, 18.2N, 104.1W,  30, 1001,    0,    0,    0,    0,    0,    0,    0,    0,    0,    0,    0,    0, -999
20061015, 1800,  , TD, 18.8N, 104.6W,  30, 1000,    0,    0,    0,    0,    0,    0,    0,    0,    0,    0,    0,    0, -999
EP162006,             OLIVIA,     21,
20061009, 1800,  , TD, 12.8N, 127.7W,  30, 1005,    0,    0,    0,    0,    0,    0,    0,    0,    0,    0,    0,    0, -999
20061010, 0000,  , TD, 13.3N, 127.7W,  30, 1005,    0,    0,    0,    0,    0,    0,    0,    0,    0,    0,    0,    0, -999
20061010, 0600,  , TS, 13.9N, 127.7W,  35, 1003,   60,   40,    0,   60,    0,    0,    0,    0,    0,    0,    0,    0, -999
20061010, 1200,  , TS, 14.5N, 127.3W,  40, 1001,   70,   50,    0,   70,    0,    0,    0,    0,    0,    0,    0,    0, -999
20061010, 1800,  , TS, 15.4N, 126.5W,  40, 1000,   80,   65,    0,   80,    0,    0,    0,    0,    0,    0,    0,    0, -999
20061011, 0000,  , TS, 16.2N, 125.7W,  40, 1001,   70,   60,    0,   70,    0,    0,    0,    0,    0,    0,    0,    0, -999
20061011, 0600,  , TS, 16.6N, 125.3W,  35, 1003,   60,   50,    0,   60,    0,    0,    0,    0,    0,    0,    0,    0, -999
20061011, 1200,  , TD, 16.8N, 124.7W,  30, 1004,    0,    0,    0,    0,    0,    0,    0,    0,    0,    0,    0,    0, -999
20061011, 1800,  , TD, 17.1N, 123.9W,  30, 1005,    0,    0,    0,    0,    0,    0,    0,    0,    0,    0,    0,    0, -999
20061012, 0000,  , TD, 17.3N, 123.1W,  30, 1006,    0,    0,    0,    0,    0,    0,    0,    0,    0,    0,    0,    0, -999
20061012, 0600,  , TD, 17.5N, 122.3W,  25, 1007,    0,    0,    0,    0,    0,    0,    0,    0,    0,    0,    0,    0, -999
20061012, 1200,  , TD, 17.6N, 121.5W,  25, 1007,    0,    0,    0,    0,    0,    0,    0,    0,    0,    0,    0,    0, -999
20061012, 1800,  , TD, 17.6N, 120.6W,  25, 1008,    0,    0,    0,    0,    0,    0,    0,    0,    0,    0,    0,    0, -999
20061013, 0000,  , LO, 17.3N, 119.9W,  25, 1008,    0,    0,    0,    0,    0,    0,    0,    0,    0,    0,    0,    0, -999
20061013, 0600,  , LO, 17.1N, 119.3W,  25, 1008,    0,    0,    0,    0,    0,    0,    0,    0,    0,    0,    0,    0, -999
20061013, 1200,  , LO, 16.8N, 118.6W,  25, 1008,    0,    0,    0,    0,    0,    0,    0,    0,    0,    0,    0,    0, -999
20061013, 1800,  , LO, 16.5N, 117.8W,  25, 1008,    0,    0,    0,    0,    0,    0,    0,    0,    0,    0,    0,    0, -999
20061014, 0000,  , LO, 16.2N, 116.8W,  25, 1008,    0,    0,    0,    0,    0,    0,    0,    0,    0,    0,    0,    0, -999
20061014, 0600,  , LO, 15.8N, 115.6W,  20, 1009,    0,    0,    0,    0,    0,    0,    0,    0,    0,    0,    0,    0, -999
20061014, 1200,  , LO, 15.3N, 114.4W,  20, 1009,    0,    0,    0,    0,    0,    0,    0,    0,    0,    0,    0,    0, -999
20061014, 1800,  , LO, 14.8N, 113.0W,  20, 1009,    0,    0,    0,    0,    0,    0,    0,    0,    0,    0,    0,    0, -999
CP042006,               FOUR,     37,
20061007, 1800,  , DB, 11.3N, 159.0W,  25, 1009,    0,    0,    0,    0,    0,    0,    0,    0,    0,    0,    0,    0, -999
20061008, 0000,  , DB, 11.3N, 159.4W,  25, 1009,    0,    0,    0,    0,    0,    0,    0,    0,    0,    0,    0,    0, -999
20061008, 0600,  , DB, 11.3N, 159.6W,  25, 1009,    0,    0,    0,    0,    0,    0,    0,    0,    0,    0,    0,    0, -999
20061008, 1200,  , DB, 11.3N, 159.8W,  25, 1009,    0,    0,    0,    0,    0,    0,    0,    0,    0,    0,    0,    0, -999
20061008, 1800,  , DB, 11.2N, 159.9W,  25, 1009,    0,    0,    0,    0,    0,    0,    0,    0,    0,    0,    0,    0, -999
20061009, 0000,  , DB, 11.1N, 160.0W,  25, 1009,    0,    0,    0,    0,    0,    0,    0,    0,    0,    0,    0,    0, -999
20061009, 0600,  , DB, 10.9N, 160.2W,  25, 1009,    0,    0,    0,    0,    0,    0,    0,    0,    0,    0,    0,    0, -999
20061009, 1200,  , DB, 10.6N, 160.3W,  25, 1008,    0,    0,    0,    0,    0,    0,    0,    0,    0,    0,    0,    0, -999
20061009, 1800,  , DB, 10.2N, 160.5W,  25, 1008,    0,    0,    0,    0,    0,    0,    0,    0,    0,    0,    0,    0, -999
20061010, 0000,  , DB,  9.9N, 160.9W,  25, 1008,    0,    0,    0,    0,    0,    0,    0,    0,    0,    0,    0,    0, -999
20061010, 0600,  , DB,  9.4N, 161.1W,  25, 1009,    0,    0,    0,    0,    0,    0,    0,    0,    0,    0,    0,    0, -999
20061010, 1200,  , DB,  9.0N, 161.4W,  25, 1010,    0,    0,    0,    0,    0,    0,    0,    0,    0,    0,    0,    0, -999
20061010, 1800,  , DB,  8.9N, 161.8W,  25, 1010,    0,    0,    0,    0,    0,    0,    0,    0,    0,    0,    0,    0, -999
20061011, 0000,  , DB,  8.8N, 162.2W,  25, 1010,    0,    0,    0,    0,    0,    0,    0,    0,    0,    0,    0,    0, -999
20061011, 0600,  , DB,  8.6N, 162.6W,  25, 1010,    0,    0,    0,    0,    0,    0,    0,    0,    0,    0,    0,    0, -999
20061011, 1200,  , DB,  8.4N, 163.0W,  25, 1010,    0,    0,    0,    0,    0,    0,    0,    0,    0,    0,    0,    0, -999
20061011, 1800,  , DB,  8.4N, 163.6W,  25, 1010,    0,    0,    0,    0,    0,    0,    0,    0,    0,    0,    0,    0, -999
20061012, 0000,  , DB,  8.7N, 164.1W,  25, 1008,    0,    0,    0,    0,    0,    0,    0,    0,    0,    0,    0,    0, -999
20061012, 0600,  , DB,  9.0N, 164.8W,  25, 1008,    0,    0,    0,    0,    0,    0,    0,    0,    0,    0,    0,    0, -999
20061012, 1200,  , DB,  9.3N, 165.8W,  25, 1008,    0,    0,    0,    0,    0,    0,    0,    0,    0,    0,    0,    0, -999
20061012, 1800,  , DB,  9.8N, 166.5W,  25, 1008,    0,    0,    0,    0,    0,    0,    0,    0,    0,    0,    0,    0, -999
20061013, 0000,  , DB, 10.9N, 166.9W,  25, 1008,    0,    0,    0,    0,    0,    0,    0,    0,    0,    0,    0,    0, -999
20061013, 0600,  , DB, 12.0N, 166.9W,  25, 1008,    0,    0,    0,    0,    0,    0,    0,    0,    0,    0,    0,    0, -999
20061013, 1200,  , DB, 12.9N, 166.7W,  25, 1008,    0,    0,    0,    0,    0,    0,    0,    0,    0,    0,    0,    0, -999
20061013, 1800,  , TD, 13.7N, 166.3W,  30, 1007,    0,    0,    0,    0,    0,    0,    0,    0,    0,    0,    0,    0, -999
20061014, 0000,  , TD, 13.8N, 166.0W,  30, 1007,    0,    0,    0,    0,    0,    0,    0,    0,    0,    0,    0,    0, -999
20061014, 0600,  , TD, 13.5N, 165.7W,  30, 1007,    0,    0,    0,    0,    0,    0,    0,    0,    0,    0,    0,    0, -999
20061014, 1200,  , TD, 13.0N, 165.5W,  25, 1007,    0,    0,    0,    0,    0,    0,    0,    0,    0,    0,    0,    0, -999
20061014, 1800,  , DB, 12.3N, 165.7W,  20, 1008,    0,    0,    0,    0,    0,    0,    0,    0,    0,    0,    0,    0, -999
20061015, 0000,  , DB, 11.9N, 165.3W,  20, 1007,    0,    0,    0,    0,    0,    0,    0,    0,    0,    0,    0,    0, -999
20061015, 0600,  , DB, 11.7N, 164.8W,  20, 1007,    0,    0,    0,    0,    0,    0,    0,    0,    0,    0,    0,    0, -999
20061015, 1200,  , DB, 11.8N, 163.8W,  20, 1007,    0,    0,    0,    0,    0,    0,    0,    0,    0,    0,    0,    0, -999
20061015, 1800,  , DB, 12.0N, 162.7W,  20, 1007,    0,    0,    0,    0,    0,    0,    0,    0,    0,    0,    0,    0, -999
20061016, 0000,  , DB, 12.7N, 161.3W,  20, 1007,    0,    0,    0,    0,    0,    0,    0,    0,    0,    0,    0,    0, -999
20061016, 0600,  , DB, 13.3N, 161.0W,  20, 1007,    0,    0,    0,    0,    0,    0,    0,    0,    0,    0,    0,    0, -999
20061016, 1200,  , DB, 14.2N, 160.5W,  20, 1007,    0,    0,    0,    0,    0,    0,    0,    0,    0,    0,    0,    0, -999
20061016, 1800,  , DB, 14.5N, 159.7W,  20, 1007,    0,    0,    0,    0,    0,    0,    0,    0,    0,    0,    0,    0, -999
EP172006,               PAUL,     22,
20061021, 0600,  , TD, 15.7N, 105.6W,  30, 1004,    0,    0,    0,    0,    0,    0,    0,    0,    0,    0,    0,    0, -999
20061021, 1200,  , TS, 15.8N, 106.5W,  35, 1002,   50,   50,   30,   50,    0,    0,    0,    0,    0,    0,    0,    0, -999
20061021, 1800,  , TS, 15.8N, 107.4W,  45, 1000,   50,   50,   30,   50,    0,    0,    0,    0,    0,    0,    0,    0, -999
20061022, 0000,  , TS, 15.8N, 108.1W,  45, 1000,   50,   50,   30,   50,    0,    0,    0,    0,    0,    0,    0,    0, -999
20061022, 0600,  , TS, 15.8N, 108.8W,  45, 1000,   50,   50,   30,   50,    0,    0,    0,    0,    0,    0,    0,    0, -999
20061022, 1200,  , TS, 15.8N, 109.5W,  45, 1000,   50,   50,   30,   50,    0,    0,    0,    0,    0,    0,    0,    0, -999
20061022, 1800,  , TS, 15.8N, 110.2W,  55,  994,   60,   60,   40,   60,   30,   30,   20,   30,    0,    0,    0,    0, -999
20061023, 0000,  , HU, 15.9N, 110.8W,  75,  980,   70,   70,   50,   70,   35,   35,   25,   35,   20,   20,   15,   20, -999
20061023, 0600,  , HU, 16.1N, 111.3W,  85,  973,   80,   80,   55,   80,   40,   40,   25,   40,   20,   20,   20,   20, -999
20061023, 1200,  , HU, 16.3N, 111.4W,  90,  970,   90,   90,   60,   70,   60,   45,   30,   45,   25,   20,   20,   20, -999
20061023, 1800,  , HU, 16.7N, 111.6W,  80,  978,   80,   80,   40,   50,   45,   40,   20,   30,   20,   20,   10,   10, -999
20061024, 0000,  , HU, 17.3N, 111.8W,  75,  979,   80,   80,   40,   50,   45,   30,   15,   30,   20,   15,   10,    0, -999
20061024, 0600,  , HU, 18.0N, 111.9W,  65,  987,   80,   70,   30,   50,   45,   30,   15,   30,   20,   15,    0,    0, -999
20061024, 1200,  , TS, 18.8N, 111.9W,  55,  992,   80,   60,   25,   50,   45,   25,   15,   30,    0,    0,    0,    0, -999
20061024, 1800,  , TS, 19.8N, 111.5W,  45,  998,   80,   50,   10,   25,    0,    0,    0,    0,    0,    0,    0,    0, -999
20061025, 0000,  , TS, 20.8N, 111.0W,  40, 1000,   75,   50,    0,   25,    0,    0,    0,    0,    0,    0,    0,    0, -999
20061025, 0600,  , TS, 21.7N, 110.3W,  40, 1000,   75,   50,    0,   25,    0,    0,    0,    0,    0,    0,    0,    0, -999
20061025, 1200,  , TS, 22.6N, 109.3W,  40, 1001,   60,   50,    0,   25,    0,    0,    0,    0,    0,    0,    0,    0, -999
20061025, 1800,  , TS, 23.7N, 108.1W,  35, 1003,   60,   50,    0,   25,    0,    0,    0,    0,    0,    0,    0,    0, -999
20061026, 0000,  , TD, 24.5N, 108.1W,  25, 1005,    0,    0,    0,    0,    0,    0,    0,    0,    0,    0,    0,    0, -999
20061026, 0400, L, TD, 24.8N, 108.1W,  25, 1007,    0,    0,    0,    0,    0,    0,    0,    0,    0,    0,    0,    0, -999
20061026, 0600,  , LO, 25.0N, 108.1W,  25, 1008,    0,    0,    0,    0,    0,    0,    0,    0,    0,    0,    0,    0, -999
EP182006,           EIGHTEEN,     11,
20061026, 1200,  , TD, 16.7N, 103.9W,  30, 1008,    0,    0,    0,    0,    0,    0,    0,    0,    0,    0,    0,    0, -999
20061026, 1800,  , TD, 16.8N, 104.3W,  30, 1007,    0,    0,    0,    0,    0,    0,    0,    0,    0,    0,    0,    0, -999
20061027, 0000,  , TD, 16.7N, 104.7W,  30, 1007,    0,    0,    0,    0,    0,    0,    0,    0,    0,    0,    0,    0, -999
20061027, 0600,  , TD, 16.4N, 104.8W,  25, 1007,    0,    0,    0,    0,    0,    0,    0,    0,    0,    0,    0,    0, -999
20061027, 1200,  , TD, 16.0N, 105.0W,  25, 1008,    0,    0,    0,    0,    0,    0,    0,    0,    0,    0,    0,    0, -999
20061027, 1800,  , TD, 15.7N, 105.5W,  25, 1009,    0,    0,    0,    0,    0,    0,    0,    0,    0,    0,    0,    0, -999
20061028, 0000,  , LO, 15.8N, 105.8W,  20, 1010,    0,    0,    0,    0,    0,    0,    0,    0,    0,    0,    0,    0, -999
20061028, 0600,  , LO, 15.9N, 106.3W,  20, 1010,    0,    0,    0,    0,    0,    0,    0,    0,    0,    0,    0,    0, -999
20061028, 1200,  , LO, 16.0N, 106.8W,  20, 1010,    0,    0,    0,    0,    0,    0,    0,    0,    0,    0,    0,    0, -999
20061028, 1800,  , LO, 16.0N, 107.7W,  20, 1010,    0,    0,    0,    0,    0,    0,    0,    0,    0,    0,    0,    0, -999
20061029, 0000,  , LO, 16.0N, 108.7W,  20, 1010,    0,    0,    0,    0,    0,    0,    0,    0,    0,    0,    0,    0, -999
EP192006,               ROSA,     11,
20061108, 0600,  , TD, 12.7N, 103.7W,  30, 1006,    0,    0,    0,    0,    0,    0,    0,    0,    0,    0,    0,    0, -999
20061108, 1200,  , TD, 13.3N, 104.1W,  30, 1004,    0,    0,    0,    0,    0,    0,    0,    0,    0,    0,    0,    0, -999
20061108, 1800,  , TD, 13.8N, 104.5W,  30, 1004,    0,    0,    0,    0,    0,    0,    0,    0,    0,    0,    0,    0, -999
20061109, 0000,  , TD, 14.3N, 104.9W,  30, 1004,    0,    0,    0,    0,    0,    0,    0,    0,    0,    0,    0,    0, -999
20061109, 0600,  , TS, 14.8N, 105.2W,  35, 1002,   45,   45,    0,   45,    0,    0,    0,    0,    0,    0,    0,    0, -999
20061109, 1200,  , TS, 15.1N, 105.4W,  35, 1002,   45,   45,    0,   45,    0,    0,    0,    0,    0,    0,    0,    0, -999
20061109, 1800,  , TS, 15.3N, 105.5W,  35, 1002,   45,   45,    0,   45,    0,    0,    0,    0,    0,    0,    0,    0, -999
20061110, 0000,  , TD, 15.5N, 105.6W,  30, 1004,    0,    0,    0,    0,    0,    0,    0,    0,    0,    0,    0,    0, -999
20061110, 0600,  , TD, 15.7N, 105.7W,  25, 1005,    0,    0,    0,    0,    0,    0,    0,    0,    0,    0,    0,    0, -999
20061110, 1200,  , TD, 15.9N, 105.9W,  25, 1006,    0,    0,    0,    0,    0,    0,    0,    0,    0,    0,    0,    0, -999
20061110, 1800,  , TD, 16.0N, 106.3W,  25, 1007,    0,    0,    0,    0,    0,    0,    0,    0,    0,    0,    0,    0, -999
EP202006,             TWENTY,      3,
20061111, 0000,  , TD, 13.1N, 112.3W,  30, 1007,    0,    0,    0,    0,    0,    0,    0,    0,    0,    0,    0,    0, -999
20061111, 0600,  , TD, 12.9N, 113.1W,  30, 1007,    0,    0,    0,    0,    0,    0,    0,    0,    0,    0,    0,    0, -999
20061111, 1200,  , TD, 12.7N, 113.7W,  30, 1007,    0,    0,    0,    0,    0,    0,    0,    0,    0,    0,    0,    0, -999
EP212006,             SERGIO,     29,
20061113, 1800,  , TD, 12.3N, 103.6W,  25, 1009,    0,    0,    0,    0,    0,    0,    0,    0,    0,    0,    0,    0, -999
20061114, 0000,  , TD, 12.7N, 104.0W,  25, 1008,    0,    0,    0,    0,    0,    0,    0,    0,    0,    0,    0,    0, -999
20061114, 0600,  , TD, 12.9N, 104.2W,  30, 1007,    0,    0,    0,    0,    0,    0,    0,    0,    0,    0,    0,    0, -999
20061114, 1200,  , TS, 13.0N, 104.3W,  35, 1006,   25,   25,    0,   25,    0,    0,    0,    0,    0,    0,    0,    0, -999
20061114, 1800,  , TS, 13.0N, 104.5W,  50, 1000,   30,   30,   20,   30,   15,   15,    0,   15,    0,    0,    0,    0, -999
20061115, 0000,  , TS, 12.8N, 104.4W,  55,  994,   40,   40,   40,   40,   20,   20,   20,   20,    0,    0,    0,    0, -999
20061115, 0600,  , TS, 12.6N, 104.3W,  60,  992,   40,   40,   40,   40,   20,   20,   20,   20,    0,    0,    0,    0, -999
20061115, 1200,  , HU, 12.3N, 104.0W,  80,  985,   60,   60,   60,   60,   30,   30,   30,   30,   15,   15,   15,   15, -999
20061115, 1800,  , HU, 12.0N, 103.7W,  95,  965,   80,   80,   80,   80,   40,   40,   40,   40,   20,   20,   20,   20, -999
20061116, 0000,  , HU, 12.1N, 103.3W,  90,  970,   80,   80,   80,   80,   40,   40,   40,   40,   20,   20,   20,   20, -999
20061116, 0600,  , HU, 12.3N, 103.1W,  90,  970,   80,   80,   80,   80,   40,   40,   40,   40,   20,   20,   20,   20, -999
20061116, 1200,  , HU, 12.8N, 102.9W,  85,  975,   80,   80,   80,   80,   40,   40,   40,   40,   20,   20,   20,   20, -999
20061116, 1800,  , HU, 13.2N, 102.8W,  70,  980,   90,  100,   60,   60,   40,   30,   15,   30,   15,   15,    0,   15, -999
20061117, 0000,  , HU, 13.5N, 102.8W,  70,  982,   90,  100,   60,   60,   40,   30,   15,   30,   15,   15,    0,   15, -999
20061117, 0600,  , TS, 13.7N, 102.7W,  60,  988,   90,  100,   60,   60,   45,   30,   15,   30,    0,    0,    0,    0, -999
20061117, 1200,  , TS, 13.8N, 102.6W,  50,  997,   90,  100,   60,   60,   45,   30,   15,   30,    0,    0,    0,    0, -999
20061117, 1800,  , TS, 14.0N, 102.6W,  40, 1002,   60,   60,   45,   45,    0,    0,    0,    0,    0,    0,    0,    0, -999
20061118, 0000,  , TS, 14.3N, 102.9W,  40, 1002,   60,   60,   45,   45,    0,    0,    0,    0,    0,    0,    0,    0, -999
20061118, 0600,  , TS, 14.6N, 103.3W,  45, 1000,   60,   30,   30,   45,    0,    0,    0,    0,    0,    0,    0,    0, -999
20061118, 1200,  , TS, 15.0N, 103.8W,  45, 1000,   60,   30,   30,   45,    0,    0,    0,    0,    0,    0,    0,    0, -999
20061118, 1800,  , TS, 15.3N, 104.4W,  45, 1000,   50,   30,    0,   50,    0,    0,    0,    0,    0,    0,    0,    0, -999
20061119, 0000,  , TS, 15.5N, 104.9W,  40, 1002,   50,   30,    0,   30,    0,    0,    0,    0,    0,    0,    0,    0, -999
20061119, 0600,  , TS, 15.5N, 105.1W,  40, 1002,   50,   30,    0,   30,    0,    0,    0,    0,    0,    0,    0,    0, -999
20061119, 1200,  , TS, 15.4N, 105.4W,  35, 1004,   50,   30,    0,    0,    0,    0,    0,    0,    0,    0,    0,    0, -999
20061119, 1800,  , TS, 15.2N, 105.8W,  35, 1005,   50,   30,    0,    0,    0,    0,    0,    0,    0,    0,    0,    0, -999
20061120, 0000,  , TD, 15.0N, 106.2W,  30, 1005,    0,    0,    0,    0,    0,    0,    0,    0,    0,    0,    0,    0, -999
20061120, 0600,  , TD, 14.9N, 106.5W,  30, 1005,    0,    0,    0,    0,    0,    0,    0,    0,    0,    0,    0,    0, -999
20061120, 1200,  , TD, 14.8N, 106.9W,  30, 1005,    0,    0,    0,    0,    0,    0,    0,    0,    0,    0,    0,    0, -999
20061120, 1800,  , TD, 14.8N, 107.6W,  25, 1006,    0,    0,    0,    0,    0,    0,    0,    0,    0,    0,    0,    0, -999
