EP011999,             ADRIAN,     19,
19990618, 0600,  , TD, 13.5N,  98.2W,  30, 1006, -999, -999, -999, -999, -999, -999, -999, -999, -999, -999, -999, -999, -999
19990618, 1200,  , TD, 13.7N,  99.2W,  30, 1005, -999, -999, -999, -999, -999, -999, -999, -999, -999, -999, -999, -999, -999
19990618, 1800,  , TS, 14.1N, 100.4W,  35, 1004, -999, -999, -999, -999, -999, -999, -999, -999, -999, -999, -999, -999, -999
19990619, 0000,  , TS, 14.6N, 101.8W,  40, 1003, -999, -999, -999, -999, -999, -999, -999, -999, -999, -999, -999, -999, -999
19990619, 0600,  , TS, 15.1N, 103.1W,  50, 1000, -999, -999, -999, -999, -999, -999, -999, -999, -999, -999, -999, -999, -999
19990619, 1200,  , TS, 15.6N, 104.5W,  55,  995, -999, -999, -999, -999, -999, -999, -999, -999, -999, -999, -999, -999, -999
19990619, 1800,  , TS, 16.1N, 105.7W,  60,  990, -999, -999, -999, -999, -999, -999, -999, -999, -999, -999, -999, -999, -999
19990620, 0000,  , HU, 16.7N, 106.8W,  65,  985, -999, -999, -999, -999, -999, -999, -999, -999, -999, -999, -999, -999, -999
19990620, 0600,  , HU, 17.2N, 107.8W,  70,  980, -999, -999, -999, -999, -999, -999, -999, -999, -999, -999, -999, -999, -999
19990620, 1200,  , HU, 17.6N, 108.8W,  75,  976, -999, -999, -999, -999, -999, -999, -999, -999, -999, -999, -999, -999, -999
19990620, 1800,  , HU, 17.8N, 109.7W,  85,  973, -999, -999, -999, -999, -999, -999, -999, -999, -999, -999, -999, -999, -999
19990621, 0000,  , HU, 18.1N, 110.6W,  85,  973, -999, -999, -999, -999, -999, -999, -999, -999, -999, -999, -999, -999, -999
19990621, 0600,  , HU, 18.3N, 111.3W,  80,  977, -999, -999, -999, -999, -999, -999, -999, -999, -999, -999, -999, -999, -999
19990621, 1200,  , HU, 18.5N, 111.7W,  70,  986, -999, -999, -999, -999, -999, -999, -999, -999, -999, -999, -999, -999, -999
19990621, 1800,  , TS, 18.6N, 111.9W,  60,  994, -999, -999, -999, -999, -999, -999, -999, -999, -999, -999, -999, -999, -999
19990622, 0000,  , TS, 18.7N, 112.2W,  45,  998, -999, -999, -999, -999, -999, -999, -999, -999, -999, -999, -999, -999, -999
19990622, 0600,  , TS, 18.7N, 112.6W,  35, 1000, -999, -999, -999, -999, -999, -999, -999, -999, -999, -999, -999, -999, -999
19990622, 1200,  , TD, 18.7N, 112.9W,  30, 1002, -999, -999, -999, -999, -999, -999, -999, -999, -999, -999, -999, -999, -999
19990622, 1800,  , TD, 18.8N, 113.1W,  25, 1004, -999, -999, -999, -999, -999, -999, -999, -999, -999, -999, -999, -999, -999
EP021999,            BEATRIZ,     32,
19990709, 0600,  , TD, 12.9N, 103.0W,  30, 1008, -999, -999, -999, -999, -999, -999, -999, -999, -999, -999, -999, -999, -999
19990709, 1200,  , TS, 13.1N, 103.9W,  35, 1005, -999, -999, -999, -999, -999, -999, -999, -999, -999, -999, -999, -999, -999
19990709, 1800,  , TS, 13.4N, 105.2W,  40, 1002, -999, -999, -999, -999, -999, -999, -999, -999, -999, -999, -999, -999, -999
19990710, 0000,  , TS, 13.8N, 106.7W,  45, 1000, -999, -999, -999, -999, -999, -999, -999, -999, -999, -999, -999, -999, -999
19990710, 0600,  , TS, 14.1N, 108.0W,  45, 1000, -999, -999, -999, -999, -999, -999, -999, -999, -999, -999, -999, -999, -999
19990710, 1200,  , TS, 14.3N, 109.1W,  45, 1000, -999, -999, -999, -999, -999, -999, -999, -999, -999, -999, -999, -999, -999
19990710, 1800,  , TS, 14.4N, 110.2W,  50,  997, -999, -999, -999, -999, -999, -999, -999, -999, -999, -999, -999, -999, -999
19990711, 0000,  , TS, 14.4N, 111.5W,  55,  994, -999, -999, -999, -999, -999, -999, -999, -999, -999, -999, -999, -999, -999
19990711, 0600,  , TS, 14.4N, 112.9W,  60,  990, -999, -999, -999, -999, -999, -999, -999, -999, -999, -999, -999, -999, -999
19990711, 1200,  , HU, 14.3N, 114.2W,  65,  985, -999, -999, -999, -999, -999, -999, -999, -999, -999, -999, -999, -999, -999
19990711, 1800,  , HU, 14.1N, 115.2W,  75,  980, -999, -999, -999, -999, -999, -999, -999, -999, -999, -999, -999, -999, -999
19990712, 0000,  , HU, 14.0N, 116.3W,  85,  975, -999, -999, -999, -999, -999, -999, -999, -999, -999, -999, -999, -999, -999
19990712, 0600,  , HU, 14.0N, 117.4W,  90,  970, -999, -999, -999, -999, -999, -999, -999, -999, -999, -999, -999, -999, -999
19990712, 1200,  , HU, 14.1N, 118.3W,  90,  970, -999, -999, -999, -999, -999, -999, -999, -999, -999, -999, -999, -999, -999
19990712, 1800,  , HU, 14.2N, 119.3W, 100,  960, -999, -999, -999, -999, -999, -999, -999, -999, -999, -999, -999, -999, -999
19990713, 0000,  , HU, 14.5N, 120.3W, 105,  956, -999, -999, -999, -999, -999, -999, -999, -999, -999, -999, -999, -999, -999
19990713, 0600,  , HU, 14.7N, 121.3W, 105,  955, -999, -999, -999, -999, -999, -999, -999, -999, -999, -999, -999, -999, -999
19990713, 1200,  , HU, 15.1N, 122.2W, 105,  956, -999, -999, -999, -999, -999, -999, -999, -999, -999, -999, -999, -999, -999
19990713, 1800,  , HU, 15.4N, 123.0W, 100,  960, -999, -999, -999, -999, -999, -999, -999, -999, -999, -999, -999, -999, -999
19990714, 0000,  , HU, 16.0N, 124.0W, 100,  961, -999, -999, -999, -999, -999, -999, -999, -999, -999, -999, -999, -999, -999
19990714, 0600,  , HU, 16.4N, 124.9W,  95,  965, -999, -999, -999, -999, -999, -999, -999, -999, -999, -999, -999, -999, -999
19990714, 1200,  , HU, 17.0N, 125.7W,  95,  967, -999, -999, -999, -999, -999, -999, -999, -999, -999, -999, -999, -999, -999
19990714, 1800,  , HU, 17.5N, 126.5W,  90,  970, -999, -999, -999, -999, -999, -999, -999, -999, -999, -999, -999, -999, -999
19990715, 0000,  , HU, 17.9N, 127.2W,  85,  975, -999, -999, -999, -999, -999, -999, -999, -999, -999, -999, -999, -999, -999
19990715, 0600,  , HU, 18.4N, 128.0W,  80,  978, -999, -999, -999, -999, -999, -999, -999, -999, -999, -999, -999, -999, -999
19990715, 1200,  , HU, 18.7N, 128.8W,  75,  980, -999, -999, -999, -999, -999, -999, -999, -999, -999, -999, -999, -999, -999
19990715, 1800,  , HU, 19.0N, 129.4W,  65,  987, -999, -999, -999, -999, -999, -999, -999, -999, -999, -999, -999, -999, -999
19990716, 0000,  , TS, 19.3N, 130.4W,  60,  992, -999, -999, -999, -999, -999, -999, -999, -999, -999, -999, -999, -999, -999
19990716, 0600,  , TS, 19.6N, 131.5W,  55,  995, -999, -999, -999, -999, -999, -999, -999, -999, -999, -999, -999, -999, -999
19990716, 1200,  , TS, 19.7N, 132.2W,  45, 1000, -999, -999, -999, -999, -999, -999, -999, -999, -999, -999, -999, -999, -999
19990716, 1800,  , TD, 19.7N, 132.7W,  30, 1004, -999, -999, -999, -999, -999, -999, -999, -999, -999, -999, -999, -999, -999
19990717, 0000,  , TD, 19.8N, 133.8W,  25, 1007, -999, -999, -999, -999, -999, -999, -999, -999, -999, -999, -999, -999, -999
EP031999,            UNNAMED,      7,
19990714, 0600,  , TD, 16.8N, 107.4W,  30, -999, -999, -999, -999, -999, -999, -999, -999, -999, -999, -999, -999, -999, -999
19990714, 1200,  , TD, 17.3N, 109.0W,  30, -999, -999, -999, -999, -999, -999, -999, -999, -999, -999, -999, -999, -999, -999
19990714, 1800,  , TD, 17.7N, 110.4W,  30, -999, -999, -999, -999, -999, -999, -999, -999, -999, -999, -999, -999, -999, -999
19990715, 0000,  , TD, 18.0N, 111.7W,  30, -999, -999, -999, -999, -999, -999, -999, -999, -999, -999, -999, -999, -999, -999
19990715, 0600,  , TD, 17.9N, 113.0W,  25, -999, -999, -999, -999, -999, -999, -999, -999, -999, -999, -999, -999, -999, -999
19990715, 1200,  , TD, 17.7N, 114.1W,  25, -999, -999, -999, -999, -999, -999, -999, -999, -999, -999, -999, -999, -999, -999
19990715, 1800,  , TD, 17.5N, 115.1W,  20, -999, -999, -999, -999, -999, -999, -999, -999, -999, -999, -999, -999, -999, -999
EP041999,            UNNAMED,      9,
19990723, 0000,  , TD, 13.5N, 130.7W,  30, -999, -999, -999, -999, -999, -999, -999, -999, -999, -999, -999, -999, -999, -999
19990723, 0600,  , TD, 13.7N, 132.1W,  30, -999, -999, -999, -999, -999, -999, -999, -999, -999, -999, -999, -999, -999, -999
19990723, 1200,  , TD, 13.8N, 133.4W,  30, -999, -999, -999, -999, -999, -999, -999, -999, -999, -999, -999, -999, -999, -999
19990723, 1800,  , TD, 13.8N, 134.8W,  30, -999, -999, -999, -999, -999, -999, -999, -999, -999, -999, -999, -999, -999, -999
19990724, 0000,  , TD, 13.9N, 136.2W,  30, -999, -999, -999, -999, -999, -999, -999, -999, -999, -999, -999, -999, -999, -999
19990724, 0600,  , TD, 14.0N, 137.9W,  30, -999, -999, -999, -999, -999, -999, -999, -999, -999, -999, -999, -999, -999, -999
19990724, 1200,  , TD, 14.1N, 139.6W,  30, -999, -999, -999, -999, -999, -999, -999, -999, -999, -999, -999, -999, -999, -999
19990724, 1800,  , TD, 14.2N, 141.5W,  30, -999, -999, -999, -999, -999, -999, -999, -999, -999, -999, -999, -999, -999, -999
19990725, 0000,  , TD, 14.4N, 143.7W,  25, -999, -999, -999, -999, -999, -999, -999, -999, -999, -999, -999, -999, -999, -999
EP051999,             CALVIN,      9,
19990725, 0600,  , TD, 14.9N, 115.2W,  30, 1006, -999, -999, -999, -999, -999, -999, -999, -999, -999, -999, -999, -999, -999
19990725, 1200,  , TS, 15.3N, 116.2W,  35, 1005, -999, -999, -999, -999, -999, -999, -999, -999, -999, -999, -999, -999, -999
19990725, 1800,  , TS, 15.7N, 117.2W,  35, 1006, -999, -999, -999, -999, -999, -999, -999, -999, -999, -999, -999, -999, -999
19990726, 0000,  , TS, 16.1N, 118.2W,  35, 1006, -999, -999, -999, -999, -999, -999, -999, -999, -999, -999, -999, -999, -999
19990726, 0600,  , TS, 16.6N, 119.2W,  35, 1006, -999, -999, -999, -999, -999, -999, -999, -999, -999, -999, -999, -999, -999
19990726, 1200,  , TD, 17.0N, 120.3W,  30, 1006, -999, -999, -999, -999, -999, -999, -999, -999, -999, -999, -999, -999, -999
19990726, 1800,  , TD, 17.3N, 121.5W,  30, 1006, -999, -999, -999, -999, -999, -999, -999, -999, -999, -999, -999, -999, -999
19990727, 0000,  , TD, 17.8N, 122.1W,  30, 1006, -999, -999, -999, -999, -999, -999, -999, -999, -999, -999, -999, -999, -999
19990727, 0600,  , TD, 18.5N, 122.6W,  25, 1007, -999, -999, -999, -999, -999, -999, -999, -999, -999, -999, -999, -999, -999
EP061999,            UNNAMED,      6,
19990726, 1800,  , TD, 13.8N, 127.0W,  25, -999, -999, -999, -999, -999, -999, -999, -999, -999, -999, -999, -999, -999, -999
19990727, 0000,  , TD, 14.3N, 127.7W,  30, -999, -999, -999, -999, -999, -999, -999, -999, -999, -999, -999, -999, -999, -999
19990727, 0600,  , TD, 14.7N, 128.3W,  30, -999, -999, -999, -999, -999, -999, -999, -999, -999, -999, -999, -999, -999, -999
19990727, 1200,  , TD, 15.0N, 129.0W,  25, -999, -999, -999, -999, -999, -999, -999, -999, -999, -999, -999, -999, -999, -999
19990727, 1800,  , TD, 15.3N, 129.7W,  25, -999, -999, -999, -999, -999, -999, -999, -999, -999, -999, -999, -999, -999, -999
19990728, 0000,  , TD, 15.6N, 130.5W,  20, -999, -999, -999, -999, -999, -999, -999, -999, -999, -999, -999, -999, -999, -999
EP071999,               DORA,     72,
19990806, 0000,  , TD, 12.1N, 100.9W,  30, 1007, -999, -999, -999, -999, -999, -999, -999, -999, -999, -999, -999, -999, -999
19990806, 0600,  , TD, 12.4N, 102.2W,  30, 1007, -999, -999, -999, -999, -999, -999, -999, -999, -999, -999, -999, -999, -999
19990806, 1200,  , TD, 12.8N, 103.5W,  30, 1007, -999, -999, -999, -999, -999, -999, -999, -999, -999, -999, -999, -999, -999
19990806, 1800,  , TS, 13.2N, 104.9W,  35, 1005, -999, -999, -999, -999, -999, -999, -999, -999, -999, -999, -999, -999, -999
19990807, 0000,  , TS, 13.6N, 106.3W,  40, 1002, -999, -999, -999, -999, -999, -999, -999, -999, -999, -999, -999, -999, -999
19990807, 0600,  , TS, 14.0N, 107.1W,  45,  999, -999, -999, -999, -999, -999, -999, -999, -999, -999, -999, -999, -999, -999
19990807, 1200,  , TS, 14.5N, 108.0W,  45,  997, -999, -999, -999, -999, -999, -999, -999, -999, -999, -999, -999, -999, -999
19990807, 1800,  , TS, 15.0N, 108.8W,  50,  996, -999, -999, -999, -999, -999, -999, -999, -999, -999, -999, -999, -999, -999
19990808, 0000,  , TS, 15.2N, 109.9W,  55,  993, -999, -999, -999, -999, -999, -999, -999, -999, -999, -999, -999, -999, -999
19990808, 0600,  , TS, 15.2N, 111.0W,  60,  989, -999, -999, -999, -999, -999, -999, -999, -999, -999, -999, -999, -999, -999
19990808, 1200,  , HU, 15.1N, 112.0W,  65,  987, -999, -999, -999, -999, -999, -999, -999, -999, -999, -999, -999, -999, -999
19990808, 1800,  , HU, 15.0N, 113.1W,  75,  982, -999, -999, -999, -999, -999, -999, -999, -999, -999, -999, -999, -999, -999
19990809, 0000,  , HU, 14.9N, 114.1W,  85,  974, -999, -999, -999, -999, -999, -999, -999, -999, -999, -999, -999, -999, -999
19990809, 0600,  , HU, 14.8N, 115.0W,  90,  970, -999, -999, -999, -999, -999, -999, -999, -999, -999, -999, -999, -999, -999
19990809, 1200,  , HU, 14.7N, 115.9W,  90,  970, -999, -999, -999, -999, -999, -999, -999, -999, -999, -999, -999, -999, -999
19990809, 1800,  , HU, 14.6N, 116.7W,  95,  967, -999, -999, -999, -999, -999, -999, -999, -999, -999, -999, -999, -999, -999
19990810, 0000,  , HU, 14.5N, 117.5W, 100,  962, -999, -999, -999, -999, -999, -999, -999, -999, -999, -999, -999, -999, -999
19990810, 0600,  , HU, 14.4N, 118.4W, 105,  958, -999, -999, -999, -999, -999, -999, -999, -999, -999, -999, -999, -999, -999
19990810, 1200,  , HU, 14.4N, 119.4W, 110,  954, -999, -999, -999, -999, -999, -999, -999, -999, -999, -999, -999, -999, -999
19990810, 1800,  , HU, 14.4N, 120.5W, 115,  950, -999, -999, -999, -999, -999, -999, -999, -999, -999, -999, -999, -999, -999
19990811, 0000,  , HU, 14.5N, 121.5W, 115,  948, -999, -999, -999, -999, -999, -999, -999, -999, -999, -999, -999, -999, -999
19990811, 0600,  , HU, 14.5N, 122.6W, 115,  948, -999, -999, -999, -999, -999, -999, -999, -999, -999, -999, -999, -999, -999
19990811, 1200,  , HU, 14.6N, 123.8W, 115,  948, -999, -999, -999, -999, -999, -999, -999, -999, -999, -999, -999, -999, -999
19990811, 1800,  , HU, 14.7N, 125.1W, 115,  948, -999, -999, -999, -999, -999, -999, -999, -999, -999, -999, -999, -999, -999
19990812, 0000,  , HU, 14.9N, 126.4W, 120,  943, -999, -999, -999, -999, -999, -999, -999, -999, -999, -999, -999, -999, -999
19990812, 0600,  , HU, 15.0N, 127.8W, 115,  946, -999, -999, -999, -999, -999, -999, -999, -999, -999, -999, -999, -999, -999
19990812, 1200,  , HU, 15.2N, 129.1W, 115,  948, -999, -999, -999, -999, -999, -999, -999, -999, -999, -999, -999, -999, -999
19990812, 1800,  , HU, 15.4N, 130.6W, 120,  945, -999, -999, -999, -999, -999, -999, -999, -999, -999, -999, -999, -999, -999
19990813, 0000,  , HU, 15.5N, 132.3W, 120,  943, -999, -999, -999, -999, -999, -999, -999, -999, -999, -999, -999, -999, -999
19990813, 0600,  , HU, 15.5N, 134.0W, 120,  943, -999, -999, -999, -999, -999, -999, -999, -999, -999, -999, -999, -999, -999
19990813, 1200,  , HU, 15.5N, 135.8W, 115,  946, -999, -999, -999, -999, -999, -999, -999, -999, -999, -999, -999, -999, -999
19990813, 1800,  , HU, 15.5N, 137.7W, 110,  950, -999, -999, -999, -999, -999, -999, -999, -999, -999, -999, -999, -999, -999
19990814, 0000,  , HU, 15.5N, 139.7W, 100,  960, -999, -999, -999, -999, -999, -999, -999, -999, -999, -999, -999, -999, -999
19990814, 0600,  , HU, 15.5N, 141.7W,  75,  975, -999, -999, -999, -999, -999, -999, -999, -999, -999, -999, -999, -999, -999
19990814, 1200,  , HU, 15.4N, 143.5W,  70,  985, -999, -999, -999, -999, -999, -999, -999, -999, -999, -999, -999, -999, -999
19990814, 1800,  , HU, 15.3N, 145.4W,  70,  985, -999, -999, -999, -999, -999, -999, -999, -999, -999, -999, -999, -999, -999
19990815, 0000,  , HU, 15.3N, 147.1W,  70,  985, -999, -999, -999, -999, -999, -999, -999, -999, -999, -999, -999, -999, -999
19990815, 0600,  , HU, 15.4N, 149.0W,  90,  982, -999, -999, -999, -999, -999, -999, -999, -999, -999, -999, -999, -999, -999
19990815, 1200,  , HU, 15.5N, 150.8W,  95,  978, -999, -999, -999, -999, -999, -999, -999, -999, -999, -999, -999, -999, -999
19990815, 1800,  , HU, 15.6N, 152.5W,  95,  970, -999, -999, -999, -999, -999, -999, -999, -999, -999, -999, -999, -999, -999
19990816, 0000,  , HU, 15.7N, 154.2W,  95,  965, -999, -999, -999, -999, -999, -999, -999, -999, -999, -999, -999, -999, -999
19990816, 0600,  , HU, 15.7N, 155.8W, 100,  965, -999, -999, -999, -999, -999, -999, -999, -999, -999, -999, -999, -999, -999
19990816, 1200,  , HU, 15.6N, 157.4W,  90,  972, -999, -999, -999, -999, -999, -999, -999, -999, -999, -999, -999, -999, -999
19990816, 1800,  , HU, 15.5N, 159.1W,  85,  980, -999, -999, -999, -999, -999, -999, -999, -999, -999, -999, -999, -999, -999
19990817, 0000,  , HU, 15.5N, 160.8W,  80,  980, -999, -999, -999, -999, -999, -999, -999, -999, -999, -999, -999, -999, -999
19990817, 0600,  , HU, 15.5N, 162.5W,  75,  985, -999, -999, -999, -999, -999, -999, -999, -999, -999, -999, -999, -999, -999
19990817, 1200,  , HU, 15.5N, 164.2W,  75,  987, -999, -999, -999, -999, -999, -999, -999, -999, -999, -999, -999, -999, -999
19990817, 1800,  , HU, 15.5N, 166.0W,  70,  990, -999, -999, -999, -999, -999, -999, -999, -999, -999, -999, -999, -999, -999
19990818, 0000,  , HU, 15.6N, 167.8W,  65,  992, -999, -999, -999, -999, -999, -999, -999, -999, -999, -999, -999, -999, -999
19990818, 0600,  , HU, 15.7N, 169.6W,  65,  995, -999, -999, -999, -999, -999, -999, -999, -999, -999, -999, -999, -999, -999
19990818, 1200,  , HU, 15.9N, 171.5W,  65,  995, -999, -999, -999, -999, -999, -999, -999, -999, -999, -999, -999, -999, -999
19990818, 1800,  , HU, 16.1N, 173.3W,  65,  995, -999, -999, -999, -999, -999, -999, -999, -999, -999, -999, -999, -999, -999
19990819, 0000,  , HU, 16.3N, 174.9W,  65,  995, -999, -999, -999, -999, -999, -999, -999, -999, -999, -999, -999, -999, -999
19990819, 0600,  , HU, 16.6N, 176.5W,  65,  995, -999, -999, -999, -999, -999, -999, -999, -999, -999, -999, -999, -999, -999
19990819, 1200,  , HU, 16.9N, 177.8W,  65,  995, -999, -999, -999, -999, -999, -999, -999, -999, -999, -999, -999, -999, -999
19990819, 1800,  , HU, 17.3N, 179.2W,  65,  995, -999, -999, -999, -999, -999, -999, -999, -999, -999, -999, -999, -999, -999
19990820, 0000,  , TS, 17.9N, 179.4E,  60,  996, -999, -999, -999, -999, -999, -999, -999, -999, -999, -999, -999, -999, -999
19990820, 0600,  , TS, 18.4N, 178.3E,  50, -999, -999, -999, -999, -999, -999, -999, -999, -999, -999, -999, -999, -999, -999
19990820, 1200,  , TS, 19.0N, 177.5E,  45, -999, -999, -999, -999, -999, -999, -999, -999, -999, -999, -999, -999, -999, -999
19990820, 1800,  , TS, 19.6N, 176.6E,  45, -999, -999, -999, -999, -999, -999, -999, -999, -999, -999, -999, -999, -999, -999
19990821, 0000,  , TS, 20.4N, 175.4E,  45, -999, -999, -999, -999, -999, -999, -999, -999, -999, -999, -999, -999, -999, -999
19990821, 0600,  , TS, 20.9N, 174.4E,  40, -999, -999, -999, -999, -999, -999, -999, -999, -999, -999, -999, -999, -999, -999
19990821, 1200,  , TS, 21.3N, 173.4E,  40, -999, -999, -999, -999, -999, -999, -999, -999, -999, -999, -999, -999, -999, -999
19990821, 1800,  , TS, 21.8N, 171.8E,  35, -999, -999, -999, -999, -999, -999, -999, -999, -999, -999, -999, -999, -999, -999
19990822, 0000,  , TD, 22.5N, 170.8E,  30, -999, -999, -999, -999, -999, -999, -999, -999, -999, -999, -999, -999, -999, -999
19990822, 0600,  , TD, 23.5N, 169.9E,  30, -999, -999, -999, -999, -999, -999, -999, -999, -999, -999, -999, -999, -999, -999
19990822, 1200,  , TD, 24.1N, 169.2E,  25, -999, -999, -999, -999, -999, -999, -999, -999, -999, -999, -999, -999, -999, -999
19990822, 1800,  , TD, 24.7N, 168.3E,  25, -999, -999, -999, -999, -999, -999, -999, -999, -999, -999, -999, -999, -999, -999
19990823, 0000,  , TD, 25.7N, 167.5E,  25, -999, -999, -999, -999, -999, -999, -999, -999, -999, -999, -999, -999, -999, -999
19990823, 0600,  , TD, 26.6N, 167.6E,  25, -999, -999, -999, -999, -999, -999, -999, -999, -999, -999, -999, -999, -999, -999
19990823, 1200,  , TD, 27.5N, 167.5E,  25, -999, -999, -999, -999, -999, -999, -999, -999, -999, -999, -999, -999, -999, -999
19990823, 1800,  , TD, 28.3N, 167.6E,  25, -999, -999, -999, -999, -999, -999, -999, -999, -999, -999, -999, -999, -999, -999
EP081999,             EUGENE,     39,
19990806, 0600,  , TD, 12.2N, 119.9W,  25, 1007, -999, -999, -999, -999, -999, -999, -999, -999, -999, -999, -999, -999, -999
19990806, 1200,  , TD, 12.3N, 120.4W,  30, 1007, -999, -999, -999, -999, -999, -999, -999, -999, -999, -999, -999, -999, -999
19990806, 1800,  , TS, 12.6N, 121.1W,  35, 1005, -999, -999, -999, -999, -999, -999, -999, -999, -999, -999, -999, -999, -999
19990807, 0000,  , TS, 12.9N, 122.0W,  40, 1004, -999, -999, -999, -999, -999, -999, -999, -999, -999, -999, -999, -999, -999
19990807, 0600,  , TS, 13.2N, 122.8W,  40, 1003, -999, -999, -999, -999, -999, -999, -999, -999, -999, -999, -999, -999, -999
19990807, 1200,  , TS, 13.5N, 123.6W,  45, 1003, -999, -999, -999, -999, -999, -999, -999, -999, -999, -999, -999, -999, -999
19990807, 1800,  , TS, 13.9N, 124.4W,  50,  997, -999, -999, -999, -999, -999, -999, -999, -999, -999, -999, -999, -999, -999
19990808, 0000,  , TS, 14.3N, 125.4W,  55,  994, -999, -999, -999, -999, -999, -999, -999, -999, -999, -999, -999, -999, -999
19990808, 0600,  , TS, 14.4N, 126.3W,  55,  994, -999, -999, -999, -999, -999, -999, -999, -999, -999, -999, -999, -999, -999
19990808, 1200,  , TS, 14.6N, 127.2W,  60,  990, -999, -999, -999, -999, -999, -999, -999, -999, -999, -999, -999, -999, -999
19990808, 1800,  , HU, 14.8N, 128.2W,  70,  983, -999, -999, -999, -999, -999, -999, -999, -999, -999, -999, -999, -999, -999
19990809, 0000,  , HU, 14.9N, 129.3W,  75,  979, -999, -999, -999, -999, -999, -999, -999, -999, -999, -999, -999, -999, -999
19990809, 0600,  , HU, 14.5N, 130.3W,  90,  970, -999, -999, -999, -999, -999, -999, -999, -999, -999, -999, -999, -999, -999
19990809, 1200,  , HU, 14.3N, 131.4W,  90,  970, -999, -999, -999, -999, -999, -999, -999, -999, -999, -999, -999, -999, -999
19990809, 1800,  , HU, 14.0N, 132.4W,  95,  964, -999, -999, -999, -999, -999, -999, -999, -999, -999, -999, -999, -999, -999
19990810, 0000,  , HU, 14.0N, 133.5W,  95,  965, -999, -999, -999, -999, -999, -999, -999, -999, -999, -999, -999, -999, -999
19990810, 0600,  , HU, 13.8N, 134.5W,  90,  970, -999, -999, -999, -999, -999, -999, -999, -999, -999, -999, -999, -999, -999
19990810, 1200,  , HU, 13.7N, 135.6W,  85,  974, -999, -999, -999, -999, -999, -999, -999, -999, -999, -999, -999, -999, -999
19990810, 1800,  , HU, 13.7N, 136.7W,  85,  974, -999, -999, -999, -999, -999, -999, -999, -999, -999, -999, -999, -999, -999
19990811, 0000,  , HU, 13.7N, 138.1W,  80,  977, -999, -999, -999, -999, -999, -999, -999, -999, -999, -999, -999, -999, -999
19990811, 0600,  , HU, 13.8N, 139.3W,  75,  979, -999, -999, -999, -999, -999, -999, -999, -999, -999, -999, -999, -999, -999
19990811, 1200,  , HU, 13.9N, 140.4W,  75,  980, -999, -999, -999, -999, -999, -999, -999, -999, -999, -999, -999, -999, -999
19990811, 1800,  , HU, 14.0N, 141.5W,  75,  980, -999, -999, -999, -999, -999, -999, -999, -999, -999, -999, -999, -999, -999
19990812, 0000,  , HU, 14.2N, 142.5W,  75,  985, -999, -999, -999, -999, -999, -999, -999, -999, -999, -999, -999, -999, -999
19990812, 0600,  , HU, 14.4N, 143.6W,  75,  985, -999, -999, -999, -999, -999, -999, -999, -999, -999, -999, -999, -999, -999
19990812, 1200,  , HU, 14.6N, 144.6W,  75,  985, -999, -999, -999, -999, -999, -999, -999, -999, -999, -999, -999, -999, -999
19990812, 1800,  , HU, 14.8N, 145.8W,  65,  990, -999, -999, -999, -999, -999, -999, -999, -999, -999, -999, -999, -999, -999
19990813, 0000,  , TS, 14.8N, 146.9W,  55,  998, -999, -999, -999, -999, -999, -999, -999, -999, -999, -999, -999, -999, -999
19990813, 0600,  , TS, 14.7N, 148.0W,  55,  998, -999, -999, -999, -999, -999, -999, -999, -999, -999, -999, -999, -999, -999
19990813, 1200,  , TS, 14.7N, 149.3W,  55,  999, -999, -999, -999, -999, -999, -999, -999, -999, -999, -999, -999, -999, -999
19990813, 1800,  , TS, 14.7N, 150.7W,  50, 1003, -999, -999, -999, -999, -999, -999, -999, -999, -999, -999, -999, -999, -999
19990814, 0000,  , TS, 14.7N, 152.1W,  45, 1002, -999, -999, -999, -999, -999, -999, -999, -999, -999, -999, -999, -999, -999
19990814, 0600,  , TS, 14.5N, 153.6W,  45, 1004, -999, -999, -999, -999, -999, -999, -999, -999, -999, -999, -999, -999, -999
19990814, 1200,  , TS, 14.1N, 155.0W,  35, 1004, -999, -999, -999, -999, -999, -999, -999, -999, -999, -999, -999, -999, -999
19990814, 1800,  , TD, 13.7N, 156.3W,  30, 1004, -999, -999, -999, -999, -999, -999, -999, -999, -999, -999, -999, -999, -999
19990815, 0000,  , TD, 13.1N, 157.5W,  30, 1006, -999, -999, -999, -999, -999, -999, -999, -999, -999, -999, -999, -999, -999
19990815, 0600,  , TD, 12.5N, 158.8W,  30, 1006, -999, -999, -999, -999, -999, -999, -999, -999, -999, -999, -999, -999, -999
19990815, 1200,  , TD, 12.2N, 160.3W,  30, 1006, -999, -999, -999, -999, -999, -999, -999, -999, -999, -999, -999, -999, -999
19990815, 1800,  , TD, 12.1N, 161.8W,  30, 1006, -999, -999, -999, -999, -999, -999, -999, -999, -999, -999, -999, -999, -999
EP091999,            UNNAMED,      8,
19990813, 1200,  , TD, 13.7N, 115.8W,  25, -999, -999, -999, -999, -999, -999, -999, -999, -999, -999, -999, -999, -999, -999
19990813, 1800,  , TD, 14.2N, 117.0W,  30, -999, -999, -999, -999, -999, -999, -999, -999, -999, -999, -999, -999, -999, -999
19990814, 0000,  , TD, 14.7N, 118.0W,  30, -999, -999, -999, -999, -999, -999, -999, -999, -999, -999, -999, -999, -999, -999
19990814, 0600,  , TD, 14.8N, 118.5W,  30, -999, -999, -999, -999, -999, -999, -999, -999, -999, -999, -999, -999, -999, -999
19990814, 1200,  , TD, 14.9N, 119.0W,  30, -999, -999, -999, -999, -999, -999, -999, -999, -999, -999, -999, -999, -999, -999
19990814, 1800,  , TD, 15.2N, 119.5W,  25, -999, -999, -999, -999, -999, -999, -999, -999, -999, -999, -999, -999, -999, -999
19990815, 0000,  , TD, 15.5N, 120.0W,  25, -999, -999, -999, -999, -999, -999, -999, -999, -999, -999, -999, -999, -999, -999
19990815, 0600,  , TD, 15.6N, 120.8W,  25, -999, -999, -999, -999, -999, -999, -999, -999, -999, -999, -999, -999, -999, -999
EP101999,           FERNANDA,     23,
19990817, 0600,  , TD, 12.4N, 113.1W,  25, 1008, -999, -999, -999, -999, -999, -999, -999, -999, -999, -999, -999, -999, -999
19990817, 1200,  , TD, 12.8N, 114.1W,  25, 1008, -999, -999, -999, -999, -999, -999, -999, -999, -999, -999, -999, -999, -999
19990817, 1800,  , TD, 13.3N, 115.2W,  30, 1006, -999, -999, -999, -999, -999, -999, -999, -999, -999, -999, -999, -999, -999
19990818, 0000,  , TS, 14.0N, 116.5W,  35, 1005, -999, -999, -999, -999, -999, -999, -999, -999, -999, -999, -999, -999, -999
19990818, 0600,  , TS, 14.7N, 117.7W,  35, 1004, -999, -999, -999, -999, -999, -999, -999, -999, -999, -999, -999, -999, -999
19990818, 1200,  , TS, 15.3N, 118.7W,  40, 1003, -999, -999, -999, -999, -999, -999, -999, -999, -999, -999, -999, -999, -999
19990818, 1800,  , TS, 15.7N, 119.6W,  40, 1001, -999, -999, -999, -999, -999, -999, -999, -999, -999, -999, -999, -999, -999
19990819, 0000,  , TS, 16.0N, 120.4W,  45, 1000, -999, -999, -999, -999, -999, -999, -999, -999, -999, -999, -999, -999, -999
19990819, 0600,  , TS, 16.3N, 121.3W,  50,  997, -999, -999, -999, -999, -999, -999, -999, -999, -999, -999, -999, -999, -999
19990819, 1200,  , TS, 16.7N, 122.1W,  55,  994, -999, -999, -999, -999, -999, -999, -999, -999, -999, -999, -999, -999, -999
19990819, 1800,  , TS, 16.8N, 122.8W,  50,  997, -999, -999, -999, -999, -999, -999, -999, -999, -999, -999, -999, -999, -999
19990820, 0000,  , TS, 16.6N, 123.5W,  40, 1001, -999, -999, -999, -999, -999, -999, -999, -999, -999, -999, -999, -999, -999
19990820, 0600,  , TS, 16.5N, 124.1W,  35, 1003, -999, -999, -999, -999, -999, -999, -999, -999, -999, -999, -999, -999, -999
19990820, 1200,  , TS, 16.3N, 124.8W,  35, 1004, -999, -999, -999, -999, -999, -999, -999, -999, -999, -999, -999, -999, -999
19990820, 1800,  , TS, 16.0N, 125.6W,  35, 1005, -999, -999, -999, -999, -999, -999, -999, -999, -999, -999, -999, -999, -999
19990821, 0000,  , TD, 15.8N, 126.4W,  30, 1006, -999, -999, -999, -999, -999, -999, -999, -999, -999, -999, -999, -999, -999
19990821, 0600,  , TD, 15.6N, 127.1W,  30, 1006, -999, -999, -999, -999, -999, -999, -999, -999, -999, -999, -999, -999, -999
19990821, 1200,  , TD, 15.3N, 127.9W,  30, 1006, -999, -999, -999, -999, -999, -999, -999, -999, -999, -999, -999, -999, -999
19990821, 1800,  , TD, 15.0N, 128.6W,  30, 1006, -999, -999, -999, -999, -999, -999, -999, -999, -999, -999, -999, -999, -999
19990822, 0000,  , TD, 14.6N, 129.3W,  30, 1006, -999, -999, -999, -999, -999, -999, -999, -999, -999, -999, -999, -999, -999
19990822, 0600,  , TD, 14.3N, 129.8W,  25, 1007, -999, -999, -999, -999, -999, -999, -999, -999, -999, -999, -999, -999, -999
19990822, 1200,  , TD, 14.1N, 130.2W,  25, 1007, -999, -999, -999, -999, -999, -999, -999, -999, -999, -999, -999, -999, -999
19990822, 1800,  , TD, 13.8N, 130.6W,  25, 1008, -999, -999, -999, -999, -999, -999, -999, -999, -999, -999, -999, -999, -999
EP111999,            UNNAMED,      4,
19990823, 1800,  , TD, 22.0N, 111.3W,  30, -999, -999, -999, -999, -999, -999, -999, -999, -999, -999, -999, -999, -999, -999
19990824, 0000,  , TD, 22.7N, 112.3W,  30, -999, -999, -999, -999, -999, -999, -999, -999, -999, -999, -999, -999, -999, -999
19990824, 0600,  , TD, 23.1N, 112.8W,  25, -999, -999, -999, -999, -999, -999, -999, -999, -999, -999, -999, -999, -999, -999
19990824, 1200,  , TD, 22.6N, 112.9W,  25, -999, -999, -999, -999, -999, -999, -999, -999, -999, -999, -999, -999, -999, -999
EP121999,               GREG,     19,
19990905, 1200,  , TD, 18.6N, 105.1W,  30, 1008, -999, -999, -999, -999, -999, -999, -999, -999, -999, -999, -999, -999, -999
19990905, 1800,  , TS, 19.2N, 105.4W,  40, 1005, -999, -999, -999, -999, -999, -999, -999, -999, -999, -999, -999, -999, -999
19990906, 0000,  , TS, 19.9N, 106.0W,  45, 1000, -999, -999, -999, -999, -999, -999, -999, -999, -999, -999, -999, -999, -999
19990906, 0600,  , TS, 20.6N, 106.7W,  50,  997, -999, -999, -999, -999, -999, -999, -999, -999, -999, -999, -999, -999, -999
19990906, 1200,  , TS, 21.2N, 107.6W,  55,  994, -999, -999, -999, -999, -999, -999, -999, -999, -999, -999, -999, -999, -999
19990906, 1800,  , HU, 21.5N, 108.4W,  65,  987, -999, -999, -999, -999, -999, -999, -999, -999, -999, -999, -999, -999, -999
19990907, 0000,  , HU, 21.9N, 109.0W,  65,  986, -999, -999, -999, -999, -999, -999, -999, -999, -999, -999, -999, -999, -999
19990907, 0600,  , HU, 22.2N, 109.5W,  65,  987, -999, -999, -999, -999, -999, -999, -999, -999, -999, -999, -999, -999, -999
19990907, 1200,  , HU, 22.5N, 109.5W,  65,  987, -999, -999, -999, -999, -999, -999, -999, -999, -999, -999, -999, -999, -999
19990907, 1800,  , TS, 22.8N, 109.7W,  55,  994, -999, -999, -999, -999, -999, -999, -999, -999, -999, -999, -999, -999, -999
19990907, 2100, L, TS, 22.9N, 110.0W,  50,  994, -999, -999, -999, -999, -999, -999, -999, -999, -999, -999, -999, -999, -999
19990908, 0000,  , TS, 23.1N, 110.3W,  45, 1000, -999, -999, -999, -999, -999, -999, -999, -999, -999, -999, -999, -999, -999
19990908, 0600,  , TS, 23.1N, 110.8W,  40, 1005, -999, -999, -999, -999, -999, -999, -999, -999, -999, -999, -999, -999, -999
19990908, 1200,  , TS, 23.0N, 111.1W,  35, 1006, -999, -999, -999, -999, -999, -999, -999, -999, -999, -999, -999, -999, -999
19990908, 1800,  , TD, 23.0N, 111.3W,  30, 1008, -999, -999, -999, -999, -999, -999, -999, -999, -999, -999, -999, -999, -999
19990909, 0000,  , TD, 23.2N, 111.5W,  30, 1008, -999, -999, -999, -999, -999, -999, -999, -999, -999, -999, -999, -999, -999
19990909, 0600,  , TD, 23.2N, 111.8W,  25, 1008, -999, -999, -999, -999, -999, -999, -999, -999, -999, -999, -999, -999, -999
19990909, 1200,  , TD, 23.2N, 112.0W,  25, 1008, -999, -999, -999, -999, -999, -999, -999, -999, -999, -999, -999, -999, -999
19990909, 1800,  , TD, 23.2N, 112.3W,  20, 1009, -999, -999, -999, -999, -999, -999, -999, -999, -999, -999, -999, -999, -999
EP131999,             HILARY,     19,
19990917, 0600,  , TD, 15.2N, 107.1W,  25, 1006, -999, -999, -999, -999, -999, -999, -999, -999, -999, -999, -999, -999, -999
19990917, 1200,  , TD, 15.6N, 107.9W,  25, 1006, -999, -999, -999, -999, -999, -999, -999, -999, -999, -999, -999, -999, -999
19990917, 1800,  , TD, 16.0N, 108.8W,  25, 1005, -999, -999, -999, -999, -999, -999, -999, -999, -999, -999, -999, -999, -999
19990918, 0000,  , TD, 16.2N, 109.7W,  30, 1004, -999, -999, -999, -999, -999, -999, -999, -999, -999, -999, -999, -999, -999
19990918, 0600,  , TD, 16.2N, 110.5W,  30, 1003, -999, -999, -999, -999, -999, -999, -999, -999, -999, -999, -999, -999, -999
19990918, 1200,  , TS, 16.2N, 111.3W,  35, 1002, -999, -999, -999, -999, -999, -999, -999, -999, -999, -999, -999, -999, -999
19990918, 1800,  , TS, 16.4N, 111.8W,  40, 1001, -999, -999, -999, -999, -999, -999, -999, -999, -999, -999, -999, -999, -999
19990919, 0000,  , TS, 16.8N, 112.2W,  45,  999, -999, -999, -999, -999, -999, -999, -999, -999, -999, -999, -999, -999, -999
19990919, 0600,  , TS, 17.5N, 112.5W,  50,  995, -999, -999, -999, -999, -999, -999, -999, -999, -999, -999, -999, -999, -999
19990919, 1200,  , TS, 18.5N, 112.8W,  55,  992, -999, -999, -999, -999, -999, -999, -999, -999, -999, -999, -999, -999, -999
19990919, 1800,  , TS, 19.7N, 113.1W,  60,  989, -999, -999, -999, -999, -999, -999, -999, -999, -999, -999, -999, -999, -999
19990920, 0000,  , HU, 20.7N, 113.6W,  65,  988, -999, -999, -999, -999, -999, -999, -999, -999, -999, -999, -999, -999, -999
19990920, 0600,  , HU, 21.6N, 114.0W,  65,  987, -999, -999, -999, -999, -999, -999, -999, -999, -999, -999, -999, -999, -999
19990920, 1200,  , TS, 22.4N, 114.3W,  60,  988, -999, -999, -999, -999, -999, -999, -999, -999, -999, -999, -999, -999, -999
19990920, 1800,  , TS, 23.0N, 114.5W,  55,  991, -999, -999, -999, -999, -999, -999, -999, -999, -999, -999, -999, -999, -999
19990921, 0000,  , TS, 23.6N, 114.6W,  45,  995, -999, -999, -999, -999, -999, -999, -999, -999, -999, -999, -999, -999, -999
19990921, 0600,  , TS, 24.3N, 114.6W,  40,  999, -999, -999, -999, -999, -999, -999, -999, -999, -999, -999, -999, -999, -999
19990921, 1200,  , TD, 24.9N, 114.6W,  30, 1003, -999, -999, -999, -999, -999, -999, -999, -999, -999, -999, -999, -999, -999
19990921, 1800,  , TD, 25.3N, 114.5W,  25, 1006, -999, -999, -999, -999, -999, -999, -999, -999, -999, -999, -999, -999, -999
EP141999,              IRWIN,     12,
19991008, 1200,  , TD, 17.3N, 105.0W,  30, 1005, -999, -999, -999, -999, -999, -999, -999, -999, -999, -999, -999, -999, -999
19991008, 1800,  , TS, 17.7N, 105.1W,  35, 1004, -999, -999, -999, -999, -999, -999, -999, -999, -999, -999, -999, -999, -999
19991009, 0000,  , TS, 18.1N, 105.3W,  40, 1000, -999, -999, -999, -999, -999, -999, -999, -999, -999, -999, -999, -999, -999
19991009, 0600,  , TS, 18.4N, 105.7W,  45,  998, -999, -999, -999, -999, -999, -999, -999, -999, -999, -999, -999, -999, -999
19991009, 1200,  , TS, 18.8N, 106.4W,  45,  998, -999, -999, -999, -999, -999, -999, -999, -999, -999, -999, -999, -999, -999
19991009, 1800,  , TS, 19.0N, 107.1W,  50,  996, -999, -999, -999, -999, -999, -999, -999, -999, -999, -999, -999, -999, -999
19991010, 0000,  , TS, 19.1N, 108.0W,  50,  997, -999, -999, -999, -999, -999, -999, -999, -999, -999, -999, -999, -999, -999
19991010, 0600,  , TS, 19.2N, 109.0W,  45,  998, -999, -999, -999, -999, -999, -999, -999, -999, -999, -999, -999, -999, -999
19991010, 1200,  , TS, 19.1N, 110.0W,  40, 1000, -999, -999, -999, -999, -999, -999, -999, -999, -999, -999, -999, -999, -999
19991010, 1800,  , TS, 18.9N, 110.8W,  35, 1003, -999, -999, -999, -999, -999, -999, -999, -999, -999, -999, -999, -999, -999
19991011, 0000,  , TD, 18.4N, 111.3W,  30, 1004, -999, -999, -999, -999, -999, -999, -999, -999, -999, -999, -999, -999, -999
19991011, 0600,  , TD, 18.0N, 112.0W,  25, 1007, -999, -999, -999, -999, -999, -999, -999, -999, -999, -999, -999, -999, -999
