EP011986,             AGATHA,     31,
19860522, 0000,  , TD, 12.6N, 107.5W,  25, -999, -999, -999, -999, -999, -999, -999, -999, -999, -999, -999, -999, -999, -999
19860522, 0600,  , TD, 12.2N, 107.4W,  25, -999, -999, -999, -999, -999, -999, -999, -999, -999, -999, -999, -999, -999, -999
19860522, 1200,  , TD, 11.8N, 107.2W,  25, -999, -999, -999, -999, -999, -999, -999, -999, -999, -999, -999, -999, -999, -999
19860522, 1800,  , TD, 11.5N, 106.8W,  25, -999, -999, -999, -999, -999, -999, -999, -999, -999, -999, -999, -999, -999, -999
19860523, 0000,  , TD, 11.3N, 106.4W,  25, -999, -999, -999, -999, -999, -999, -999, -999, -999, -999, -999, -999, -999, -999
19860523, 0600,  , TD, 11.0N, 106.1W,  25, -999, -999, -999, -999, -999, -999, -999, -999, -999, -999, -999, -999, -999, -999
19860523, 1200,  , TD, 10.7N, 105.6W,  25, -999, -999, -999, -999, -999, -999, -999, -999, -999, -999, -999, -999, -999, -999
19860523, 1800,  , TD, 10.5N, 105.2W,  30, -999, -999, -999, -999, -999, -999, -999, -999, -999, -999, -999, -999, -999, -999
19860524, 0000,  , TD, 10.3N, 105.1W,  30, -999, -999, -999, -999, -999, -999, -999, -999, -999, -999, -999, -999, -999, -999
19860524, 0600,  , TS, 10.3N, 105.4W,  35, -999, -999, -999, -999, -999, -999, -999, -999, -999, -999, -999, -999, -999, -999
19860524, 1200,  , TS, 10.7N, 105.0W,  35, -999, -999, -999, -999, -999, -999, -999, -999, -999, -999, -999, -999, -999, -999
19860524, 1800,  , TS, 11.5N, 104.8W,  40, -999, -999, -999, -999, -999, -999, -999, -999, -999, -999, -999, -999, -999, -999
19860525, 0000,  , TS, 12.4N, 104.7W,  45, -999, -999, -999, -999, -999, -999, -999, -999, -999, -999, -999, -999, -999, -999
19860525, 0600,  , TS, 13.2N, 104.5W,  45, -999, -999, -999, -999, -999, -999, -999, -999, -999, -999, -999, -999, -999, -999
19860525, 1200,  , TS, 14.1N, 104.3W,  45, -999, -999, -999, -999, -999, -999, -999, -999, -999, -999, -999, -999, -999, -999
19860525, 1800,  , TS, 15.0N, 104.0W,  50, -999, -999, -999, -999, -999, -999, -999, -999, -999, -999, -999, -999, -999, -999
19860526, 0000,  , HU, 15.8N, 103.6W,  65, -999, -999, -999, -999, -999, -999, -999, -999, -999, -999, -999, -999, -999, -999
19860526, 0600,  , HU, 16.5N, 103.0W,  65, -999, -999, -999, -999, -999, -999, -999, -999, -999, -999, -999, -999, -999, -999
19860526, 1200,  , HU, 16.6N, 102.2W,  65, -999, -999, -999, -999, -999, -999, -999, -999, -999, -999, -999, -999, -999, -999
19860526, 1800,  , TS, 16.3N, 101.5W,  55, -999, -999, -999, -999, -999, -999, -999, -999, -999, -999, -999, -999, -999, -999
19860527, 0000,  , TS, 16.0N, 100.8W,  50, -999, -999, -999, -999, -999, -999, -999, -999, -999, -999, -999, -999, -999, -999
19860527, 0600,  , TS, 15.8N, 100.0W,  40, -999, -999, -999, -999, -999, -999, -999, -999, -999, -999, -999, -999, -999, -999
19860527, 1200,  , TD, 15.5N,  99.2W,  30, -999, -999, -999, -999, -999, -999, -999, -999, -999, -999, -999, -999, -999, -999
19860527, 1800,  , TD, 15.3N,  98.4W,  30, -999, -999, -999, -999, -999, -999, -999, -999, -999, -999, -999, -999, -999, -999
19860528, 0000,  , TD, 15.0N,  97.7W,  30, -999, -999, -999, -999, -999, -999, -999, -999, -999, -999, -999, -999, -999, -999
19860528, 0600,  , TD, 14.7N,  97.3W,  30, -999, -999, -999, -999, -999, -999, -999, -999, -999, -999, -999, -999, -999, -999
19860528, 1200,  , TD, 14.4N,  97.0W,  30, -999, -999, -999, -999, -999, -999, -999, -999, -999, -999, -999, -999, -999, -999
19860528, 1800,  , TS, 14.1N,  96.8W,  35, -999, -999, -999, -999, -999, -999, -999, -999, -999, -999, -999, -999, -999, -999
19860529, 0000,  , TS, 14.0N,  96.4W,  35, -999, -999, -999, -999, -999, -999, -999, -999, -999, -999, -999, -999, -999, -999
19860529, 0600,  , TD, 13.9N,  96.0W,  25, -999, -999, -999, -999, -999, -999, -999, -999, -999, -999, -999, -999, -999, -999
19860529, 1200,  , TD, 13.9N,  95.5W,  25, -999, -999, -999, -999, -999, -999, -999, -999, -999, -999, -999, -999, -999, -999
EP021986,               BLAS,      7,
19860617, 1200,  , TD,  8.7N, 112.6W,  30, -999, -999, -999, -999, -999, -999, -999, -999, -999, -999, -999, -999, -999, -999
19860617, 1800,  , TD,  8.8N, 113.8W,  30, -999, -999, -999, -999, -999, -999, -999, -999, -999, -999, -999, -999, -999, -999
19860618, 0000,  , TS,  9.0N, 115.2W,  35, -999, -999, -999, -999, -999, -999, -999, -999, -999, -999, -999, -999, -999, -999
19860618, 0600,  , TS,  9.2N, 116.5W,  35, -999, -999, -999, -999, -999, -999, -999, -999, -999, -999, -999, -999, -999, -999
19860618, 1200,  , TD,  9.6N, 117.7W,  30, -999, -999, -999, -999, -999, -999, -999, -999, -999, -999, -999, -999, -999, -999
19860618, 1800,  , TD, 10.0N, 118.7W,  25, -999, -999, -999, -999, -999, -999, -999, -999, -999, -999, -999, -999, -999, -999
19860619, 0000,  , TD, 10.5N, 119.6W,  25, -999, -999, -999, -999, -999, -999, -999, -999, -999, -999, -999, -999, -999, -999
EP031986,              CELIA,     25,
19860624, 1800,  , TD, 10.7N,  97.6W,  25, -999, -999, -999, -999, -999, -999, -999, -999, -999, -999, -999, -999, -999, -999
19860625, 0000,  , TD, 10.6N,  98.3W,  30, -999, -999, -999, -999, -999, -999, -999, -999, -999, -999, -999, -999, -999, -999
19860625, 0600,  , TD, 10.6N,  99.1W,  30, -999, -999, -999, -999, -999, -999, -999, -999, -999, -999, -999, -999, -999, -999
19860625, 1200,  , TD, 10.6N,  99.8W,  30, -999, -999, -999, -999, -999, -999, -999, -999, -999, -999, -999, -999, -999, -999
19860625, 1800,  , TD, 10.6N, 100.5W,  30, -999, -999, -999, -999, -999, -999, -999, -999, -999, -999, -999, -999, -999, -999
19860626, 0000,  , TS, 10.7N, 101.2W,  35, -999, -999, -999, -999, -999, -999, -999, -999, -999, -999, -999, -999, -999, -999
19860626, 0600,  , TS, 10.8N, 101.8W,  35, -999, -999, -999, -999, -999, -999, -999, -999, -999, -999, -999, -999, -999, -999
19860626, 1200,  , TS, 11.1N, 102.5W,  40, -999, -999, -999, -999, -999, -999, -999, -999, -999, -999, -999, -999, -999, -999
19860626, 1800,  , TS, 11.6N, 103.2W,  45, -999, -999, -999, -999, -999, -999, -999, -999, -999, -999, -999, -999, -999, -999
19860627, 0000,  , TS, 12.3N, 104.2W,  50, -999, -999, -999, -999, -999, -999, -999, -999, -999, -999, -999, -999, -999, -999
19860627, 0600,  , TS, 13.0N, 105.4W,  55, -999, -999, -999, -999, -999, -999, -999, -999, -999, -999, -999, -999, -999, -999
19860627, 1200,  , TS, 13.7N, 106.7W,  60, -999, -999, -999, -999, -999, -999, -999, -999, -999, -999, -999, -999, -999, -999
19860627, 1800,  , HU, 14.5N, 107.8W,  70, -999, -999, -999, -999, -999, -999, -999, -999, -999, -999, -999, -999, -999, -999
19860628, 0000,  , HU, 15.6N, 108.8W,  75, -999, -999, -999, -999, -999, -999, -999, -999, -999, -999, -999, -999, -999, -999
19860628, 0600,  , HU, 16.6N, 109.7W,  70, -999, -999, -999, -999, -999, -999, -999, -999, -999, -999, -999, -999, -999, -999
19860628, 1200,  , HU, 17.9N, 110.6W,  70, -999, -999, -999, -999, -999, -999, -999, -999, -999, -999, -999, -999, -999, -999
19860628, 1800,  , HU, 19.2N, 111.5W,  65, -999, -999, -999, -999, -999, -999, -999, -999, -999, -999, -999, -999, -999, -999
19860629, 0000,  , HU, 20.2N, 112.5W,  65, -999, -999, -999, -999, -999, -999, -999, -999, -999, -999, -999, -999, -999, -999
19860629, 0600,  , HU, 20.9N, 113.1W,  65, -999, -999, -999, -999, -999, -999, -999, -999, -999, -999, -999, -999, -999, -999
19860629, 1200,  , TS, 21.6N, 113.6W,  45, -999, -999, -999, -999, -999, -999, -999, -999, -999, -999, -999, -999, -999, -999
19860629, 1800,  , TS, 22.2N, 114.0W,  35, -999, -999, -999, -999, -999, -999, -999, -999, -999, -999, -999, -999, -999, -999
19860630, 0000,  , TD, 22.7N, 114.4W,  30, -999, -999, -999, -999, -999, -999, -999, -999, -999, -999, -999, -999, -999, -999
19860630, 0600,  , TD, 23.2N, 114.9W,  30, -999, -999, -999, -999, -999, -999, -999, -999, -999, -999, -999, -999, -999, -999
19860630, 1200,  , TD, 23.6N, 115.4W,  25, -999, -999, -999, -999, -999, -999, -999, -999, -999, -999, -999, -999, -999, -999
19860630, 1800,  , TD, 24.0N, 115.8W,  20, -999, -999, -999, -999, -999, -999, -999, -999, -999, -999, -999, -999, -999, -999
EP041986,              DARBY,     17,
19860703, 1800,  , TD, 13.5N, 104.5W,  25, -999, -999, -999, -999, -999, -999, -999, -999, -999, -999, -999, -999, -999, -999
19860704, 0000,  , TD, 14.0N, 105.7W,  30, -999, -999, -999, -999, -999, -999, -999, -999, -999, -999, -999, -999, -999, -999
19860704, 0600,  , TD, 14.5N, 106.6W,  30, -999, -999, -999, -999, -999, -999, -999, -999, -999, -999, -999, -999, -999, -999
19860704, 1200,  , TD, 15.1N, 107.5W,  30, -999, -999, -999, -999, -999, -999, -999, -999, -999, -999, -999, -999, -999, -999
19860704, 1800,  , TD, 15.5N, 108.4W,  30, -999, -999, -999, -999, -999, -999, -999, -999, -999, -999, -999, -999, -999, -999
19860705, 0000,  , TD, 16.0N, 109.3W,  30, -999, -999, -999, -999, -999, -999, -999, -999, -999, -999, -999, -999, -999, -999
19860705, 0600,  , TD, 16.7N, 110.0W,  30, -999, -999, -999, -999, -999, -999, -999, -999, -999, -999, -999, -999, -999, -999
19860705, 1200,  , TD, 17.4N, 110.8W,  30, -999, -999, -999, -999, -999, -999, -999, -999, -999, -999, -999, -999, -999, -999
19860705, 1800,  , TS, 18.1N, 111.5W,  35, -999, -999, -999, -999, -999, -999, -999, -999, -999, -999, -999, -999, -999, -999
19860706, 0000,  , TS, 18.7N, 112.3W,  35, -999, -999, -999, -999, -999, -999, -999, -999, -999, -999, -999, -999, -999, -999
19860706, 0600,  , TS, 19.0N, 113.2W,  35, -999, -999, -999, -999, -999, -999, -999, -999, -999, -999, -999, -999, -999, -999
19860706, 1200,  , TD, 19.1N, 114.2W,  30, -999, -999, -999, -999, -999, -999, -999, -999, -999, -999, -999, -999, -999, -999
19860706, 1800,  , TD, 19.2N, 115.2W,  25, -999, -999, -999, -999, -999, -999, -999, -999, -999, -999, -999, -999, -999, -999
19860707, 0000,  , TD, 19.2N, 116.0W,  25, -999, -999, -999, -999, -999, -999, -999, -999, -999, -999, -999, -999, -999, -999
19860707, 0600,  , TD, 19.3N, 116.8W,  25, -999, -999, -999, -999, -999, -999, -999, -999, -999, -999, -999, -999, -999, -999
19860707, 1200,  , TD, 19.4N, 117.6W,  25, -999, -999, -999, -999, -999, -999, -999, -999, -999, -999, -999, -999, -999, -999
19860707, 1800,  , TD, 19.5N, 118.2W,  25, -999, -999, -999, -999, -999, -999, -999, -999, -999, -999, -999, -999, -999, -999
EP051986,            ESTELLE,     40,
19860716, 1200,  , TD, 10.3N, 115.0W,  30, -999, -999, -999, -999, -999, -999, -999, -999, -999, -999, -999, -999, -999, -999
19860716, 1800,  , TD, 10.3N, 116.3W,  30, -999, -999, -999, -999, -999, -999, -999, -999, -999, -999, -999, -999, -999, -999
19860717, 0000,  , TS, 10.4N, 117.4W,  35, -999, -999, -999, -999, -999, -999, -999, -999, -999, -999, -999, -999, -999, -999
19860717, 0600,  , TS, 10.7N, 118.5W,  40, -999, -999, -999, -999, -999, -999, -999, -999, -999, -999, -999, -999, -999, -999
19860717, 1200,  , TS, 11.0N, 119.6W,  45, -999, -999, -999, -999, -999, -999, -999, -999, -999, -999, -999, -999, -999, -999
19860717, 1800,  , TS, 11.3N, 120.6W,  45, -999, -999, -999, -999, -999, -999, -999, -999, -999, -999, -999, -999, -999, -999
19860718, 0000,  , TS, 11.6N, 121.6W,  55, -999, -999, -999, -999, -999, -999, -999, -999, -999, -999, -999, -999, -999, -999
19860718, 0600,  , TS, 11.9N, 122.7W,  55, -999, -999, -999, -999, -999, -999, -999, -999, -999, -999, -999, -999, -999, -999
19860718, 1200,  , HU, 12.2N, 123.7W,  65, -999, -999, -999, -999, -999, -999, -999, -999, -999, -999, -999, -999, -999, -999
19860718, 1800,  , HU, 12.5N, 124.7W,  65, -999, -999, -999, -999, -999, -999, -999, -999, -999, -999, -999, -999, -999, -999
19860719, 0000,  , HU, 12.8N, 125.8W,  70, -999, -999, -999, -999, -999, -999, -999, -999, -999, -999, -999, -999, -999, -999
19860719, 0600,  , HU, 13.0N, 126.9W,  75, -999, -999, -999, -999, -999, -999, -999, -999, -999, -999, -999, -999, -999, -999
19860719, 1200,  , HU, 13.4N, 128.1W,  90, -999, -999, -999, -999, -999, -999, -999, -999, -999, -999, -999, -999, -999, -999
19860719, 1800,  , HU, 13.7N, 129.7W,  90, -999, -999, -999, -999, -999, -999, -999, -999, -999, -999, -999, -999, -999, -999
19860720, 0000,  , HU, 13.9N, 131.3W,  90, -999, -999, -999, -999, -999, -999, -999, -999, -999, -999, -999, -999, -999, -999
19860720, 0600,  , HU, 14.2N, 132.9W,  95, -999, -999, -999, -999, -999, -999, -999, -999, -999, -999, -999, -999, -999, -999
19860720, 1200,  , HU, 14.6N, 134.6W, 115, -999, -999, -999, -999, -999, -999, -999, -999, -999, -999, -999, -999, -999, -999
19860720, 1800,  , HU, 15.0N, 136.3W, 115, -999, -999, -999, -999, -999, -999, -999, -999, -999, -999, -999, -999, -999, -999
19860721, 0000,  , HU, 15.2N, 138.2W, 115, -999, -999, -999, -999, -999, -999, -999, -999, -999, -999, -999, -999, -999, -999
19860721, 0600,  , HU, 15.4N, 140.3W, 115, -999, -999, -999, -999, -999, -999, -999, -999, -999, -999, -999, -999, -999, -999
19860721, 1200,  , HU, 15.8N, 142.3W, 115, -999, -999, -999, -999, -999, -999, -999, -999, -999, -999, -999, -999, -999, -999
19860721, 1800,  , HU, 16.0N, 144.2W, 115, -999, -999, -999, -999, -999, -999, -999, -999, -999, -999, -999, -999, -999, -999
19860722, 0000,  , HU, 16.3N, 146.2W, 105, -999, -999, -999, -999, -999, -999, -999, -999, -999, -999, -999, -999, -999, -999
19860722, 0600,  , HU, 16.6N, 147.8W, 105, -999, -999, -999, -999, -999, -999, -999, -999, -999, -999, -999, -999, -999, -999
19860722, 1200,  , HU, 16.8N, 149.4W, 100, -999, -999, -999, -999, -999, -999, -999, -999, -999, -999, -999, -999, -999, -999
19860722, 1800,  , HU, 16.9N, 151.0W,  85, -999, -999, -999, -999, -999, -999, -999, -999, -999, -999, -999, -999, -999, -999
19860723, 0000,  , HU, 17.0N, 152.6W,  85, -999, -999, -999, -999, -999, -999, -999, -999, -999, -999, -999, -999, -999, -999
19860723, 0600,  , HU, 17.0N, 154.2W,  80, -999, -999, -999, -999, -999, -999, -999, -999, -999, -999, -999, -999, -999, -999
19860723, 1200,  , HU, 17.0N, 155.9W,  75, -999, -999, -999, -999, -999, -999, -999, -999, -999, -999, -999, -999, -999, -999
19860723, 1800,  , TS, 17.0N, 157.2W,  60, -999, -999, -999, -999, -999, -999, -999, -999, -999, -999, -999, -999, -999, -999
19860724, 0000,  , TS, 17.0N, 158.2W,  45, -999, -999, -999, -999, -999, -999, -999, -999, -999, -999, -999, -999, -999, -999
19860724, 0600,  , TS, 17.0N, 159.0W,  40, -999, -999, -999, -999, -999, -999, -999, -999, -999, -999, -999, -999, -999, -999
19860724, 1200,  , TS, 17.1N, 159.8W,  35, -999, -999, -999, -999, -999, -999, -999, -999, -999, -999, -999, -999, -999, -999
19860724, 1800,  , TS, 17.3N, 160.6W,  35, -999, -999, -999, -999, -999, -999, -999, -999, -999, -999, -999, -999, -999, -999
19860725, 0000,  , TD, 17.5N, 161.4W,  30, -999, -999, -999, -999, -999, -999, -999, -999, -999, -999, -999, -999, -999, -999
19860725, 0600,  , TD, 17.7N, 162.3W,  30, -999, -999, -999, -999, -999, -999, -999, -999, -999, -999, -999, -999, -999, -999
19860725, 1200,  , TD, 17.9N, 163.2W,  30, -999, -999, -999, -999, -999, -999, -999, -999, -999, -999, -999, -999, -999, -999
19860725, 1800,  , TD, 18.2N, 164.2W,  30, -999, -999, -999, -999, -999, -999, -999, -999, -999, -999, -999, -999, -999, -999
19860726, 0000,  , TD, 18.4N, 165.2W,  30, -999, -999, -999, -999, -999, -999, -999, -999, -999, -999, -999, -999, -999, -999
19860726, 0600,  , TD, 18.6N, 166.2W,  25, -999, -999, -999, -999, -999, -999, -999, -999, -999, -999, -999, -999, -999, -999
EP061986,              FRANK,     38,
19860724, 1800,  , TD, 11.1N,  94.9W,  25, -999, -999, -999, -999, -999, -999, -999, -999, -999, -999, -999, -999, -999, -999
19860725, 0000,  , TD, 11.3N,  96.1W,  25, -999, -999, -999, -999, -999, -999, -999, -999, -999, -999, -999, -999, -999, -999
19860725, 0600,  , TD, 11.7N,  97.3W,  25, -999, -999, -999, -999, -999, -999, -999, -999, -999, -999, -999, -999, -999, -999
19860725, 1200,  , TD, 11.9N,  98.1W,  25, -999, -999, -999, -999, -999, -999, -999, -999, -999, -999, -999, -999, -999, -999
19860725, 1800,  , TD, 12.1N, 100.1W,  25, -999, -999, -999, -999, -999, -999, -999, -999, -999, -999, -999, -999, -999, -999
19860726, 0000,  , TD, 12.5N, 101.6W,  25, -999, -999, -999, -999, -999, -999, -999, -999, -999, -999, -999, -999, -999, -999
19860726, 0600,  , TD, 12.8N, 103.0W,  25, -999, -999, -999, -999, -999, -999, -999, -999, -999, -999, -999, -999, -999, -999
19860726, 1200,  , TD, 13.1N, 104.5W,  25, -999, -999, -999, -999, -999, -999, -999, -999, -999, -999, -999, -999, -999, -999
19860726, 1800,  , TD, 13.4N, 106.0W,  25, -999, -999, -999, -999, -999, -999, -999, -999, -999, -999, -999, -999, -999, -999
19860727, 0000,  , TD, 13.7N, 107.5W,  25, -999, -999, -999, -999, -999, -999, -999, -999, -999, -999, -999, -999, -999, -999
19860727, 0600,  , TD, 13.9N, 109.0W,  30, -999, -999, -999, -999, -999, -999, -999, -999, -999, -999, -999, -999, -999, -999
19860727, 1200,  , TD, 13.9N, 110.5W,  30, -999, -999, -999, -999, -999, -999, -999, -999, -999, -999, -999, -999, -999, -999
19860727, 1800,  , TD, 14.0N, 112.0W,  30, -999, -999, -999, -999, -999, -999, -999, -999, -999, -999, -999, -999, -999, -999
19860728, 0000,  , TD, 14.1N, 113.3W,  30, -999, -999, -999, -999, -999, -999, -999, -999, -999, -999, -999, -999, -999, -999
19860728, 0600,  , TS, 14.1N, 114.6W,  35, -999, -999, -999, -999, -999, -999, -999, -999, -999, -999, -999, -999, -999, -999
19860728, 1200,  , TS, 14.1N, 115.9W,  35, -999, -999, -999, -999, -999, -999, -999, -999, -999, -999, -999, -999, -999, -999
19860728, 1800,  , TS, 14.2N, 117.2W,  35, -999, -999, -999, -999, -999, -999, -999, -999, -999, -999, -999, -999, -999, -999
19860729, 0000,  , TS, 14.3N, 118.5W,  40, -999, -999, -999, -999, -999, -999, -999, -999, -999, -999, -999, -999, -999, -999
19860729, 0600,  , TS, 14.5N, 119.9W,  45, -999, -999, -999, -999, -999, -999, -999, -999, -999, -999, -999, -999, -999, -999
19860729, 1200,  , TS, 14.8N, 121.1W,  55, -999, -999, -999, -999, -999, -999, -999, -999, -999, -999, -999, -999, -999, -999
19860729, 1800,  , TS, 15.0N, 122.3W,  60, -999, -999, -999, -999, -999, -999, -999, -999, -999, -999, -999, -999, -999, -999
19860730, 0000,  , TS, 15.4N, 123.5W,  60, -999, -999, -999, -999, -999, -999, -999, -999, -999, -999, -999, -999, -999, -999
19860730, 0600,  , HU, 15.9N, 124.8W,  65, -999, -999, -999, -999, -999, -999, -999, -999, -999, -999, -999, -999, -999, -999
19860730, 1200,  , HU, 16.5N, 126.1W,  65, -999, -999, -999, -999, -999, -999, -999, -999, -999, -999, -999, -999, -999, -999
19860730, 1800,  , HU, 17.0N, 127.6W,  65, -999, -999, -999, -999, -999, -999, -999, -999, -999, -999, -999, -999, -999, -999
19860731, 0000,  , HU, 17.3N, 129.1W,  65, -999, -999, -999, -999, -999, -999, -999, -999, -999, -999, -999, -999, -999, -999
19860731, 0600,  , HU, 17.6N, 130.4W,  65, -999, -999, -999, -999, -999, -999, -999, -999, -999, -999, -999, -999, -999, -999
19860731, 1200,  , HU, 17.8N, 131.6W,  75, -999, -999, -999, -999, -999, -999, -999, -999, -999, -999, -999, -999, -999, -999
19860731, 1800,  , HU, 18.1N, 132.8W,  75, -999, -999, -999, -999, -999, -999, -999, -999, -999, -999, -999, -999, -999, -999
19860801, 0000,  , HU, 18.5N, 134.1W,  75, -999, -999, -999, -999, -999, -999, -999, -999, -999, -999, -999, -999, -999, -999
19860801, 0600,  , HU, 18.9N, 135.3W,  65, -999, -999, -999, -999, -999, -999, -999, -999, -999, -999, -999, -999, -999, -999
19860801, 1200,  , HU, 19.3N, 136.6W,  65, -999, -999, -999, -999, -999, -999, -999, -999, -999, -999, -999, -999, -999, -999
19860801, 1800,  , TS, 19.7N, 137.9W,  50, -999, -999, -999, -999, -999, -999, -999, -999, -999, -999, -999, -999, -999, -999
19860802, 0000,  , TD, 20.2N, 139.1W,  30, -999, -999, -999, -999, -999, -999, -999, -999, -999, -999, -999, -999, -999, -999
19860802, 0600,  , TD, 21.0N, 140.5W,  30, -999, -999, -999, -999, -999, -999, -999, -999, -999, -999, -999, -999, -999, -999
19860802, 1200,  , TD, 21.5N, 142.0W,  30, -999, -999, -999, -999, -999, -999, -999, -999, -999, -999, -999, -999, -999, -999
19860802, 1800,  , TD, 22.1N, 143.4W,  30, -999, -999, -999, -999, -999, -999, -999, -999, -999, -999, -999, -999, -999, -999
19860803, 0000,  , TD, 22.8N, 144.5W,  30, -999, -999, -999, -999, -999, -999, -999, -999, -999, -999, -999, -999, -999, -999
EP071986,          GEORGETTE,      8,
19860803, 0000,  , TD,  9.0N, 133.3W,  30, -999, -999, -999, -999, -999, -999, -999, -999, -999, -999, -999, -999, -999, -999
19860803, 0600,  , TD,  9.0N, 134.7W,  30, -999, -999, -999, -999, -999, -999, -999, -999, -999, -999, -999, -999, -999, -999
19860803, 1200,  , TS,  8.9N, 136.5W,  35, -999, -999, -999, -999, -999, -999, -999, -999, -999, -999, -999, -999, -999, -999
19860803, 1800,  , TD,  8.9N, 138.1W,  30, -999, -999, -999, -999, -999, -999, -999, -999, -999, -999, -999, -999, -999, -999
19860804, 0000,  , TD,  8.7N, 140.0W,  30, -999, -999, -999, -999, -999, -999, -999, -999, -999, -999, -999, -999, -999, -999
19860804, 0600,  , TD,  8.7N, 142.6W,  30, -999, -999, -999, -999, -999, -999, -999, -999, -999, -999, -999, -999, -999, -999
19860804, 1200,  , TD,  8.7N, 145.4W,  30, -999, -999, -999, -999, -999, -999, -999, -999, -999, -999, -999, -999, -999, -999
19860804, 1800,  , TD,  8.9N, 149.0W,  30, -999, -999, -999, -999, -999, -999, -999, -999, -999, -999, -999, -999, -999, -999
EP081986,             HOWARD,      9,
19860816, 1200,  , TD, 17.3N, 104.3W,  25, -999, -999, -999, -999, -999, -999, -999, -999, -999, -999, -999, -999, -999, -999
19860816, 1800,  , TS, 17.8N, 105.7W,  35, -999, -999, -999, -999, -999, -999, -999, -999, -999, -999, -999, -999, -999, -999
19860817, 0000,  , TS, 18.3N, 107.0W,  35, -999, -999, -999, -999, -999, -999, -999, -999, -999, -999, -999, -999, -999, -999
19860817, 0600,  , TS, 18.9N, 108.4W,  35, -999, -999, -999, -999, -999, -999, -999, -999, -999, -999, -999, -999, -999, -999
19860817, 1200,  , TS, 19.7N, 109.8W,  35, -999, -999, -999, -999, -999, -999, -999, -999, -999, -999, -999, -999, -999, -999
19860817, 1800,  , TS, 20.6N, 111.3W,  35, -999, -999, -999, -999, -999, -999, -999, -999, -999, -999, -999, -999, -999, -999
19860818, 0000,  , TS, 21.6N, 112.7W,  35, -999, -999, -999, -999, -999, -999, -999, -999, -999, -999, -999, -999, -999, -999
19860818, 0600,  , TD, 22.4N, 114.0W,  25, -999, -999, -999, -999, -999, -999, -999, -999, -999, -999, -999, -999, -999, -999
19860818, 1200,  , TD, 23.2N, 115.2W,  20, -999, -999, -999, -999, -999, -999, -999, -999, -999, -999, -999, -999, -999, -999
EP091986,               ISIS,     18,
19860819, 1800,  , TD, 15.4N, 114.0W,  25, -999, -999, -999, -999, -999, -999, -999, -999, -999, -999, -999, -999, -999, -999
19860820, 0000,  , TD, 15.5N, 115.0W,  25, -999, -999, -999, -999, -999, -999, -999, -999, -999, -999, -999, -999, -999, -999
19860820, 0600,  , TD, 15.8N, 116.0W,  30, -999, -999, -999, -999, -999, -999, -999, -999, -999, -999, -999, -999, -999, -999
19860820, 1200,  , TS, 16.0N, 117.5W,  35, -999, -999, -999, -999, -999, -999, -999, -999, -999, -999, -999, -999, -999, -999
19860820, 1800,  , TS, 16.4N, 118.8W,  35, -999, -999, -999, -999, -999, -999, -999, -999, -999, -999, -999, -999, -999, -999
19860821, 0000,  , TS, 16.7N, 120.2W,  45, -999, -999, -999, -999, -999, -999, -999, -999, -999, -999, -999, -999, -999, -999
19860821, 0600,  , TS, 17.1N, 121.6W,  45, -999, -999, -999, -999, -999, -999, -999, -999, -999, -999, -999, -999, -999, -999
19860821, 1200,  , TS, 17.7N, 122.9W,  45, -999, -999, -999, -999, -999, -999, -999, -999, -999, -999, -999, -999, -999, -999
19860821, 1800,  , TS, 18.4N, 124.1W,  45, -999, -999, -999, -999, -999, -999, -999, -999, -999, -999, -999, -999, -999, -999
19860822, 0000,  , TS, 19.0N, 125.2W,  40, -999, -999, -999, -999, -999, -999, -999, -999, -999, -999, -999, -999, -999, -999
19860822, 0600,  , TS, 19.7N, 126.4W,  45, -999, -999, -999, -999, -999, -999, -999, -999, -999, -999, -999, -999, -999, -999
19860822, 1200,  , TS, 20.4N, 127.6W,  45, -999, -999, -999, -999, -999, -999, -999, -999, -999, -999, -999, -999, -999, -999
19860822, 1800,  , TS, 21.0N, 128.9W,  45, -999, -999, -999, -999, -999, -999, -999, -999, -999, -999, -999, -999, -999, -999
19860823, 0000,  , TS, 21.6N, 130.2W,  40, -999, -999, -999, -999, -999, -999, -999, -999, -999, -999, -999, -999, -999, -999
19860823, 0600,  , TS, 22.0N, 131.6W,  35, -999, -999, -999, -999, -999, -999, -999, -999, -999, -999, -999, -999, -999, -999
19860823, 1200,  , TD, 22.0N, 133.0W,  30, -999, -999, -999, -999, -999, -999, -999, -999, -999, -999, -999, -999, -999, -999
19860823, 1800,  , TD, 21.6N, 134.1W,  25, -999, -999, -999, -999, -999, -999, -999, -999, -999, -999, -999, -999, -999, -999
19860824, 0000,  , TD, 21.1N, 135.1W,  25, -999, -999, -999, -999, -999, -999, -999, -999, -999, -999, -999, -999, -999, -999
EP101986,             JAVIER,     44,
19860820, 1200,  , TD, 10.0N,  97.2W,  30, -999, -999, -999, -999, -999, -999, -999, -999, -999, -999, -999, -999, -999, -999
19860820, 1800,  , TS, 10.2N,  98.5W,  45, -999, -999, -999, -999, -999, -999, -999, -999, -999, -999, -999, -999, -999, -999
19860821, 0000,  , TS, 10.6N,  99.9W,  55, -999, -999, -999, -999, -999, -999, -999, -999, -999, -999, -999, -999, -999, -999
19860821, 0600,  , TS, 11.0N, 101.2W,  55, -999, -999, -999, -999, -999, -999, -999, -999, -999, -999, -999, -999, -999, -999
19860821, 1200,  , HU, 11.4N, 102.8W,  90, -999, -999, -999, -999, -999, -999, -999, -999, -999, -999, -999, -999, -999, -999
19860821, 1800,  , HU, 11.8N, 104.2W,  90, -999, -999, -999, -999, -999, -999, -999, -999, -999, -999, -999, -999, -999, -999
19860822, 0000,  , HU, 12.0N, 105.5W, 100, -999, -999, -999, -999, -999, -999, -999, -999, -999, -999, -999, -999, -999, -999
19860822, 0600,  , HU, 12.3N, 106.5W, 100, -999, -999, -999, -999, -999, -999, -999, -999, -999, -999, -999, -999, -999, -999
19860822, 1200,  , HU, 12.5N, 107.5W,  90, -999, -999, -999, -999, -999, -999, -999, -999, -999, -999, -999, -999, -999, -999
19860822, 1800,  , HU, 12.8N, 108.6W,  90, -999, -999, -999, -999, -999, -999, -999, -999, -999, -999, -999, -999, -999, -999
19860823, 0000,  , HU, 13.0N, 109.2W,  90, -999, -999, -999, -999, -999, -999, -999, -999, -999, -999, -999, -999, -999, -999
19860823, 0600,  , HU, 13.3N, 109.6W,  90, -999, -999, -999, -999, -999, -999, -999, -999, -999, -999, -999, -999, -999, -999
19860823, 1200,  , HU, 13.6N, 110.0W,  90, -999, -999, -999, -999, -999, -999, -999, -999, -999, -999, -999, -999, -999, -999
19860823, 1800,  , HU, 14.0N, 110.2W,  80, -999, -999, -999, -999, -999, -999, -999, -999, -999, -999, -999, -999, -999, -999
19860824, 0000,  , HU, 14.5N, 110.2W, 100, -999, -999, -999, -999, -999, -999, -999, -999, -999, -999, -999, -999, -999, -999
19860824, 0600,  , HU, 15.1N, 110.1W, 110, -999, -999, -999, -999, -999, -999, -999, -999, -999, -999, -999, -999, -999, -999
19860824, 1200,  , HU, 15.8N, 110.1W, 110, -999, -999, -999, -999, -999, -999, -999, -999, -999, -999, -999, -999, -999, -999
19860824, 1800,  , HU, 16.6N, 110.4W, 110, -999, -999, -999, -999, -999, -999, -999, -999, -999, -999, -999, -999, -999, -999
19860825, 0000,  , HU, 17.1N, 110.8W, 115, -999, -999, -999, -999, -999, -999, -999, -999, -999, -999, -999, -999, -999, -999
19860825, 0600,  , HU, 17.6N, 111.4W, 110, -999, -999, -999, -999, -999, -999, -999, -999, -999, -999, -999, -999, -999, -999
19860825, 1200,  , HU, 18.0N, 112.1W, 115, -999, -999, -999, -999, -999, -999, -999, -999, -999, -999, -999, -999, -999, -999
19860825, 1800,  , HU, 18.5N, 112.8W,  95, -999, -999, -999, -999, -999, -999, -999, -999, -999, -999, -999, -999, -999, -999
19860826, 0000,  , HU, 19.1N, 113.8W,  90, -999, -999, -999, -999, -999, -999, -999, -999, -999, -999, -999, -999, -999, -999
19860826, 0600,  , HU, 19.6N, 115.2W,  85, -999, -999, -999, -999, -999, -999, -999, -999, -999, -999, -999, -999, -999, -999
19860826, 1200,  , HU, 19.9N, 116.4W,  75, -999, -999, -999, -999, -999, -999, -999, -999, -999, -999, -999, -999, -999, -999
19860826, 1800,  , HU, 20.1N, 117.7W,  75, -999, -999, -999, -999, -999, -999, -999, -999, -999, -999, -999, -999, -999, -999
19860827, 0000,  , HU, 20.2N, 119.1W,  65, -999, -999, -999, -999, -999, -999, -999, -999, -999, -999, -999, -999, -999, -999
19860827, 0600,  , HU, 20.2N, 120.6W,  65, -999, -999, -999, -999, -999, -999, -999, -999, -999, -999, -999, -999, -999, -999
19860827, 1200,  , HU, 20.3N, 122.1W,  65, -999, -999, -999, -999, -999, -999, -999, -999, -999, -999, -999, -999, -999, -999
19860827, 1800,  , HU, 20.4N, 123.5W,  65, -999, -999, -999, -999, -999, -999, -999, -999, -999, -999, -999, -999, -999, -999
19860828, 0000,  , HU, 20.5N, 124.9W,  65, -999, -999, -999, -999, -999, -999, -999, -999, -999, -999, -999, -999, -999, -999
19860828, 0600,  , HU, 20.6N, 126.1W,  65, -999, -999, -999, -999, -999, -999, -999, -999, -999, -999, -999, -999, -999, -999
19860828, 1200,  , TS, 20.8N, 127.2W,  60, -999, -999, -999, -999, -999, -999, -999, -999, -999, -999, -999, -999, -999, -999
19860828, 1800,  , TS, 20.9N, 128.1W,  60, -999, -999, -999, -999, -999, -999, -999, -999, -999, -999, -999, -999, -999, -999
19860829, 0000,  , TS, 21.1N, 129.1W,  60, -999, -999, -999, -999, -999, -999, -999, -999, -999, -999, -999, -999, -999, -999
19860829, 0600,  , TS, 21.4N, 130.1W,  60, -999, -999, -999, -999, -999, -999, -999, -999, -999, -999, -999, -999, -999, -999
19860829, 1200,  , TS, 21.7N, 131.0W,  50, -999, -999, -999, -999, -999, -999, -999, -999, -999, -999, -999, -999, -999, -999
19860829, 1800,  , TS, 22.0N, 132.0W,  40, -999, -999, -999, -999, -999, -999, -999, -999, -999, -999, -999, -999, -999, -999
19860830, 0000,  , TS, 22.3N, 133.0W,  35, -999, -999, -999, -999, -999, -999, -999, -999, -999, -999, -999, -999, -999, -999
19860830, 0600,  , TD, 22.7N, 133.8W,  30, -999, -999, -999, -999, -999, -999, -999, -999, -999, -999, -999, -999, -999, -999
19860830, 1200,  , TD, 23.2N, 134.6W,  30, -999, -999, -999, -999, -999, -999, -999, -999, -999, -999, -999, -999, -999, -999
19860830, 1800,  , TD, 23.8N, 135.5W,  30, -999, -999, -999, -999, -999, -999, -999, -999, -999, -999, -999, -999, -999, -999
19860831, 0000,  , TD, 24.2N, 136.4W,  25, -999, -999, -999, -999, -999, -999, -999, -999, -999, -999, -999, -999, -999, -999
19860831, 0600,  , TD, 24.5N, 137.4W,  25, -999, -999, -999, -999, -999, -999, -999, -999, -999, -999, -999, -999, -999, -999
EP111986,                KAY,     24,
19860828, 1800,  , TD, 18.1N, 112.3W,  25, -999, -999, -999, -999, -999, -999, -999, -999, -999, -999, -999, -999, -999, -999
19860829, 0000,  , TD, 18.1N, 112.7W,  30, -999, -999, -999, -999, -999, -999, -999, -999, -999, -999, -999, -999, -999, -999
19860829, 0600,  , TD, 18.1N, 113.2W,  30, -999, -999, -999, -999, -999, -999, -999, -999, -999, -999, -999, -999, -999, -999
19860829, 1200,  , TD, 18.2N, 113.6W,  30, -999, -999, -999, -999, -999, -999, -999, -999, -999, -999, -999, -999, -999, -999
19860829, 1800,  , TD, 18.2N, 114.0W,  25, -999, -999, -999, -999, -999, -999, -999, -999, -999, -999, -999, -999, -999, -999
19860830, 0000,  , TD, 18.2N, 114.5W,  30, -999, -999, -999, -999, -999, -999, -999, -999, -999, -999, -999, -999, -999, -999
19860830, 0600,  , TD, 18.2N, 115.1W,  30, -999, -999, -999, -999, -999, -999, -999, -999, -999, -999, -999, -999, -999, -999
19860830, 1200,  , TD, 18.3N, 115.7W,  30, -999, -999, -999, -999, -999, -999, -999, -999, -999, -999, -999, -999, -999, -999
19860830, 1800,  , TS, 18.4N, 116.3W,  35, -999, -999, -999, -999, -999, -999, -999, -999, -999, -999, -999, -999, -999, -999
19860831, 0000,  , TS, 18.5N, 117.0W,  35, -999, -999, -999, -999, -999, -999, -999, -999, -999, -999, -999, -999, -999, -999
19860831, 0600,  , TS, 18.5N, 117.8W,  35, -999, -999, -999, -999, -999, -999, -999, -999, -999, -999, -999, -999, -999, -999
19860831, 1200,  , TS, 18.6N, 118.9W,  35, -999, -999, -999, -999, -999, -999, -999, -999, -999, -999, -999, -999, -999, -999
19860831, 1800,  , TS, 18.7N, 120.3W,  40, -999, -999, -999, -999, -999, -999, -999, -999, -999, -999, -999, -999, -999, -999
19860901, 0000,  , TS, 18.8N, 121.7W,  40, -999, -999, -999, -999, -999, -999, -999, -999, -999, -999, -999, -999, -999, -999
19860901, 0600,  , TS, 18.9N, 123.0W,  40, -999, -999, -999, -999, -999, -999, -999, -999, -999, -999, -999, -999, -999, -999
19860901, 1200,  , TS, 19.0N, 124.5W,  35, -999, -999, -999, -999, -999, -999, -999, -999, -999, -999, -999, -999, -999, -999
19860901, 1800,  , TS, 19.1N, 126.0W,  35, -999, -999, -999, -999, -999, -999, -999, -999, -999, -999, -999, -999, -999, -999
19860902, 0000,  , TD, 19.3N, 127.3W,  30, -999, -999, -999, -999, -999, -999, -999, -999, -999, -999, -999, -999, -999, -999
19860902, 0600,  , TD, 19.4N, 128.1W,  25, -999, -999, -999, -999, -999, -999, -999, -999, -999, -999, -999, -999, -999, -999
19860902, 1200,  , TD, 19.5N, 128.8W,  25, -999, -999, -999, -999, -999, -999, -999, -999, -999, -999, -999, -999, -999, -999
19860902, 1800,  , TD, 19.6N, 129.3W,  25, -999, -999, -999, -999, -999, -999, -999, -999, -999, -999, -999, -999, -999, -999
19860903, 0000,  , TD, 19.7N, 129.8W,  25, -999, -999, -999, -999, -999, -999, -999, -999, -999, -999, -999, -999, -999, -999
19860903, 0600,  , TD, 19.8N, 130.3W,  25, -999, -999, -999, -999, -999, -999, -999, -999, -999, -999, -999, -999, -999, -999
19860903, 1200,  , TD, 20.0N, 130.7W,  25, -999, -999, -999, -999, -999, -999, -999, -999, -999, -999, -999, -999, -999, -999
EP121986,             LESTER,     14,
19860913, 1800,  , TD, 14.0N, 129.9W,  30, -999, -999, -999, -999, -999, -999, -999, -999, -999, -999, -999, -999, -999, -999
19860914, 0000,  , TS, 14.0N, 130.9W,  35, -999, -999, -999, -999, -999, -999, -999, -999, -999, -999, -999, -999, -999, -999
19860914, 0600,  , TS, 14.0N, 131.8W,  35, -999, -999, -999, -999, -999, -999, -999, -999, -999, -999, -999, -999, -999, -999
19860914, 1200,  , TS, 14.1N, 132.8W,  35, -999, -999, -999, -999, -999, -999, -999, -999, -999, -999, -999, -999, -999, -999
19860914, 1800,  , TS, 14.4N, 133.7W,  35, -999, -999, -999, -999, -999, -999, -999, -999, -999, -999, -999, -999, -999, -999
19860915, 0000,  , TS, 15.0N, 134.7W,  40, -999, -999, -999, -999, -999, -999, -999, -999, -999, -999, -999, -999, -999, -999
19860915, 0600,  , TS, 15.4N, 135.6W,  40, -999, -999, -999, -999, -999, -999, -999, -999, -999, -999, -999, -999, -999, -999
19860915, 1200,  , TS, 16.0N, 136.3W,  45, -999, -999, -999, -999, -999, -999, -999, -999, -999, -999, -999, -999, -999, -999
19860915, 1800,  , TS, 16.5N, 137.0W,  45, -999, -999, -999, -999, -999, -999, -999, -999, -999, -999, -999, -999, -999, -999
19860916, 0000,  , TS, 17.0N, 137.7W,  40, -999, -999, -999, -999, -999, -999, -999, -999, -999, -999, -999, -999, -999, -999
19860916, 0600,  , TS, 17.6N, 138.4W,  35, -999, -999, -999, -999, -999, -999, -999, -999, -999, -999, -999, -999, -999, -999
19860916, 1200,  , TS, 18.0N, 139.2W,  35, -999, -999, -999, -999, -999, -999, -999, -999, -999, -999, -999, -999, -999, -999
19860916, 1800,  , TD, 18.4N, 140.0W,  30, -999, -999, -999, -999, -999, -999, -999, -999, -999, -999, -999, -999, -999, -999
19860917, 0000,  , TD, 18.7N, 140.8W,  30, -999, -999, -999, -999, -999, -999, -999, -999, -999, -999, -999, -999, -999, -999
EP131986,           MADELINE,     28,
19860915, 1800,  , TD, 12.7N, 103.9W,  25, -999, -999, -999, -999, -999, -999, -999, -999, -999, -999, -999, -999, -999, -999
19860916, 0000,  , TD, 12.5N, 105.4W,  30, -999, -999, -999, -999, -999, -999, -999, -999, -999, -999, -999, -999, -999, -999
19860916, 0600,  , TD, 12.4N, 106.8W,  30, -999, -999, -999, -999, -999, -999, -999, -999, -999, -999, -999, -999, -999, -999
19860916, 1200,  , TD, 12.3N, 108.1W,  30, -999, -999, -999, -999, -999, -999, -999, -999, -999, -999, -999, -999, -999, -999
19860916, 1800,  , TS, 12.3N, 109.6W,  35, -999, -999, -999, -999, -999, -999, -999, -999, -999, -999, -999, -999, -999, -999
19860917, 0000,  , TS, 12.4N, 110.8W,  35, -999, -999, -999, -999, -999, -999, -999, -999, -999, -999, -999, -999, -999, -999
19860917, 0600,  , TS, 12.5N, 112.1W,  40, -999, -999, -999, -999, -999, -999, -999, -999, -999, -999, -999, -999, -999, -999
19860917, 1200,  , TS, 12.6N, 113.4W,  45, -999, -999, -999, -999, -999, -999, -999, -999, -999, -999, -999, -999, -999, -999
19860917, 1800,  , TS, 12.8N, 115.0W,  50, -999, -999, -999, -999, -999, -999, -999, -999, -999, -999, -999, -999, -999, -999
19860918, 0000,  , TS, 13.0N, 116.6W,  55, -999, -999, -999, -999, -999, -999, -999, -999, -999, -999, -999, -999, -999, -999
19860918, 0600,  , TS, 13.2N, 118.2W,  60, -999, -999, -999, -999, -999, -999, -999, -999, -999, -999, -999, -999, -999, -999
19860918, 1200,  , TS, 13.5N, 119.9W,  60, -999, -999, -999, -999, -999, -999, -999, -999, -999, -999, -999, -999, -999, -999
19860918, 1800,  , TS, 14.0N, 121.6W,  60, -999, -999, -999, -999, -999, -999, -999, -999, -999, -999, -999, -999, -999, -999
19860919, 0000,  , TS, 14.4N, 123.2W,  60, -999, -999, -999, -999, -999, -999, -999, -999, -999, -999, -999, -999, -999, -999
19860919, 0600,  , TS, 14.8N, 125.0W,  55, -999, -999, -999, -999, -999, -999, -999, -999, -999, -999, -999, -999, -999, -999
19860919, 1200,  , TS, 14.9N, 126.8W,  45, -999, -999, -999, -999, -999, -999, -999, -999, -999, -999, -999, -999, -999, -999
19860919, 1800,  , TS, 15.0N, 128.4W,  35, -999, -999, -999, -999, -999, -999, -999, -999, -999, -999, -999, -999, -999, -999
19860920, 0000,  , TS, 15.5N, 129.6W,  35, -999, -999, -999, -999, -999, -999, -999, -999, -999, -999, -999, -999, -999, -999
19860920, 0600,  , TS, 16.3N, 130.0W,  35, -999, -999, -999, -999, -999, -999, -999, -999, -999, -999, -999, -999, -999, -999
19860920, 1200,  , TS, 17.0N, 130.3W,  35, -999, -999, -999, -999, -999, -999, -999, -999, -999, -999, -999, -999, -999, -999
19860920, 1800,  , TS, 17.7N, 130.5W,  35, -999, -999, -999, -999, -999, -999, -999, -999, -999, -999, -999, -999, -999, -999
19860921, 0000,  , TS, 18.4N, 130.5W,  35, -999, -999, -999, -999, -999, -999, -999, -999, -999, -999, -999, -999, -999, -999
19860921, 0600,  , TS, 18.7N, 130.2W,  35, -999, -999, -999, -999, -999, -999, -999, -999, -999, -999, -999, -999, -999, -999
19860921, 1200,  , TS, 19.1N, 129.9W,  35, -999, -999, -999, -999, -999, -999, -999, -999, -999, -999, -999, -999, -999, -999
19860921, 1800,  , TS, 19.4N, 129.6W,  35, -999, -999, -999, -999, -999, -999, -999, -999, -999, -999, -999, -999, -999, -999
19860922, 0000,  , TD, 19.8N, 129.3W,  30, -999, -999, -999, -999, -999, -999, -999, -999, -999, -999, -999, -999, -999, -999
19860922, 0600,  , TD, 20.2N, 129.0W,  25, -999, -999, -999, -999, -999, -999, -999, -999, -999, -999, -999, -999, -999, -999
19860922, 1200,  , TD, 20.5N, 129.8W,  25, -999, -999, -999, -999, -999, -999, -999, -999, -999, -999, -999, -999, -999, -999
EP141986,             NEWTON,     23,
19860918, 1200,  , TD, 12.4N,  94.5W,  25, -999, -999, -999, -999, -999, -999, -999, -999, -999, -999, -999, -999, -999, -999
19860918, 1800,  , TD, 12.7N,  95.8W,  25, -999, -999, -999, -999, -999, -999, -999, -999, -999, -999, -999, -999, -999, -999
19860919, 0000,  , TD, 12.9N,  97.0W,  25, -999, -999, -999, -999, -999, -999, -999, -999, -999, -999, -999, -999, -999, -999
19860919, 0600,  , TD, 13.3N,  98.2W,  25, -999, -999, -999, -999, -999, -999, -999, -999, -999, -999, -999, -999, -999, -999
19860919, 1200,  , TD, 13.6N,  99.6W,  25, -999, -999, -999, -999, -999, -999, -999, -999, -999, -999, -999, -999, -999, -999
19860919, 1800,  , TD, 14.1N, 101.0W,  30, -999, -999, -999, -999, -999, -999, -999, -999, -999, -999, -999, -999, -999, -999
19860920, 0000,  , TS, 14.8N, 102.0W,  35, -999, -999, -999, -999, -999, -999, -999, -999, -999, -999, -999, -999, -999, -999
19860920, 0600,  , TS, 15.3N, 102.9W,  40, -999, -999, -999, -999, -999, -999, -999, -999, -999, -999, -999, -999, -999, -999
19860920, 1200,  , TS, 15.9N, 103.8W,  45, -999, -999, -999, -999, -999, -999, -999, -999, -999, -999, -999, -999, -999, -999
19860920, 1800,  , TS, 16.7N, 104.6W,  45, -999, -999, -999, -999, -999, -999, -999, -999, -999, -999, -999, -999, -999, -999
19860921, 0000,  , TS, 17.5N, 105.2W,  50, -999, -999, -999, -999, -999, -999, -999, -999, -999, -999, -999, -999, -999, -999
19860921, 0600,  , HU, 18.5N, 105.9W,  65, -999, -999, -999, -999, -999, -999, -999, -999, -999, -999, -999, -999, -999, -999
19860921, 1200,  , HU, 19.4N, 106.4W,  65, -999, -999, -999, -999, -999, -999, -999, -999, -999, -999, -999, -999, -999, -999
19860921, 1800,  , HU, 20.3N, 106.8W,  65, -999, -999, -999, -999, -999, -999, -999, -999, -999, -999, -999, -999, -999, -999
19860922, 0000,  , HU, 21.2N, 107.3W,  65, -999, -999, -999, -999, -999, -999, -999, -999, -999, -999, -999, -999, -999, -999
19860922, 0600,  , HU, 22.0N, 107.7W,  65, -999, -999, -999, -999, -999, -999, -999, -999, -999, -999, -999, -999, -999, -999
19860922, 1200,  , HU, 22.8N, 108.4W,  65, -999, -999, -999, -999, -999, -999, -999, -999, -999, -999, -999, -999, -999, -999
19860922, 1800,  , HU, 23.6N, 109.1W,  65, -999, -999, -999, -999, -999, -999, -999, -999, -999, -999, -999, -999, -999, -999
19860923, 0000,  , HU, 24.5N, 109.7W,  70, -999, -999, -999, -999, -999, -999, -999, -999, -999, -999, -999, -999, -999, -999
19860923, 0600,  , HU, 25.2N, 109.9W,  75, -999, -999, -999, -999, -999, -999, -999, -999, -999, -999, -999, -999, -999, -999
19860923, 1200,  , HU, 26.1N, 109.9W,  65, -999, -999, -999, -999, -999, -999, -999, -999, -999, -999, -999, -999, -999, -999
19860923, 1800,  , HU, 26.7N, 109.8W,  65, -999, -999, -999, -999, -999, -999, -999, -999, -999, -999, -999, -999, -999, -999
19860924, 0000,  , TS, 27.3N, 109.7W,  50, -999, -999, -999, -999, -999, -999, -999, -999, -999, -999, -999, -999, -999, -999
EP151986,             ORLENE,     17,
19860921, 0000,  , TD, 12.0N, 138.7W,  25, -999, -999, -999, -999, -999, -999, -999, -999, -999, -999, -999, -999, -999, -999
19860921, 0600,  , TD, 12.4N, 138.9W,  30, -999, -999, -999, -999, -999, -999, -999, -999, -999, -999, -999, -999, -999, -999
19860921, 1200,  , TS, 12.9N, 139.2W,  35, -999, -999, -999, -999, -999, -999, -999, -999, -999, -999, -999, -999, -999, -999
19860921, 1800,  , TS, 13.2N, 139.5W,  35, -999, -999, -999, -999, -999, -999, -999, -999, -999, -999, -999, -999, -999, -999
19860922, 0000,  , HU, 13.6N, 140.0W,  65, -999, -999, -999, -999, -999, -999, -999, -999, -999, -999, -999, -999, -999, -999
19860922, 0600,  , HU, 14.2N, 140.3W,  65, -999, -999, -999, -999, -999, -999, -999, -999, -999, -999, -999, -999, -999, -999
19860922, 1200,  , HU, 14.8N, 140.3W,  70, -999, -999, -999, -999, -999, -999, -999, -999, -999, -999, -999, -999, -999, -999
19860922, 1800,  , HU, 15.4N, 140.4W,  70, -999, -999, -999, -999, -999, -999, -999, -999, -999, -999, -999, -999, -999, -999
19860923, 0000,  , HU, 16.0N, 140.7W,  70, -999, -999, -999, -999, -999, -999, -999, -999, -999, -999, -999, -999, -999, -999
19860923, 0600,  , HU, 16.4N, 140.9W,  70, -999, -999, -999, -999, -999, -999, -999, -999, -999, -999, -999, -999, -999, -999
19860923, 1200,  , HU, 16.7N, 141.2W,  65, -999, -999, -999, -999, -999, -999, -999, -999, -999, -999, -999, -999, -999, -999
19860923, 1800,  , TS, 16.9N, 141.8W,  60, -999, -999, -999, -999, -999, -999, -999, -999, -999, -999, -999, -999, -999, -999
19860924, 0000,  , TS, 17.0N, 142.3W,  50, -999, -999, -999, -999, -999, -999, -999, -999, -999, -999, -999, -999, -999, -999
19860924, 0600,  , TS, 17.0N, 142.9W,  45, -999, -999, -999, -999, -999, -999, -999, -999, -999, -999, -999, -999, -999, -999
19860924, 1200,  , TS, 17.0N, 143.6W,  35, -999, -999, -999, -999, -999, -999, -999, -999, -999, -999, -999, -999, -999, -999
19860924, 1800,  , TD, 16.9N, 144.3W,  30, -999, -999, -999, -999, -999, -999, -999, -999, -999, -999, -999, -999, -999, -999
19860925, 0000,  , TD, 16.8N, 145.0W,  25, -999, -999, -999, -999, -999, -999, -999, -999, -999, -999, -999, -999, -999, -999
EP161986,              PAINE,     20,
19860928, 0000,  , TD, 11.5N,  93.0W,  25, -999, -999, -999, -999, -999, -999, -999, -999, -999, -999, -999, -999, -999, -999
19860928, 0600,  , TD, 11.5N,  94.6W,  25, -999, -999, -999, -999, -999, -999, -999, -999, -999, -999, -999, -999, -999, -999
19860928, 1200,  , TD, 11.6N,  96.2W,  25, -999, -999, -999, -999, -999, -999, -999, -999, -999, -999, -999, -999, -999, -999
19860928, 1800,  , TD, 11.8N,  97.9W,  25, -999, -999, -999, -999, -999, -999, -999, -999, -999, -999, -999, -999, -999, -999
19860929, 0000,  , TD, 12.4N,  99.4W,  30, -999, -999, -999, -999, -999, -999, -999, -999, -999, -999, -999, -999, -999, -999
19860929, 0600,  , TD, 13.0N, 100.7W,  30, -999, -999, -999, -999, -999, -999, -999, -999, -999, -999, -999, -999, -999, -999
19860929, 1200,  , TD, 13.7N, 102.0W,  30, -999, -999, -999, -999, -999, -999, -999, -999, -999, -999, -999, -999, -999, -999
19860929, 1800,  , TD, 14.5N, 103.3W,  30, -999, -999, -999, -999, -999, -999, -999, -999, -999, -999, -999, -999, -999, -999
19860930, 0000,  , TS, 15.4N, 104.5W,  35, -999, -999, -999, -999, -999, -999, -999, -999, -999, -999, -999, -999, -999, -999
19860930, 0600,  , TS, 16.3N, 105.6W,  35, -999, -999, -999, -999, -999, -999, -999, -999, -999, -999, -999, -999, -999, -999
19860930, 1200,  , TS, 17.2N, 106.6W,  35, -999, -999, -999, -999, -999, -999, -999, -999, -999, -999, -999, -999, -999, -999
19860930, 1800,  , TS, 18.0N, 107.3W,  40, -999, -999, -999, -999, -999, -999, -999, -999, -999, -999, -999, -999, -999, -999
19861001, 0000,  , HU, 18.9N, 108.0W,  70, -999, -999, -999, -999, -999, -999, -999, -999, -999, -999, -999, -999, -999, -999
19861001, 0600,  , HU, 19.7N, 108.7W,  70, -999, -999, -999, -999, -999, -999, -999, -999, -999, -999, -999, -999, -999, -999
19861001, 1200,  , HU, 20.5N, 109.1W,  75, -999, -999, -999, -999, -999, -999, -999, -999, -999, -999, -999, -999, -999, -999
19861001, 1800,  , HU, 21.5N, 109.2W,  80, -999, -999, -999, -999, -999, -999, -999, -999, -999, -999, -999, -999, -999, -999
19861002, 0000,  , HU, 22.5N, 109.1W,  85, -999, -999, -999, -999, -999, -999, -999, -999, -999, -999, -999, -999, -999, -999
19861002, 0600,  , HU, 23.7N, 108.9W,  80, -999, -999, -999, -999, -999, -999, -999, -999, -999, -999, -999, -999, -999, -999
19861002, 1200,  , HU, 25.1N, 108.6W,  80, -999, -999, -999, -999, -999, -999, -999, -999, -999, -999, -999, -999, -999, -999
19861002, 1800,  , TD, 27.2N, 107.3W,  25, -999, -999, -999, -999, -999, -999, -999, -999, -999, -999, -999, -999, -999, -999
EP171986,             ROSLYN,     28,
19861015, 1800,  , TD, 10.2N,  92.7W,  25, -999, -999, -999, -999, -999, -999, -999, -999, -999, -999, -999, -999, -999, -999
19861016, 0000,  , TD, 10.3N,  94.1W,  30, -999, -999, -999, -999, -999, -999, -999, -999, -999, -999, -999, -999, -999, -999
19861016, 0600,  , TS, 10.5N,  95.3W,  35, -999, -999, -999, -999, -999, -999, -999, -999, -999, -999, -999, -999, -999, -999
19861016, 1200,  , TS, 10.7N,  96.8W,  40, -999, -999, -999, -999, -999, -999, -999, -999, -999, -999, -999, -999, -999, -999
19861016, 1800,  , TS, 10.8N,  98.0W,  45, -999, -999, -999, -999, -999, -999, -999, -999, -999, -999, -999, -999, -999, -999
19861017, 0000,  , TS, 11.0N,  99.6W,  50, -999, -999, -999, -999, -999, -999, -999, -999, -999, -999, -999, -999, -999, -999
19861017, 0600,  , HU, 11.3N, 101.0W,  65, -999, -999, -999, -999, -999, -999, -999, -999, -999, -999, -999, -999, -999, -999
19861017, 1200,  , HU, 11.5N, 102.6W,  75, -999, -999, -999, -999, -999, -999, -999, -999, -999, -999, -999, -999, -999, -999
19861017, 1800,  , HU, 11.7N, 104.1W,  85, -999, -999, -999, -999, -999, -999, -999, -999, -999, -999, -999, -999, -999, -999
19861018, 0000,  , HU, 11.9N, 105.3W,  90, -999, -999, -999, -999, -999, -999, -999, -999, -999, -999, -999, -999, -999, -999
19861018, 0600,  , HU, 12.1N, 106.5W, 100, -999, -999, -999, -999, -999, -999, -999, -999, -999, -999, -999, -999, -999, -999
19861018, 1200,  , HU, 12.3N, 107.7W, 110, -999, -999, -999, -999, -999, -999, -999, -999, -999, -999, -999, -999, -999, -999
19861018, 1800,  , HU, 12.7N, 108.8W, 115, -999, -999, -999, -999, -999, -999, -999, -999, -999, -999, -999, -999, -999, -999
19861019, 0000,  , HU, 13.0N, 109.4W, 120, -999, -999, -999, -999, -999, -999, -999, -999, -999, -999, -999, -999, -999, -999
19861019, 0600,  , HU, 13.4N, 110.1W, 125, -999, -999, -999, -999, -999, -999, -999, -999, -999, -999, -999, -999, -999, -999
19861019, 1200,  , HU, 13.8N, 110.7W, 125, -999, -999, -999, -999, -999, -999, -999, -999, -999, -999, -999, -999, -999, -999
19861019, 1800,  , HU, 14.4N, 111.3W, 125, -999, -999, -999, -999, -999, -999, -999, -999, -999, -999, -999, -999, -999, -999
19861020, 0000,  , HU, 15.2N, 111.7W, 115, -999, -999, -999, -999, -999, -999, -999, -999, -999, -999, -999, -999, -999, -999
19861020, 0600,  , HU, 16.1N, 112.1W, 115, -999, -999, -999, -999, -999, -999, -999, -999, -999, -999, -999, -999, -999, -999
19861020, 1200,  , HU, 17.1N, 112.0W,  90, -999, -999, -999, -999, -999, -999, -999, -999, -999, -999, -999, -999, -999, -999
19861020, 1800,  , HU, 18.1N, 111.6W,  75, -999, -999, -999, -999, -999, -999, -999, -999, -999, -999, -999, -999, -999, -999
19861021, 0000,  , HU, 19.1N, 111.1W,  75, -999, -999, -999, -999, -999, -999, -999, -999, -999, -999, -999, -999, -999, -999
19861021, 0600,  , HU, 20.2N, 110.5W,  75, -999, -999, -999, -999, -999, -999, -999, -999, -999, -999, -999, -999, -999, -999
19861021, 1200,  , HU, 20.8N, 109.8W,  65, -999, -999, -999, -999, -999, -999, -999, -999, -999, -999, -999, -999, -999, -999
19861021, 1800,  , HU, 21.4N, 109.0W,  65, -999, -999, -999, -999, -999, -999, -999, -999, -999, -999, -999, -999, -999, -999
19861022, 0000,  , HU, 22.0N, 108.1W,  65, -999, -999, -999, -999, -999, -999, -999, -999, -999, -999, -999, -999, -999, -999
19861022, 0600,  , HU, 22.7N, 107.1W,  65, -999, -999, -999, -999, -999, -999, -999, -999, -999, -999, -999, -999, -999, -999
19861022, 1200,  , EX, 23.5N, 106.0W,  45, -999, -999, -999, -999, -999, -999, -999, -999, -999, -999, -999, -999, -999, -999
