EP011984,               ALMA,     17,
19840517, 1800,  , TD,  9.0N,  99.8W,  30, -999, -999, -999, -999, -999, -999, -999, -999, -999, -999, -999, -999, -999, -999
19840518, 0000,  , TD,  9.0N, 101.3W,  30, -999, -999, -999, -999, -999, -999, -999, -999, -999, -999, -999, -999, -999, -999
19840518, 0600,  , TD,  9.1N, 102.8W,  30, -999, -999, -999, -999, -999, -999, -999, -999, -999, -999, -999, -999, -999, -999
19840518, 1200,  , TD,  9.2N, 104.3W,  30, -999, -999, -999, -999, -999, -999, -999, -999, -999, -999, -999, -999, -999, -999
19840518, 1800,  , TS,  9.3N, 105.8W,  40, -999, -999, -999, -999, -999, -999, -999, -999, -999, -999, -999, -999, -999, -999
19840519, 0000,  , TS,  9.5N, 107.4W,  45, -999, -999, -999, -999, -999, -999, -999, -999, -999, -999, -999, -999, -999, -999
19840519, 0600,  , TS,  9.5N, 109.0W,  45, -999, -999, -999, -999, -999, -999, -999, -999, -999, -999, -999, -999, -999, -999
19840519, 1200,  , TS,  9.5N, 110.5W,  50, -999, -999, -999, -999, -999, -999, -999, -999, -999, -999, -999, -999, -999, -999
19840519, 1800,  , TS,  9.5N, 112.0W,  50, -999, -999, -999, -999, -999, -999, -999, -999, -999, -999, -999, -999, -999, -999
19840520, 0000,  , TS,  9.5N, 113.6W,  45, -999, -999, -999, -999, -999, -999, -999, -999, -999, -999, -999, -999, -999, -999
19840520, 0600,  , TS,  9.5N, 115.1W,  50, -999, -999, -999, -999, -999, -999, -999, -999, -999, -999, -999, -999, -999, -999
19840520, 1200,  , TS,  9.5N, 116.4W,  50, -999, -999, -999, -999, -999, -999, -999, -999, -999, -999, -999, -999, -999, -999
19840520, 1800,  , TS,  9.5N, 117.6W,  45, -999, -999, -999, -999, -999, -999, -999, -999, -999, -999, -999, -999, -999, -999
19840521, 0000,  , TS,  9.5N, 118.7W,  40, -999, -999, -999, -999, -999, -999, -999, -999, -999, -999, -999, -999, -999, -999
19840521, 0600,  , TS,  9.5N, 119.6W,  40, -999, -999, -999, -999, -999, -999, -999, -999, -999, -999, -999, -999, -999, -999
19840521, 1200,  , TS,  9.5N, 120.5W,  40, -999, -999, -999, -999, -999, -999, -999, -999, -999, -999, -999, -999, -999, -999
19840521, 1800,  , TD,  9.6N, 121.3W,  30, -999, -999, -999, -999, -999, -999, -999, -999, -999, -999, -999, -999, -999, -999
EP021984,              BORIS,     82,
19840528, 1800,  , TD, 11.6N,  94.0W,  30, -999, -999, -999, -999, -999, -999, -999, -999, -999, -999, -999, -999, -999, -999
19840529, 0000,  , TS, 11.7N,  94.6W,  35, -999, -999, -999, -999, -999, -999, -999, -999, -999, -999, -999, -999, -999, -999
19840529, 0600,  , TS, 12.0N,  95.0W,  35, -999, -999, -999, -999, -999, -999, -999, -999, -999, -999, -999, -999, -999, -999
19840529, 1200,  , TS, 12.3N,  95.3W,  40, -999, -999, -999, -999, -999, -999, -999, -999, -999, -999, -999, -999, -999, -999
19840529, 1800,  , TS, 12.7N,  95.8W,  50, -999, -999, -999, -999, -999, -999, -999, -999, -999, -999, -999, -999, -999, -999
19840530, 0000,  , TS, 13.0N,  96.2W,  60, -999, -999, -999, -999, -999, -999, -999, -999, -999, -999, -999, -999, -999, -999
19840530, 0600,  , TS, 13.2N,  96.6W,  60, -999, -999, -999, -999, -999, -999, -999, -999, -999, -999, -999, -999, -999, -999
19840530, 1200,  , HU, 13.4N,  97.1W,  65, -999, -999, -999, -999, -999, -999, -999, -999, -999, -999, -999, -999, -999, -999
19840530, 1800,  , TS, 13.5N,  97.6W,  55, -999, -999, -999, -999, -999, -999, -999, -999, -999, -999, -999, -999, -999, -999
19840531, 0000,  , TS, 13.5N,  98.1W,  50, -999, -999, -999, -999, -999, -999, -999, -999, -999, -999, -999, -999, -999, -999
19840531, 0600,  , TS, 13.6N,  98.3W,  50, -999, -999, -999, -999, -999, -999, -999, -999, -999, -999, -999, -999, -999, -999
19840531, 1200,  , TS, 13.6N,  98.5W,  45, -999, -999, -999, -999, -999, -999, -999, -999, -999, -999, -999, -999, -999, -999
19840531, 1800,  , TS, 13.6N,  98.8W,  40, -999, -999, -999, -999, -999, -999, -999, -999, -999, -999, -999, -999, -999, -999
19840601, 0000,  , TS, 13.7N,  99.0W,  40, -999, -999, -999, -999, -999, -999, -999, -999, -999, -999, -999, -999, -999, -999
19840601, 0600,  , TS, 13.5N,  99.1W,  35, -999, -999, -999, -999, -999, -999, -999, -999, -999, -999, -999, -999, -999, -999
19840601, 1200,  , TS, 13.4N,  99.2W,  35, -999, -999, -999, -999, -999, -999, -999, -999, -999, -999, -999, -999, -999, -999
19840601, 1800,  , TD, 13.2N,  99.3W,  30, -999, -999, -999, -999, -999, -999, -999, -999, -999, -999, -999, -999, -999, -999
19840602, 0000,  , TD, 12.9N,  99.3W,  30, -999, -999, -999, -999, -999, -999, -999, -999, -999, -999, -999, -999, -999, -999
19840602, 0600,  , TD, 12.6N,  99.2W,  25, -999, -999, -999, -999, -999, -999, -999, -999, -999, -999, -999, -999, -999, -999
19840602, 1200,  , TD, 12.3N,  99.1W,  25, -999, -999, -999, -999, -999, -999, -999, -999, -999, -999, -999, -999, -999, -999
19840602, 1800,  , TD, 12.1N,  99.1W,  25, -999, -999, -999, -999, -999, -999, -999, -999, -999, -999, -999, -999, -999, -999
19840603, 0000,  , TD, 11.8N,  99.2W,  30, -999, -999, -999, -999, -999, -999, -999, -999, -999, -999, -999, -999, -999, -999
19840603, 0600,  , TD, 11.7N,  99.3W,  30, -999, -999, -999, -999, -999, -999, -999, -999, -999, -999, -999, -999, -999, -999
19840603, 1200,  , TD, 11.5N,  99.5W,  30, -999, -999, -999, -999, -999, -999, -999, -999, -999, -999, -999, -999, -999, -999
19840603, 1800,  , TD, 11.3N,  99.7W,  25, -999, -999, -999, -999, -999, -999, -999, -999, -999, -999, -999, -999, -999, -999
19840604, 0000,  , TD, 11.2N,  99.9W,  25, -999, -999, -999, -999, -999, -999, -999, -999, -999, -999, -999, -999, -999, -999
19840604, 0600,  , TD, 11.4N, 100.1W,  25, -999, -999, -999, -999, -999, -999, -999, -999, -999, -999, -999, -999, -999, -999
19840604, 1200,  , TD, 11.8N, 100.1W,  25, -999, -999, -999, -999, -999, -999, -999, -999, -999, -999, -999, -999, -999, -999
19840604, 1800,  , TD, 12.3N, 100.0W,  25, -999, -999, -999, -999, -999, -999, -999, -999, -999, -999, -999, -999, -999, -999
19840605, 0000,  , TD, 12.9N,  99.7W,  30, -999, -999, -999, -999, -999, -999, -999, -999, -999, -999, -999, -999, -999, -999
19840605, 0600,  , TD, 13.6N,  99.4W,  30, -999, -999, -999, -999, -999, -999, -999, -999, -999, -999, -999, -999, -999, -999
19840605, 1200,  , TD, 14.4N,  99.8W,  30, -999, -999, -999, -999, -999, -999, -999, -999, -999, -999, -999, -999, -999, -999
19840605, 1800,  , TD, 14.6N, 100.4W,  30, -999, -999, -999, -999, -999, -999, -999, -999, -999, -999, -999, -999, -999, -999
19840606, 0000,  , TD, 14.7N, 101.0W,  25, -999, -999, -999, -999, -999, -999, -999, -999, -999, -999, -999, -999, -999, -999
19840606, 0600,  , TD, 14.8N, 101.6W,  25, -999, -999, -999, -999, -999, -999, -999, -999, -999, -999, -999, -999, -999, -999
19840606, 1200,  , TD, 14.5N, 101.9W,  20, -999, -999, -999, -999, -999, -999, -999, -999, -999, -999, -999, -999, -999, -999
19840606, 1800,  , TD, 14.5N, 102.2W,  20, -999, -999, -999, -999, -999, -999, -999, -999, -999, -999, -999, -999, -999, -999
19840607, 0000,  , TD, 14.5N, 102.5W,  20, -999, -999, -999, -999, -999, -999, -999, -999, -999, -999, -999, -999, -999, -999
19840607, 0600,  , TD, 14.4N, 102.8W,  20, -999, -999, -999, -999, -999, -999, -999, -999, -999, -999, -999, -999, -999, -999
19840607, 1200,  , TD, 14.4N, 103.1W,  20, -999, -999, -999, -999, -999, -999, -999, -999, -999, -999, -999, -999, -999, -999
19840607, 1800,  , TD, 14.4N, 103.4W,  20, -999, -999, -999, -999, -999, -999, -999, -999, -999, -999, -999, -999, -999, -999
19840608, 0000,  , TD, 14.4N, 103.7W,  20, -999, -999, -999, -999, -999, -999, -999, -999, -999, -999, -999, -999, -999, -999
19840608, 0600,  , TD, 14.4N, 104.0W,  20, -999, -999, -999, -999, -999, -999, -999, -999, -999, -999, -999, -999, -999, -999
19840608, 1200,  , TD, 14.3N, 104.3W,  20, -999, -999, -999, -999, -999, -999, -999, -999, -999, -999, -999, -999, -999, -999
19840608, 1800,  , TD, 14.3N, 104.6W,  20, -999, -999, -999, -999, -999, -999, -999, -999, -999, -999, -999, -999, -999, -999
19840609, 0000,  , TD, 14.3N, 104.9W,  20, -999, -999, -999, -999, -999, -999, -999, -999, -999, -999, -999, -999, -999, -999
19840609, 0600,  , TD, 14.3N, 105.2W,  20, -999, -999, -999, -999, -999, -999, -999, -999, -999, -999, -999, -999, -999, -999
19840609, 1200,  , TD, 14.3N, 105.5W,  20, -999, -999, -999, -999, -999, -999, -999, -999, -999, -999, -999, -999, -999, -999
19840609, 1800,  , TD, 14.2N, 105.8W,  20, -999, -999, -999, -999, -999, -999, -999, -999, -999, -999, -999, -999, -999, -999
19840610, 0000,  , TD, 14.2N, 106.1W,  20, -999, -999, -999, -999, -999, -999, -999, -999, -999, -999, -999, -999, -999, -999
19840610, 0600,  , TD, 14.2N, 106.4W,  20, -999, -999, -999, -999, -999, -999, -999, -999, -999, -999, -999, -999, -999, -999
19840610, 1200,  , TD, 14.2N, 106.7W,  20, -999, -999, -999, -999, -999, -999, -999, -999, -999, -999, -999, -999, -999, -999
19840610, 1800,  , TD, 14.2N, 107.0W,  20, -999, -999, -999, -999, -999, -999, -999, -999, -999, -999, -999, -999, -999, -999
19840611, 0000,  , TD, 14.1N, 107.3W,  20, -999, -999, -999, -999, -999, -999, -999, -999, -999, -999, -999, -999, -999, -999
19840611, 0600,  , TD, 14.1N, 107.6W,  20, -999, -999, -999, -999, -999, -999, -999, -999, -999, -999, -999, -999, -999, -999
19840611, 1200,  , TD, 14.1N, 107.9W,  20, -999, -999, -999, -999, -999, -999, -999, -999, -999, -999, -999, -999, -999, -999
19840611, 1800,  , TD, 14.1N, 108.2W,  20, -999, -999, -999, -999, -999, -999, -999, -999, -999, -999, -999, -999, -999, -999
19840612, 0000,  , TD, 14.1N, 108.5W,  20, -999, -999, -999, -999, -999, -999, -999, -999, -999, -999, -999, -999, -999, -999
19840612, 0600,  , TD, 14.0N, 108.8W,  20, -999, -999, -999, -999, -999, -999, -999, -999, -999, -999, -999, -999, -999, -999
19840612, 1200,  , TD, 14.0N, 109.1W,  20, -999, -999, -999, -999, -999, -999, -999, -999, -999, -999, -999, -999, -999, -999
19840612, 1800,  , TD, 14.1N, 109.9W,  30, -999, -999, -999, -999, -999, -999, -999, -999, -999, -999, -999, -999, -999, -999
19840613, 0000,  , TD, 14.1N, 110.1W,  30, -999, -999, -999, -999, -999, -999, -999, -999, -999, -999, -999, -999, -999, -999
19840613, 0600,  , TD, 14.0N, 110.4W,  30, -999, -999, -999, -999, -999, -999, -999, -999, -999, -999, -999, -999, -999, -999
19840613, 1200,  , TD, 14.0N, 110.7W,  30, -999, -999, -999, -999, -999, -999, -999, -999, -999, -999, -999, -999, -999, -999
19840613, 1800,  , TS, 14.1N, 110.9W,  40, -999, -999, -999, -999, -999, -999, -999, -999, -999, -999, -999, -999, -999, -999
19840614, 0000,  , TS, 14.3N, 111.2W,  50, -999, -999, -999, -999, -999, -999, -999, -999, -999, -999, -999, -999, -999, -999
19840614, 0600,  , TS, 14.5N, 111.6W,  50, -999, -999, -999, -999, -999, -999, -999, -999, -999, -999, -999, -999, -999, -999
19840614, 1200,  , TS, 14.8N, 112.2W,  50, -999, -999, -999, -999, -999, -999, -999, -999, -999, -999, -999, -999, -999, -999
19840614, 1800,  , TS, 15.6N, 112.6W,  45, -999, -999, -999, -999, -999, -999, -999, -999, -999, -999, -999, -999, -999, -999
19840615, 0000,  , TS, 16.3N, 112.9W,  40, -999, -999, -999, -999, -999, -999, -999, -999, -999, -999, -999, -999, -999, -999
19840615, 0600,  , TS, 17.0N, 113.1W,  40, -999, -999, -999, -999, -999, -999, -999, -999, -999, -999, -999, -999, -999, -999
19840615, 1200,  , TS, 17.7N, 113.3W,  40, -999, -999, -999, -999, -999, -999, -999, -999, -999, -999, -999, -999, -999, -999
19840615, 1800,  , TS, 18.4N, 113.6W,  35, -999, -999, -999, -999, -999, -999, -999, -999, -999, -999, -999, -999, -999, -999
19840616, 0000,  , TS, 18.9N, 113.7W,  35, -999, -999, -999, -999, -999, -999, -999, -999, -999, -999, -999, -999, -999, -999
19840616, 0600,  , TS, 19.3N, 113.7W,  35, -999, -999, -999, -999, -999, -999, -999, -999, -999, -999, -999, -999, -999, -999
19840616, 1200,  , TS, 19.5N, 113.8W,  35, -999, -999, -999, -999, -999, -999, -999, -999, -999, -999, -999, -999, -999, -999
19840616, 1800,  , TS, 19.7N, 113.9W,  40, -999, -999, -999, -999, -999, -999, -999, -999, -999, -999, -999, -999, -999, -999
19840617, 0000,  , TS, 19.9N, 114.0W,  40, -999, -999, -999, -999, -999, -999, -999, -999, -999, -999, -999, -999, -999, -999
19840617, 0600,  , TS, 20.1N, 114.3W,  35, -999, -999, -999, -999, -999, -999, -999, -999, -999, -999, -999, -999, -999, -999
19840617, 1200,  , TD, 20.2N, 114.6W,  30, -999, -999, -999, -999, -999, -999, -999, -999, -999, -999, -999, -999, -999, -999
19840617, 1800,  , TD, 20.3N, 115.0W,  25, -999, -999, -999, -999, -999, -999, -999, -999, -999, -999, -999, -999, -999, -999
19840618, 0000,  , TD, 20.3N, 115.4W,  25, -999, -999, -999, -999, -999, -999, -999, -999, -999, -999, -999, -999, -999, -999
EP031984,           CRISTINA,     36,
19840617, 0600,  , TD, 14.0N, 103.3W,  30, -999, -999, -999, -999, -999, -999, -999, -999, -999, -999, -999, -999, -999, -999
19840617, 1200,  , TS, 14.0N, 103.6W,  35, -999, -999, -999, -999, -999, -999, -999, -999, -999, -999, -999, -999, -999, -999
19840617, 1800,  , TS, 14.0N, 104.1W,  35, -999, -999, -999, -999, -999, -999, -999, -999, -999, -999, -999, -999, -999, -999
19840618, 0000,  , TS, 14.0N, 104.6W,  35, -999, -999, -999, -999, -999, -999, -999, -999, -999, -999, -999, -999, -999, -999
19840618, 0600,  , TS, 14.0N, 105.3W,  35, -999, -999, -999, -999, -999, -999, -999, -999, -999, -999, -999, -999, -999, -999
19840618, 1200,  , TS, 14.0N, 105.9W,  45, -999, -999, -999, -999, -999, -999, -999, -999, -999, -999, -999, -999, -999, -999
19840618, 1800,  , TS, 14.0N, 106.5W,  55, -999, -999, -999, -999, -999, -999, -999, -999, -999, -999, -999, -999, -999, -999
19840619, 0000,  , TS, 14.1N, 106.9W,  60, -999, -999, -999, -999, -999, -999, -999, -999, -999, -999, -999, -999, -999, -999
19840619, 0600,  , TS, 14.2N, 107.3W,  60, -999, -999, -999, -999, -999, -999, -999, -999, -999, -999, -999, -999, -999, -999
19840619, 1200,  , TS, 14.3N, 107.7W,  60, -999, -999, -999, -999, -999, -999, -999, -999, -999, -999, -999, -999, -999, -999
19840619, 1800,  , HU, 14.4N, 108.2W,  70, -999, -999, -999, -999, -999, -999, -999, -999, -999, -999, -999, -999, -999, -999
19840620, 0000,  , HU, 14.7N, 108.7W,  80, -999, -999, -999, -999, -999, -999, -999, -999, -999, -999, -999, -999, -999, -999
19840620, 0600,  , HU, 14.8N, 109.4W,  85, -999, -999, -999, -999, -999, -999, -999, -999, -999, -999, -999, -999, -999, -999
19840620, 1200,  , HU, 14.8N, 110.2W,  90, -999, -999, -999, -999, -999, -999, -999, -999, -999, -999, -999, -999, -999, -999
19840620, 1800,  , HU, 14.6N, 111.0W,  90, -999, -999, -999, -999, -999, -999, -999, -999, -999, -999, -999, -999, -999, -999
19840621, 0000,  , HU, 14.5N, 111.8W,  75, -999, -999, -999, -999, -999, -999, -999, -999, -999, -999, -999, -999, -999, -999
19840621, 0600,  , HU, 14.6N, 111.9W,  70, -999, -999, -999, -999, -999, -999, -999, -999, -999, -999, -999, -999, -999, -999
19840621, 1200,  , HU, 14.8N, 112.0W,  65, -999, -999, -999, -999, -999, -999, -999, -999, -999, -999, -999, -999, -999, -999
19840621, 1800,  , TS, 15.1N, 112.1W,  60, -999, -999, -999, -999, -999, -999, -999, -999, -999, -999, -999, -999, -999, -999
19840622, 0000,  , TS, 15.5N, 112.5W,  60, -999, -999, -999, -999, -999, -999, -999, -999, -999, -999, -999, -999, -999, -999
19840622, 0600,  , TS, 16.0N, 112.9W,  60, -999, -999, -999, -999, -999, -999, -999, -999, -999, -999, -999, -999, -999, -999
19840622, 1200,  , TS, 16.4N, 113.3W,  55, -999, -999, -999, -999, -999, -999, -999, -999, -999, -999, -999, -999, -999, -999
19840622, 1800,  , TS, 16.9N, 113.8W,  55, -999, -999, -999, -999, -999, -999, -999, -999, -999, -999, -999, -999, -999, -999
19840623, 0000,  , TS, 17.3N, 114.2W,  60, -999, -999, -999, -999, -999, -999, -999, -999, -999, -999, -999, -999, -999, -999
19840623, 0600,  , TS, 17.8N, 114.7W,  55, -999, -999, -999, -999, -999, -999, -999, -999, -999, -999, -999, -999, -999, -999
19840623, 1200,  , TS, 18.3N, 115.2W,  50, -999, -999, -999, -999, -999, -999, -999, -999, -999, -999, -999, -999, -999, -999
19840623, 1800,  , TS, 18.8N, 115.6W,  60, -999, -999, -999, -999, -999, -999, -999, -999, -999, -999, -999, -999, -999, -999
19840624, 0000,  , HU, 19.4N, 116.2W,  75, -999, -999, -999, -999, -999, -999, -999, -999, -999, -999, -999, -999, -999, -999
19840624, 0600,  , HU, 19.8N, 116.8W,  75, -999, -999, -999, -999, -999, -999, -999, -999, -999, -999, -999, -999, -999, -999
19840624, 1200,  , HU, 20.0N, 117.6W,  70, -999, -999, -999, -999, -999, -999, -999, -999, -999, -999, -999, -999, -999, -999
19840624, 1800,  , TS, 20.1N, 118.3W,  60, -999, -999, -999, -999, -999, -999, -999, -999, -999, -999, -999, -999, -999, -999
19840625, 0000,  , TS, 20.2N, 119.1W,  60, -999, -999, -999, -999, -999, -999, -999, -999, -999, -999, -999, -999, -999, -999
19840625, 0600,  , TS, 20.2N, 120.1W,  50, -999, -999, -999, -999, -999, -999, -999, -999, -999, -999, -999, -999, -999, -999
19840625, 1200,  , TS, 20.5N, 121.0W,  45, -999, -999, -999, -999, -999, -999, -999, -999, -999, -999, -999, -999, -999, -999
19840625, 1800,  , TD, 21.0N, 121.9W,  30, -999, -999, -999, -999, -999, -999, -999, -999, -999, -999, -999, -999, -999, -999
19840626, 0000,  , TD, 21.5N, 122.6W,  30, -999, -999, -999, -999, -999, -999, -999, -999, -999, -999, -999, -999, -999, -999
EP041984,            DOUGLAS,     48,
19840625, 0000,  , TD, 10.3N, 106.5W,  25, -999, -999, -999, -999, -999, -999, -999, -999, -999, -999, -999, -999, -999, -999
19840625, 0600,  , TD, 10.3N, 107.4W,  25, -999, -999, -999, -999, -999, -999, -999, -999, -999, -999, -999, -999, -999, -999
19840625, 1200,  , TD, 10.4N, 108.3W,  25, -999, -999, -999, -999, -999, -999, -999, -999, -999, -999, -999, -999, -999, -999
19840625, 1800,  , TS, 10.4N, 109.3W,  35, -999, -999, -999, -999, -999, -999, -999, -999, -999, -999, -999, -999, -999, -999
19840626, 0000,  , TS, 10.5N, 110.4W,  35, -999, -999, -999, -999, -999, -999, -999, -999, -999, -999, -999, -999, -999, -999
19840626, 0600,  , TS, 10.6N, 111.5W,  40, -999, -999, -999, -999, -999, -999, -999, -999, -999, -999, -999, -999, -999, -999
19840626, 1200,  , TS, 10.9N, 112.5W,  45, -999, -999, -999, -999, -999, -999, -999, -999, -999, -999, -999, -999, -999, -999
19840626, 1800,  , TS, 11.3N, 113.5W,  45, -999, -999, -999, -999, -999, -999, -999, -999, -999, -999, -999, -999, -999, -999
19840627, 0000,  , TS, 11.9N, 114.3W,  50, -999, -999, -999, -999, -999, -999, -999, -999, -999, -999, -999, -999, -999, -999
19840627, 0600,  , TS, 12.4N, 115.3W,  55, -999, -999, -999, -999, -999, -999, -999, -999, -999, -999, -999, -999, -999, -999
19840627, 1200,  , TS, 12.6N, 116.1W,  60, -999, -999, -999, -999, -999, -999, -999, -999, -999, -999, -999, -999, -999, -999
19840627, 1800,  , HU, 12.7N, 117.0W,  65, -999, -999, -999, -999, -999, -999, -999, -999, -999, -999, -999, -999, -999, -999
19840628, 0000,  , HU, 12.8N, 117.9W,  75, -999, -999, -999, -999, -999, -999, -999, -999, -999, -999, -999, -999, -999, -999
19840628, 0600,  , HU, 13.0N, 118.9W,  90, -999, -999, -999, -999, -999, -999, -999, -999, -999, -999, -999, -999, -999, -999
19840628, 1200,  , HU, 13.2N, 119.8W, 115, -999, -999, -999, -999, -999, -999, -999, -999, -999, -999, -999, -999, -999, -999
19840628, 1800,  , HU, 13.4N, 120.7W, 120, -999, -999, -999, -999, -999, -999, -999, -999, -999, -999, -999, -999, -999, -999
19840629, 0000,  , HU, 13.8N, 121.8W, 125, -999, -999, -999, -999, -999, -999, -999, -999, -999, -999, -999, -999, -999, -999
19840629, 0600,  , HU, 14.0N, 122.8W, 120, -999, -999, -999, -999, -999, -999, -999, -999, -999, -999, -999, -999, -999, -999
19840629, 1200,  , HU, 14.3N, 123.9W, 115, -999, -999, -999, -999, -999, -999, -999, -999, -999, -999, -999, -999, -999, -999
19840629, 1800,  , HU, 14.6N, 125.0W, 115, -999, -999, -999, -999, -999, -999, -999, -999, -999, -999, -999, -999, -999, -999
19840630, 0000,  , HU, 14.9N, 126.1W, 115, -999, -999, -999, -999, -999, -999, -999, -999, -999, -999, -999, -999, -999, -999
19840630, 0600,  , HU, 15.1N, 127.2W, 115, -999, -999, -999, -999, -999, -999, -999, -999, -999, -999, -999, -999, -999, -999
19840630, 1200,  , HU, 15.3N, 128.1W, 105, -999, -999, -999, -999, -999, -999, -999, -999, -999, -999, -999, -999, -999, -999
19840630, 1800,  , HU, 15.6N, 128.8W, 100, -999, -999, -999, -999, -999, -999, -999, -999, -999, -999, -999, -999, -999, -999
19840701, 0000,  , HU, 15.9N, 129.6W,  95, -999, -999, -999, -999, -999, -999, -999, -999, -999, -999, -999, -999, -999, -999
19840701, 0600,  , HU, 16.3N, 130.2W,  95, -999, -999, -999, -999, -999, -999, -999, -999, -999, -999, -999, -999, -999, -999
19840701, 1200,  , HU, 16.7N, 130.8W,  90, -999, -999, -999, -999, -999, -999, -999, -999, -999, -999, -999, -999, -999, -999
19840701, 1800,  , HU, 17.1N, 131.5W,  75, -999, -999, -999, -999, -999, -999, -999, -999, -999, -999, -999, -999, -999, -999
19840702, 0000,  , HU, 17.4N, 132.2W,  65, -999, -999, -999, -999, -999, -999, -999, -999, -999, -999, -999, -999, -999, -999
19840702, 0600,  , HU, 17.7N, 133.3W,  65, -999, -999, -999, -999, -999, -999, -999, -999, -999, -999, -999, -999, -999, -999
19840702, 1200,  , TS, 17.7N, 134.4W,  55, -999, -999, -999, -999, -999, -999, -999, -999, -999, -999, -999, -999, -999, -999
19840702, 1800,  , TS, 17.8N, 135.4W,  45, -999, -999, -999, -999, -999, -999, -999, -999, -999, -999, -999, -999, -999, -999
19840703, 0000,  , TS, 17.8N, 136.5W,  35, -999, -999, -999, -999, -999, -999, -999, -999, -999, -999, -999, -999, -999, -999
19840703, 0600,  , TD, 17.8N, 137.6W,  30, -999, -999, -999, -999, -999, -999, -999, -999, -999, -999, -999, -999, -999, -999
19840703, 1200,  , TD, 17.9N, 138.8W,  30, -999, -999, -999, -999, -999, -999, -999, -999, -999, -999, -999, -999, -999, -999
19840703, 1800,  , TD, 18.1N, 140.0W,  30, -999, -999, -999, -999, -999, -999, -999, -999, -999, -999, -999, -999, -999, -999
19840704, 0000,  , TD, 18.3N, 141.3W,  30, -999, -999, -999, -999, -999, -999, -999, -999, -999, -999, -999, -999, -999, -999
19840704, 0600,  , TD, 18.5N, 142.4W,  25, -999, -999, -999, -999, -999, -999, -999, -999, -999, -999, -999, -999, -999, -999
19840704, 1200,  , TD, 18.9N, 143.5W,  25, -999, -999, -999, -999, -999, -999, -999, -999, -999, -999, -999, -999, -999, -999
19840704, 1800,  , TD, 19.2N, 144.7W,  25, -999, -999, -999, -999, -999, -999, -999, -999, -999, -999, -999, -999, -999, -999
19840705, 0000,  , TD, 19.6N, 145.9W,  25, -999, -999, -999, -999, -999, -999, -999, -999, -999, -999, -999, -999, -999, -999
19840705, 0600,  , TD, 19.8N, 146.5W,  25, -999, -999, -999, -999, -999, -999, -999, -999, -999, -999, -999, -999, -999, -999
19840705, 1200,  , TD, 20.0N, 147.0W,  25, -999, -999, -999, -999, -999, -999, -999, -999, -999, -999, -999, -999, -999, -999
19840705, 1800,  , TD, 20.2N, 147.5W,  25, -999, -999, -999, -999, -999, -999, -999, -999, -999, -999, -999, -999, -999, -999
19840706, 0000,  , TD, 20.4N, 148.0W,  25, -999, -999, -999, -999, -999, -999, -999, -999, -999, -999, -999, -999, -999, -999
19840706, 0600,  , TD, 20.5N, 148.3W,  25, -999, -999, -999, -999, -999, -999, -999, -999, -999, -999, -999, -999, -999, -999
19840706, 1200,  , TD, 20.6N, 148.5W,  25, -999, -999, -999, -999, -999, -999, -999, -999, -999, -999, -999, -999, -999, -999
19840706, 1800,  , TD, 20.7N, 148.7W,  25, -999, -999, -999, -999, -999, -999, -999, -999, -999, -999, -999, -999, -999, -999
EP051984,              ELIDA,     44,
19840628, 0000,  , TD, 10.1N, 101.8W,  25, -999, -999, -999, -999, -999, -999, -999, -999, -999, -999, -999, -999, -999, -999
19840628, 0600,  , TD, 10.2N, 102.6W,  25, -999, -999, -999, -999, -999, -999, -999, -999, -999, -999, -999, -999, -999, -999
19840628, 1200,  , TD, 10.4N, 103.3W,  25, -999, -999, -999, -999, -999, -999, -999, -999, -999, -999, -999, -999, -999, -999
19840628, 1800,  , TD, 10.5N, 104.0W,  25, -999, -999, -999, -999, -999, -999, -999, -999, -999, -999, -999, -999, -999, -999
19840629, 0000,  , TD, 10.9N, 104.8W,  30, -999, -999, -999, -999, -999, -999, -999, -999, -999, -999, -999, -999, -999, -999
19840629, 0600,  , TD, 11.7N, 105.6W,  30, -999, -999, -999, -999, -999, -999, -999, -999, -999, -999, -999, -999, -999, -999
19840629, 1200,  , TS, 12.5N, 106.3W,  35, -999, -999, -999, -999, -999, -999, -999, -999, -999, -999, -999, -999, -999, -999
19840629, 1800,  , TS, 13.2N, 107.0W,  45, -999, -999, -999, -999, -999, -999, -999, -999, -999, -999, -999, -999, -999, -999
19840630, 0000,  , TS, 13.9N, 107.6W,  60, -999, -999, -999, -999, -999, -999, -999, -999, -999, -999, -999, -999, -999, -999
19840630, 0600,  , HU, 14.3N, 108.3W,  75, -999, -999, -999, -999, -999, -999, -999, -999, -999, -999, -999, -999, -999, -999
19840630, 1200,  , HU, 14.6N, 109.1W,  80, -999, -999, -999, -999, -999, -999, -999, -999, -999, -999, -999, -999, -999, -999
19840630, 1800,  , HU, 15.0N, 109.9W,  90, -999, -999, -999, -999, -999, -999, -999, -999, -999, -999, -999, -999, -999, -999
19840701, 0000,  , HU, 15.3N, 110.6W, 105, -999, -999, -999, -999, -999, -999, -999, -999, -999, -999, -999, -999, -999, -999
19840701, 0600,  , HU, 15.5N, 111.4W, 110, -999, -999, -999, -999, -999, -999, -999, -999, -999, -999, -999, -999, -999, -999
19840701, 1200,  , HU, 15.7N, 112.0W, 115, -999, -999, -999, -999, -999, -999, -999, -999, -999, -999, -999, -999, -999, -999
19840701, 1800,  , HU, 15.9N, 112.8W, 110, -999, -999, -999, -999, -999, -999, -999, -999, -999, -999, -999, -999, -999, -999
19840702, 0000,  , HU, 16.0N, 113.6W,  95, -999, -999, -999, -999, -999, -999, -999, -999, -999, -999, -999, -999, -999, -999
19840702, 0600,  , HU, 16.1N, 114.3W,  90, -999, -999, -999, -999, -999, -999, -999, -999, -999, -999, -999, -999, -999, -999
19840702, 1200,  , HU, 16.2N, 115.1W,  85, -999, -999, -999, -999, -999, -999, -999, -999, -999, -999, -999, -999, -999, -999
19840702, 1800,  , HU, 16.4N, 116.0W,  95, -999, -999, -999, -999, -999, -999, -999, -999, -999, -999, -999, -999, -999, -999
19840703, 0000,  , HU, 16.6N, 116.9W, 100, -999, -999, -999, -999, -999, -999, -999, -999, -999, -999, -999, -999, -999, -999
19840703, 0600,  , HU, 16.8N, 117.8W, 100, -999, -999, -999, -999, -999, -999, -999, -999, -999, -999, -999, -999, -999, -999
19840703, 1200,  , HU, 17.0N, 118.7W, 100, -999, -999, -999, -999, -999, -999, -999, -999, -999, -999, -999, -999, -999, -999
19840703, 1800,  , HU, 17.0N, 119.6W, 100, -999, -999, -999, -999, -999, -999, -999, -999, -999, -999, -999, -999, -999, -999
19840704, 0000,  , HU, 17.0N, 120.6W,  95, -999, -999, -999, -999, -999, -999, -999, -999, -999, -999, -999, -999, -999, -999
19840704, 0600,  , HU, 16.9N, 121.4W,  85, -999, -999, -999, -999, -999, -999, -999, -999, -999, -999, -999, -999, -999, -999
19840704, 1200,  , HU, 16.8N, 122.0W,  65, -999, -999, -999, -999, -999, -999, -999, -999, -999, -999, -999, -999, -999, -999
19840704, 1800,  , TS, 16.7N, 122.5W,  55, -999, -999, -999, -999, -999, -999, -999, -999, -999, -999, -999, -999, -999, -999
19840705, 0000,  , TS, 16.6N, 122.8W,  50, -999, -999, -999, -999, -999, -999, -999, -999, -999, -999, -999, -999, -999, -999
19840705, 0600,  , TS, 16.3N, 123.1W,  45, -999, -999, -999, -999, -999, -999, -999, -999, -999, -999, -999, -999, -999, -999
19840705, 1200,  , TS, 15.9N, 123.3W,  45, -999, -999, -999, -999, -999, -999, -999, -999, -999, -999, -999, -999, -999, -999
19840705, 1800,  , TS, 15.5N, 123.5W,  40, -999, -999, -999, -999, -999, -999, -999, -999, -999, -999, -999, -999, -999, -999
19840706, 0000,  , TD, 15.1N, 123.7W,  30, -999, -999, -999, -999, -999, -999, -999, -999, -999, -999, -999, -999, -999, -999
19840706, 0600,  , TD, 15.0N, 123.7W,  30, -999, -999, -999, -999, -999, -999, -999, -999, -999, -999, -999, -999, -999, -999
19840706, 1200,  , TD, 14.8N, 123.6W,  30, -999, -999, -999, -999, -999, -999, -999, -999, -999, -999, -999, -999, -999, -999
19840706, 1800,  , TD, 14.9N, 123.3W,  30, -999, -999, -999, -999, -999, -999, -999, -999, -999, -999, -999, -999, -999, -999
19840707, 0000,  , TD, 15.0N, 123.0W,  30, -999, -999, -999, -999, -999, -999, -999, -999, -999, -999, -999, -999, -999, -999
19840707, 0600,  , TD, 15.1N, 122.6W,  25, -999, -999, -999, -999, -999, -999, -999, -999, -999, -999, -999, -999, -999, -999
19840707, 1200,  , TD, 15.2N, 122.0W,  25, -999, -999, -999, -999, -999, -999, -999, -999, -999, -999, -999, -999, -999, -999
19840707, 1800,  , TD, 15.3N, 121.2W,  25, -999, -999, -999, -999, -999, -999, -999, -999, -999, -999, -999, -999, -999, -999
19840708, 0000,  , TD, 15.4N, 120.4W,  25, -999, -999, -999, -999, -999, -999, -999, -999, -999, -999, -999, -999, -999, -999
19840708, 0600,  , TD, 15.4N, 119.5W,  25, -999, -999, -999, -999, -999, -999, -999, -999, -999, -999, -999, -999, -999, -999
19840708, 1200,  , TD, 15.6N, 117.2W,  25, -999, -999, -999, -999, -999, -999, -999, -999, -999, -999, -999, -999, -999, -999
19840708, 1800,  , TD, 15.8N, 115.8W,  25, -999, -999, -999, -999, -999, -999, -999, -999, -999, -999, -999, -999, -999, -999
EP061984,             FAUSTO,     27,
19840703, 1200,  , TD, 15.8N, 103.9W,  30, -999, -999, -999, -999, -999, -999, -999, -999, -999, -999, -999, -999, -999, -999
19840703, 1800,  , TS, 16.1N, 104.0W,  40, -999, -999, -999, -999, -999, -999, -999, -999, -999, -999, -999, -999, -999, -999
19840704, 0000,  , TS, 16.4N, 105.5W,  45, -999, -999, -999, -999, -999, -999, -999, -999, -999, -999, -999, -999, -999, -999
19840704, 0600,  , TS, 16.7N, 106.1W,  50, -999, -999, -999, -999, -999, -999, -999, -999, -999, -999, -999, -999, -999, -999
19840704, 1200,  , TS, 17.0N, 106.6W,  55, -999, -999, -999, -999, -999, -999, -999, -999, -999, -999, -999, -999, -999, -999
19840704, 1800,  , HU, 17.3N, 107.0W,  65, -999, -999, -999, -999, -999, -999, -999, -999, -999, -999, -999, -999, -999, -999
19840705, 0000,  , HU, 17.5N, 107.5W,  75, -999, -999, -999, -999, -999, -999, -999, -999, -999, -999, -999, -999, -999, -999
19840705, 0600,  , HU, 17.6N, 107.7W,  80, -999, -999, -999, -999, -999, -999, -999, -999, -999, -999, -999, -999, -999, -999
19840705, 1200,  , HU, 17.8N, 108.0W,  80, -999, -999, -999, -999, -999, -999, -999, -999, -999, -999, -999, -999, -999, -999
19840705, 1800,  , HU, 17.9N, 108.1W,  90, -999, -999, -999, -999, -999, -999, -999, -999, -999, -999, -999, -999, -999, -999
19840706, 0000,  , HU, 18.2N, 108.3W,  95, -999, -999, -999, -999, -999, -999, -999, -999, -999, -999, -999, -999, -999, -999
19840706, 0600,  , HU, 18.7N, 108.6W,  95, -999, -999, -999, -999, -999, -999, -999, -999, -999, -999, -999, -999, -999, -999
19840706, 1200,  , HU, 19.3N, 108.8W,  95, -999, -999, -999, -999, -999, -999, -999, -999, -999, -999, -999, -999, -999, -999
19840706, 1800,  , HU, 19.9N, 109.1W,  90, -999, -999, -999, -999, -999, -999, -999, -999, -999, -999, -999, -999, -999, -999
19840707, 0000,  , HU, 20.3N, 109.6W,  90, -999, -999, -999, -999, -999, -999, -999, -999, -999, -999, -999, -999, -999, -999
19840707, 0600,  , HU, 20.7N, 110.1W,  90, -999, -999, -999, -999, -999, -999, -999, -999, -999, -999, -999, -999, -999, -999
19840707, 1200,  , HU, 21.1N, 110.4W,  90, -999, -999, -999, -999, -999, -999, -999, -999, -999, -999, -999, -999, -999, -999
19840707, 1800,  , HU, 21.5N, 110.7W,  85, -999, -999, -999, -999, -999, -999, -999, -999, -999, -999, -999, -999, -999, -999
19840708, 0000,  , HU, 22.0N, 111.3W,  80, -999, -999, -999, -999, -999, -999, -999, -999, -999, -999, -999, -999, -999, -999
19840708, 0600,  , HU, 22.7N, 112.0W,  70, -999, -999, -999, -999, -999, -999, -999, -999, -999, -999, -999, -999, -999, -999
19840708, 1200,  , TS, 23.3N, 112.7W,  55, -999, -999, -999, -999, -999, -999, -999, -999, -999, -999, -999, -999, -999, -999
19840708, 1800,  , TS, 23.9N, 113.5W,  45, -999, -999, -999, -999, -999, -999, -999, -999, -999, -999, -999, -999, -999, -999
19840709, 0000,  , TS, 24.0N, 114.6W,  40, -999, -999, -999, -999, -999, -999, -999, -999, -999, -999, -999, -999, -999, -999
19840709, 0600,  , TD, 24.0N, 115.5W,  30, -999, -999, -999, -999, -999, -999, -999, -999, -999, -999, -999, -999, -999, -999
19840709, 1200,  , TD, 23.9N, 116.2W,  30, -999, -999, -999, -999, -999, -999, -999, -999, -999, -999, -999, -999, -999, -999
19840709, 1800,  , TD, 23.9N, 117.0W,  25, -999, -999, -999, -999, -999, -999, -999, -999, -999, -999, -999, -999, -999, -999
19840710, 0000,  , TD, 23.9N, 117.8W,  25, -999, -999, -999, -999, -999, -999, -999, -999, -999, -999, -999, -999, -999, -999
EP071984,          GENEVIEVE,     30,
19840707, 0600,  , TD, 10.5N,  95.5W,  30, -999, -999, -999, -999, -999, -999, -999, -999, -999, -999, -999, -999, -999, -999
19840707, 1200,  , TD, 10.9N,  96.1W,  30, -999, -999, -999, -999, -999, -999, -999, -999, -999, -999, -999, -999, -999, -999
19840707, 1800,  , TS, 11.3N,  96.8W,  35, -999, -999, -999, -999, -999, -999, -999, -999, -999, -999, -999, -999, -999, -999
19840708, 0000,  , TS, 11.7N,  97.8W,  40, -999, -999, -999, -999, -999, -999, -999, -999, -999, -999, -999, -999, -999, -999
19840708, 0600,  , TS, 11.7N,  98.8W,  50, -999, -999, -999, -999, -999, -999, -999, -999, -999, -999, -999, -999, -999, -999
19840708, 1200,  , TS, 12.0N,  99.7W,  60, -999, -999, -999, -999, -999, -999, -999, -999, -999, -999, -999, -999, -999, -999
19840708, 1800,  , HU, 12.3N, 100.4W,  65, -999, -999, -999, -999, -999, -999, -999, -999, -999, -999, -999, -999, -999, -999
19840709, 0000,  , HU, 13.0N, 101.4W,  65, -999, -999, -999, -999, -999, -999, -999, -999, -999, -999, -999, -999, -999, -999
19840709, 0600,  , HU, 13.7N, 102.2W,  75, -999, -999, -999, -999, -999, -999, -999, -999, -999, -999, -999, -999, -999, -999
19840709, 1200,  , HU, 14.5N, 103.2W,  90, -999, -999, -999, -999, -999, -999, -999, -999, -999, -999, -999, -999, -999, -999
19840709, 1800,  , HU, 15.3N, 104.3W,  90, -999, -999, -999, -999, -999, -999, -999, -999, -999, -999, -999, -999, -999, -999
19840710, 0000,  , HU, 16.1N, 105.1W,  90, -999, -999, -999, -999, -999, -999, -999, -999, -999, -999, -999, -999, -999, -999
19840710, 0600,  , HU, 17.0N, 106.1W,  90, -999, -999, -999, -999, -999, -999, -999, -999, -999, -999, -999, -999, -999, -999
19840710, 1200,  , HU, 17.9N, 107.0W,  90, -999, -999, -999, -999, -999, -999, -999, -999, -999, -999, -999, -999, -999, -999
19840710, 1800,  , HU, 18.8N, 107.8W, 100, -999, -999, -999, -999, -999, -999, -999, -999, -999, -999, -999, -999, -999, -999
19840711, 0000,  , HU, 19.4N, 108.4W, 100, -999, -999, -999, -999, -999, -999, -999, -999, -999, -999, -999, -999, -999, -999
19840711, 0600,  , HU, 20.0N, 108.9W,  90, -999, -999, -999, -999, -999, -999, -999, -999, -999, -999, -999, -999, -999, -999
19840711, 1200,  , HU, 20.4N, 109.0W,  80, -999, -999, -999, -999, -999, -999, -999, -999, -999, -999, -999, -999, -999, -999
19840711, 1800,  , HU, 20.7N, 109.0W,  65, -999, -999, -999, -999, -999, -999, -999, -999, -999, -999, -999, -999, -999, -999
19840712, 0000,  , HU, 20.9N, 109.0W,  65, -999, -999, -999, -999, -999, -999, -999, -999, -999, -999, -999, -999, -999, -999
19840712, 0600,  , TS, 21.1N, 109.0W,  55, -999, -999, -999, -999, -999, -999, -999, -999, -999, -999, -999, -999, -999, -999
19840712, 1200,  , TS, 21.3N, 109.1W,  50, -999, -999, -999, -999, -999, -999, -999, -999, -999, -999, -999, -999, -999, -999
19840712, 1800,  , TS, 21.4N, 109.3W,  50, -999, -999, -999, -999, -999, -999, -999, -999, -999, -999, -999, -999, -999, -999
19840713, 0000,  , TS, 21.7N, 109.6W,  50, -999, -999, -999, -999, -999, -999, -999, -999, -999, -999, -999, -999, -999, -999
19840713, 0600,  , TS, 21.8N, 110.0W,  45, -999, -999, -999, -999, -999, -999, -999, -999, -999, -999, -999, -999, -999, -999
19840713, 1200,  , TS, 22.0N, 110.3W,  35, -999, -999, -999, -999, -999, -999, -999, -999, -999, -999, -999, -999, -999, -999
19840713, 1800,  , TS, 22.2N, 110.6W,  35, -999, -999, -999, -999, -999, -999, -999, -999, -999, -999, -999, -999, -999, -999
19840714, 0000,  , TD, 22.7N, 110.8W,  30, -999, -999, -999, -999, -999, -999, -999, -999, -999, -999, -999, -999, -999, -999
19840714, 0600,  , TD, 23.5N, 110.9W,  25, -999, -999, -999, -999, -999, -999, -999, -999, -999, -999, -999, -999, -999, -999
19840714, 1200,  , EX, 24.3N, 111.0W,  25, -999, -999, -999, -999, -999, -999, -999, -999, -999, -999, -999, -999, -999, -999
EP081984,             HERNAN,     19,
19840727, 1200,  , TD, 16.0N, 110.6W,  25, -999, -999, -999, -999, -999, -999, -999, -999, -999, -999, -999, -999, -999, -999
19840727, 1800,  , TD, 16.4N, 111.4W,  30, -999, -999, -999, -999, -999, -999, -999, -999, -999, -999, -999, -999, -999, -999
19840728, 0000,  , TS, 16.6N, 112.3W,  35, -999, -999, -999, -999, -999, -999, -999, -999, -999, -999, -999, -999, -999, -999
19840728, 0600,  , TS, 16.9N, 113.1W,  35, -999, -999, -999, -999, -999, -999, -999, -999, -999, -999, -999, -999, -999, -999
19840728, 1200,  , TS, 17.0N, 114.0W,  35, -999, -999, -999, -999, -999, -999, -999, -999, -999, -999, -999, -999, -999, -999
19840728, 1800,  , TS, 17.2N, 115.0W,  35, -999, -999, -999, -999, -999, -999, -999, -999, -999, -999, -999, -999, -999, -999
19840729, 0000,  , TS, 17.3N, 115.9W,  35, -999, -999, -999, -999, -999, -999, -999, -999, -999, -999, -999, -999, -999, -999
19840729, 0600,  , TS, 17.4N, 116.7W,  35, -999, -999, -999, -999, -999, -999, -999, -999, -999, -999, -999, -999, -999, -999
19840729, 1200,  , TS, 17.5N, 117.6W,  45, -999, -999, -999, -999, -999, -999, -999, -999, -999, -999, -999, -999, -999, -999
19840729, 1800,  , TS, 17.5N, 118.4W,  35, -999, -999, -999, -999, -999, -999, -999, -999, -999, -999, -999, -999, -999, -999
19840730, 0000,  , TS, 17.5N, 119.2W,  35, -999, -999, -999, -999, -999, -999, -999, -999, -999, -999, -999, -999, -999, -999
19840730, 0600,  , TS, 17.4N, 120.0W,  35, -999, -999, -999, -999, -999, -999, -999, -999, -999, -999, -999, -999, -999, -999
19840730, 1200,  , TD, 17.5N, 120.7W,  30, -999, -999, -999, -999, -999, -999, -999, -999, -999, -999, -999, -999, -999, -999
19840730, 1800,  , TD, 17.5N, 121.5W,  30, -999, -999, -999, -999, -999, -999, -999, -999, -999, -999, -999, -999, -999, -999
19840731, 0000,  , TD, 17.6N, 122.2W,  30, -999, -999, -999, -999, -999, -999, -999, -999, -999, -999, -999, -999, -999, -999
19840731, 0600,  , TD, 17.5N, 122.9W,  30, -999, -999, -999, -999, -999, -999, -999, -999, -999, -999, -999, -999, -999, -999
19840731, 1200,  , TD, 17.4N, 123.6W,  25, -999, -999, -999, -999, -999, -999, -999, -999, -999, -999, -999, -999, -999, -999
19840731, 1800,  , TD, 17.3N, 124.2W,  25, -999, -999, -999, -999, -999, -999, -999, -999, -999, -999, -999, -999, -999, -999
19840801, 0000,  , TD, 17.1N, 125.1W,  25, -999, -999, -999, -999, -999, -999, -999, -999, -999, -999, -999, -999, -999, -999
EP091984,             ISELLE,     36,
19840803, 1800,  , TD, 14.0N,  96.4W,  30, -999, -999, -999, -999, -999, -999, -999, -999, -999, -999, -999, -999, -999, -999
19840804, 0000,  , TD, 14.1N,  97.2W,  30, -999, -999, -999, -999, -999, -999, -999, -999, -999, -999, -999, -999, -999, -999
19840804, 0600,  , TD, 14.2N,  97.9W,  30, -999, -999, -999, -999, -999, -999, -999, -999, -999, -999, -999, -999, -999, -999
19840804, 1200,  , TD, 14.3N,  98.7W,  30, -999, -999, -999, -999, -999, -999, -999, -999, -999, -999, -999, -999, -999, -999
19840804, 1800,  , TS, 14.4N,  99.3W,  40, -999, -999, -999, -999, -999, -999, -999, -999, -999, -999, -999, -999, -999, -999
19840805, 0000,  , TS, 14.6N, 100.0W,  40, -999, -999, -999, -999, -999, -999, -999, -999, -999, -999, -999, -999, -999, -999
19840805, 0600,  , TS, 14.8N, 100.7W,  40, -999, -999, -999, -999, -999, -999, -999, -999, -999, -999, -999, -999, -999, -999
19840805, 1200,  , TS, 15.0N, 101.5W,  50, -999, -999, -999, -999, -999, -999, -999, -999, -999, -999, -999, -999, -999, -999
19840805, 1800,  , TS, 15.4N, 102.5W,  55, -999, -999, -999, -999, -999, -999, -999, -999, -999, -999, -999, -999, -999, -999
19840806, 0000,  , TS, 16.0N, 103.5W,  60, -999, -999, -999, -999, -999, -999, -999, -999, -999, -999, -999, -999, -999, -999
19840806, 0600,  , HU, 16.6N, 104.5W,  65, -999, -999, -999, -999, -999, -999, -999, -999, -999, -999, -999, -999, -999, -999
19840806, 1200,  , HU, 16.8N, 105.6W,  65, -999, -999, -999, -999, -999, -999, -999, -999, -999, -999, -999, -999, -999, -999
19840806, 1800,  , HU, 17.0N, 106.9W,  75, -999, -999, -999, -999, -999, -999, -999, -999, -999, -999, -999, -999, -999, -999
19840807, 0000,  , HU, 17.2N, 108.1W,  75, -999, -999, -999, -999, -999, -999, -999, -999, -999, -999, -999, -999, -999, -999
19840807, 0600,  , HU, 17.4N, 109.3W,  75, -999, -999, -999, -999, -999, -999, -999, -999, -999, -999, -999, -999, -999, -999
19840807, 1200,  , HU, 17.7N, 110.6W,  75, -999, -999, -999, -999, -999, -999, -999, -999, -999, -999, -999, -999, -999, -999
19840807, 1800,  , HU, 17.9N, 112.0W,  75, -999, -999, -999, -999, -999, -999, -999, -999, -999, -999, -999, -999, -999, -999
19840808, 0000,  , HU, 18.0N, 113.1W,  80, -999, -999, -999, -999, -999, -999, -999, -999, -999, -999, -999, -999, -999, -999
19840808, 0600,  , HU, 18.1N, 114.0W,  85, -999, -999, -999, -999, -999, -999, -999, -999, -999, -999, -999, -999, -999, -999
19840808, 1200,  , HU, 18.2N, 114.8W, 100, -999, -999, -999, -999, -999, -999, -999, -999, -999, -999, -999, -999, -999, -999
19840808, 1800,  , HU, 18.3N, 115.5W, 115, -999, -999, -999, -999, -999, -999, -999, -999, -999, -999, -999, -999, -999, -999
19840809, 0000,  , HU, 18.5N, 116.3W, 115, -999, -999, -999, -999, -999, -999, -999, -999, -999, -999, -999, -999, -999, -999
19840809, 0600,  , HU, 18.8N, 117.0W, 110, -999, -999, -999, -999, -999, -999, -999, -999, -999, -999, -999, -999, -999, -999
19840809, 1200,  , HU, 19.1N, 117.7W,  95, -999, -999, -999, -999, -999, -999, -999, -999, -999, -999, -999, -999, -999, -999
19840809, 1800,  , HU, 19.5N, 118.2W,  85, -999, -999, -999, -999, -999, -999, -999, -999, -999, -999, -999, -999, -999, -999
19840810, 0000,  , HU, 20.0N, 118.7W,  75, -999, -999, -999, -999, -999, -999, -999, -999, -999, -999, -999, -999, -999, -999
19840810, 0600,  , HU, 20.5N, 119.2W,  75, -999, -999, -999, -999, -999, -999, -999, -999, -999, -999, -999, -999, -999, -999
19840810, 1200,  , HU, 21.3N, 119.8W,  70, -999, -999, -999, -999, -999, -999, -999, -999, -999, -999, -999, -999, -999, -999
19840810, 1800,  , HU, 22.1N, 120.4W,  70, -999, -999, -999, -999, -999, -999, -999, -999, -999, -999, -999, -999, -999, -999
19840811, 0000,  , HU, 22.9N, 121.0W,  65, -999, -999, -999, -999, -999, -999, -999, -999, -999, -999, -999, -999, -999, -999
19840811, 0600,  , TS, 23.7N, 121.7W,  55, -999, -999, -999, -999, -999, -999, -999, -999, -999, -999, -999, -999, -999, -999
19840811, 1200,  , TS, 24.3N, 122.3W,  50, -999, -999, -999, -999, -999, -999, -999, -999, -999, -999, -999, -999, -999, -999
19840811, 1800,  , TS, 24.9N, 122.9W,  40, -999, -999, -999, -999, -999, -999, -999, -999, -999, -999, -999, -999, -999, -999
19840812, 0000,  , TS, 25.4N, 123.5W,  35, -999, -999, -999, -999, -999, -999, -999, -999, -999, -999, -999, -999, -999, -999
19840812, 0600,  , TD, 25.8N, 124.0W,  30, -999, -999, -999, -999, -999, -999, -999, -999, -999, -999, -999, -999, -999, -999
19840812, 1200,  , TD, 26.4N, 124.2W,  30, -999, -999, -999, -999, -999, -999, -999, -999, -999, -999, -999, -999, -999, -999
EP101984,              JULIO,     23,
19840815, 0000,  , TD, 14.5N,  98.8W,  25, -999, -999, -999, -999, -999, -999, -999, -999, -999, -999, -999, -999, -999, -999
19840815, 0600,  , TD, 14.5N,  99.5W,  25, -999, -999, -999, -999, -999, -999, -999, -999, -999, -999, -999, -999, -999, -999
19840815, 1200,  , TD, 14.6N, 100.4W,  25, -999, -999, -999, -999, -999, -999, -999, -999, -999, -999, -999, -999, -999, -999
19840815, 1800,  , TS, 15.0N, 101.3W,  35, -999, -999, -999, -999, -999, -999, -999, -999, -999, -999, -999, -999, -999, -999
19840816, 0000,  , TS, 15.4N, 102.1W,  35, -999, -999, -999, -999, -999, -999, -999, -999, -999, -999, -999, -999, -999, -999
19840816, 0600,  , TS, 15.8N, 102.7W,  45, -999, -999, -999, -999, -999, -999, -999, -999, -999, -999, -999, -999, -999, -999
19840816, 1200,  , TS, 16.1N, 103.3W,  50, -999, -999, -999, -999, -999, -999, -999, -999, -999, -999, -999, -999, -999, -999
19840816, 1800,  , TS, 16.5N, 103.9W,  50, -999, -999, -999, -999, -999, -999, -999, -999, -999, -999, -999, -999, -999, -999
19840817, 0000,  , TS, 16.8N, 104.5W,  50, -999, -999, -999, -999, -999, -999, -999, -999, -999, -999, -999, -999, -999, -999
19840817, 0600,  , TS, 17.2N, 105.0W,  55, -999, -999, -999, -999, -999, -999, -999, -999, -999, -999, -999, -999, -999, -999
19840817, 1200,  , TS, 17.6N, 105.5W,  45, -999, -999, -999, -999, -999, -999, -999, -999, -999, -999, -999, -999, -999, -999
19840817, 1800,  , TD, 17.9N, 105.9W,  30, -999, -999, -999, -999, -999, -999, -999, -999, -999, -999, -999, -999, -999, -999
19840818, 0000,  , TD, 18.3N, 106.3W,  30, -999, -999, -999, -999, -999, -999, -999, -999, -999, -999, -999, -999, -999, -999
19840818, 0600,  , TD, 18.7N, 106.7W,  30, -999, -999, -999, -999, -999, -999, -999, -999, -999, -999, -999, -999, -999, -999
19840818, 1200,  , TD, 18.9N, 106.9W,  30, -999, -999, -999, -999, -999, -999, -999, -999, -999, -999, -999, -999, -999, -999
19840818, 1800,  , TD, 19.1N, 107.1W,  25, -999, -999, -999, -999, -999, -999, -999, -999, -999, -999, -999, -999, -999, -999
19840819, 0000,  , TD, 19.3N, 107.4W,  25, -999, -999, -999, -999, -999, -999, -999, -999, -999, -999, -999, -999, -999, -999
19840819, 0600,  , TD, 19.5N, 107.6W,  25, -999, -999, -999, -999, -999, -999, -999, -999, -999, -999, -999, -999, -999, -999
19840819, 1200,  , TD, 19.7N, 107.8W,  25, -999, -999, -999, -999, -999, -999, -999, -999, -999, -999, -999, -999, -999, -999
19840819, 1800,  , TD, 19.9N, 108.0W,  25, -999, -999, -999, -999, -999, -999, -999, -999, -999, -999, -999, -999, -999, -999
19840820, 0000,  , TD, 20.0N, 108.1W,  25, -999, -999, -999, -999, -999, -999, -999, -999, -999, -999, -999, -999, -999, -999
19840820, 0600,  , TD, 20.0N, 108.3W,  25, -999, -999, -999, -999, -999, -999, -999, -999, -999, -999, -999, -999, -999, -999
19840820, 1200,  , TD, 19.7N, 108.5W,  25, -999, -999, -999, -999, -999, -999, -999, -999, -999, -999, -999, -999, -999, -999
CP011984,               KELI,     22,
19840816, 1800,  , TD,  9.2N, 150.1W,  30, -999, -999, -999, -999, -999, -999, -999, -999, -999, -999, -999, -999, -999, -999
19840817, 0000,  , TS,  9.4N, 151.4W,  35, -999, -999, -999, -999, -999, -999, -999, -999, -999, -999, -999, -999, -999, -999
19840817, 0600,  , TS,  9.7N, 153.0W,  45, -999, -999, -999, -999, -999, -999, -999, -999, -999, -999, -999, -999, -999, -999
19840817, 1200,  , TS, 10.1N, 154.7W,  45, -999, -999, -999, -999, -999, -999, -999, -999, -999, -999, -999, -999, -999, -999
19840817, 1800,  , TS, 10.5N, 156.4W,  50, -999, -999, -999, -999, -999, -999, -999, -999, -999, -999, -999, -999, -999, -999
19840818, 0000,  , TS, 10.9N, 158.0W,  60, -999, -999, -999, -999, -999, -999, -999, -999, -999, -999, -999, -999, -999, -999
19840818, 0600,  , HU, 11.3N, 159.6W,  70, -999, -999, -999, -999, -999, -999, -999, -999, -999, -999, -999, -999, -999, -999
19840818, 1200,  , HU, 11.7N, 161.2W,  75, -999, -999, -999, -999, -999, -999, -999, -999, -999, -999, -999, -999, -999, -999
19840818, 1800,  , HU, 11.9N, 162.9W,  80, -999, -999, -999, -999, -999, -999, -999, -999, -999, -999, -999, -999, -999, -999
19840819, 0000,  , HU, 12.0N, 164.4W,  80, -999, -999, -999, -999, -999, -999, -999, -999, -999, -999, -999, -999, -999, -999
19840819, 0600,  , HU, 12.2N, 165.6W,  80, -999, -999, -999, -999, -999, -999, -999, -999, -999, -999, -999, -999, -999, -999
19840819, 1200,  , HU, 12.6N, 166.9W,  80, -999, -999, -999, -999, -999, -999, -999, -999, -999, -999, -999, -999, -999, -999
19840819, 1800,  , HU, 13.2N, 167.8W,  85, -999, -999, -999, -999, -999, -999, -999, -999, -999, -999, -999, -999, -999, -999
19840820, 0000,  , HU, 13.9N, 168.6W,  90, -999, -999, -999, -999, -999, -999, -999, -999, -999, -999, -999, -999, -999, -999
19840820, 0600,  , HU, 14.6N, 169.5W, 100, -999, -999, -999, -999, -999, -999, -999, -999, -999, -999, -999, -999, -999, -999
19840820, 1200,  , HU, 15.5N, 170.1W,  90, -999, -999, -999, -999, -999, -999, -999, -999, -999, -999, -999, -999, -999, -999
19840820, 1800,  , HU, 16.2N, 170.4W,  75, -999, -999, -999, -999, -999, -999, -999, -999, -999, -999, -999, -999, -999, -999
19840821, 0000,  , TS, 16.7N, 170.9W,  60, -999, -999, -999, -999, -999, -999, -999, -999, -999, -999, -999, -999, -999, -999
19840821, 0600,  , TS, 17.0N, 171.2W,  45, -999, -999, -999, -999, -999, -999, -999, -999, -999, -999, -999, -999, -999, -999
19840821, 1200,  , TS, 17.1N, 171.7W,  40, -999, -999, -999, -999, -999, -999, -999, -999, -999, -999, -999, -999, -999, -999
19840821, 1800,  , TS, 17.1N, 172.2W,  35, -999, -999, -999, -999, -999, -999, -999, -999, -999, -999, -999, -999, -999, -999
19840822, 0000,  , TD, 17.0N, 172.8W,  30, -999, -999, -999, -999, -999, -999, -999, -999, -999, -999, -999, -999, -999, -999
EP111984,              KENNA,     21,
19840816, 1800,  , TD, 12.4N, 134.3W,  30, -999, -999, -999, -999, -999, -999, -999, -999, -999, -999, -999, -999, -999, -999
19840817, 0000,  , TS, 12.5N, 135.1W,  35, -999, -999, -999, -999, -999, -999, -999, -999, -999, -999, -999, -999, -999, -999
19840817, 0600,  , TS, 12.5N, 136.0W,  35, -999, -999, -999, -999, -999, -999, -999, -999, -999, -999, -999, -999, -999, -999
19840817, 1200,  , TS, 12.5N, 136.8W,  35, -999, -999, -999, -999, -999, -999, -999, -999, -999, -999, -999, -999, -999, -999
19840817, 1800,  , TS, 12.5N, 137.8W,  40, -999, -999, -999, -999, -999, -999, -999, -999, -999, -999, -999, -999, -999, -999
19840818, 0000,  , TS, 12.6N, 138.8W,  40, -999, -999, -999, -999, -999, -999, -999, -999, -999, -999, -999, -999, -999, -999
19840818, 0600,  , TS, 12.6N, 139.6W,  40, -999, -999, -999, -999, -999, -999, -999, -999, -999, -999, -999, -999, -999, -999
19840818, 1200,  , TS, 12.4N, 141.0W,  45, -999, -999, -999, -999, -999, -999, -999, -999, -999, -999, -999, -999, -999, -999
19840818, 1800,  , TS, 12.2N, 142.2W,  50, -999, -999, -999, -999, -999, -999, -999, -999, -999, -999, -999, -999, -999, -999
19840819, 0000,  , TS, 12.0N, 143.2W,  45, -999, -999, -999, -999, -999, -999, -999, -999, -999, -999, -999, -999, -999, -999
19840819, 0600,  , TS, 12.0N, 144.0W,  45, -999, -999, -999, -999, -999, -999, -999, -999, -999, -999, -999, -999, -999, -999
19840819, 1200,  , TS, 12.1N, 144.8W,  45, -999, -999, -999, -999, -999, -999, -999, -999, -999, -999, -999, -999, -999, -999
19840819, 1800,  , TS, 12.2N, 145.4W,  45, -999, -999, -999, -999, -999, -999, -999, -999, -999, -999, -999, -999, -999, -999
19840820, 0000,  , TS, 12.3N, 146.0W,  45, -999, -999, -999, -999, -999, -999, -999, -999, -999, -999, -999, -999, -999, -999
19840820, 0600,  , TS, 12.3N, 146.5W,  45, -999, -999, -999, -999, -999, -999, -999, -999, -999, -999, -999, -999, -999, -999
19840820, 1200,  , TS, 12.2N, 147.0W,  45, -999, -999, -999, -999, -999, -999, -999, -999, -999, -999, -999, -999, -999, -999
19840820, 1800,  , TS, 12.2N, 147.4W,  35, -999, -999, -999, -999, -999, -999, -999, -999, -999, -999, -999, -999, -999, -999
19840821, 0000,  , TS, 12.1N, 147.7W,  35, -999, -999, -999, -999, -999, -999, -999, -999, -999, -999, -999, -999, -999, -999
19840821, 0600,  , TD, 12.1N, 147.7W,  30, -999, -999, -999, -999, -999, -999, -999, -999, -999, -999, -999, -999, -999, -999
19840821, 1200,  , TD, 12.1N, 147.7W,  30, -999, -999, -999, -999, -999, -999, -999, -999, -999, -999, -999, -999, -999, -999
19840821, 1800,  , TD, 12.1N, 147.7W,  25, -999, -999, -999, -999, -999, -999, -999, -999, -999, -999, -999, -999, -999, -999
EP121984,               LALA,     41,
19840823, 1800,  , TD, 11.1N, 130.3W,  25, -999, -999, -999, -999, -999, -999, -999, -999, -999, -999, -999, -999, -999, -999
19840824, 0000,  , TD, 11.2N, 131.1W,  30, -999, -999, -999, -999, -999, -999, -999, -999, -999, -999, -999, -999, -999, -999
19840824, 0600,  , TD, 11.2N, 132.0W,  30, -999, -999, -999, -999, -999, -999, -999, -999, -999, -999, -999, -999, -999, -999
19840824, 1200,  , TD, 11.1N, 133.0W,  30, -999, -999, -999, -999, -999, -999, -999, -999, -999, -999, -999, -999, -999, -999
19840824, 1800,  , TD, 11.2N, 134.2W,  30, -999, -999, -999, -999, -999, -999, -999, -999, -999, -999, -999, -999, -999, -999
19840825, 0000,  , TD, 11.3N, 135.5W,  30, -999, -999, -999, -999, -999, -999, -999, -999, -999, -999, -999, -999, -999, -999
19840825, 0600,  , TD, 11.4N, 136.4W,  30, -999, -999, -999, -999, -999, -999, -999, -999, -999, -999, -999, -999, -999, -999
19840825, 1200,  , TD, 11.4N, 137.3W,  30, -999, -999, -999, -999, -999, -999, -999, -999, -999, -999, -999, -999, -999, -999
19840825, 1800,  , TD, 11.3N, 138.2W,  30, -999, -999, -999, -999, -999, -999, -999, -999, -999, -999, -999, -999, -999, -999
19840826, 0000,  , TD, 11.2N, 139.3W,  30, -999, -999, -999, -999, -999, -999, -999, -999, -999, -999, -999, -999, -999, -999
19840826, 0600,  , TD, 11.1N, 140.5W,  30, -999, -999, -999, -999, -999, -999, -999, -999, -999, -999, -999, -999, -999, -999
19840826, 1200,  , TD, 11.2N, 141.3W,  30, -999, -999, -999, -999, -999, -999, -999, -999, -999, -999, -999, -999, -999, -999
19840826, 1800,  , TD, 11.4N, 142.1W,  30, -999, -999, -999, -999, -999, -999, -999, -999, -999, -999, -999, -999, -999, -999
19840827, 0000,  , TD, 11.5N, 142.8W,  30, -999, -999, -999, -999, -999, -999, -999, -999, -999, -999, -999, -999, -999, -999
19840827, 0600,  , TD, 11.5N, 143.4W,  30, -999, -999, -999, -999, -999, -999, -999, -999, -999, -999, -999, -999, -999, -999
19840827, 1200,  , TD, 11.5N, 144.0W,  30, -999, -999, -999, -999, -999, -999, -999, -999, -999, -999, -999, -999, -999, -999
19840827, 1800,  , TD, 11.5N, 144.5W,  30, -999, -999, -999, -999, -999, -999, -999, -999, -999, -999, -999, -999, -999, -999
19840828, 0000,  , TD, 11.5N, 145.0W,  30, -999, -999, -999, -999, -999, -999, -999, -999, -999, -999, -999, -999, -999, -999
19840828, 0600,  , TD, 11.5N, 145.5W,  30, -999, -999, -999, -999, -999, -999, -999, -999, -999, -999, -999, -999, -999, -999
19840828, 1200,  , TD, 11.5N, 146.0W,  30, -999, -999, -999, -999, -999, -999, -999, -999, -999, -999, -999, -999, -999, -999
19840828, 1800,  , TD, 11.5N, 146.5W,  30, -999, -999, -999, -999, -999, -999, -999, -999, -999, -999, -999, -999, -999, -999
19840829, 0000,  , TD, 11.6N, 147.0W,  30, -999, -999, -999, -999, -999, -999, -999, -999, -999, -999, -999, -999, -999, -999
19840829, 0600,  , TD, 11.8N, 147.3W,  30, -999, -999, -999, -999, -999, -999, -999, -999, -999, -999, -999, -999, -999, -999
19840829, 1200,  , TS, 12.2N, 147.6W,  35, -999, -999, -999, -999, -999, -999, -999, -999, -999, -999, -999, -999, -999, -999
19840829, 1800,  , TS, 12.4N, 147.8W,  40, -999, -999, -999, -999, -999, -999, -999, -999, -999, -999, -999, -999, -999, -999
19840830, 0000,  , TS, 12.8N, 148.1W,  45, -999, -999, -999, -999, -999, -999, -999, -999, -999, -999, -999, -999, -999, -999
19840830, 0600,  , TS, 13.1N, 148.4W,  40, -999, -999, -999, -999, -999, -999, -999, -999, -999, -999, -999, -999, -999, -999
19840830, 1200,  , TS, 13.4N, 148.8W,  40, -999, -999, -999, -999, -999, -999, -999, -999, -999, -999, -999, -999, -999, -999
19840830, 1800,  , TS, 13.8N, 149.1W,  35, -999, -999, -999, -999, -999, -999, -999, -999, -999, -999, -999, -999, -999, -999
19840831, 0000,  , TD, 14.2N, 149.5W,  30, -999, -999, -999, -999, -999, -999, -999, -999, -999, -999, -999, -999, -999, -999
19840831, 0600,  , TD, 14.7N, 150.1W,  30, -999, -999, -999, -999, -999, -999, -999, -999, -999, -999, -999, -999, -999, -999
19840831, 1200,  , TD, 15.1N, 150.9W,  30, -999, -999, -999, -999, -999, -999, -999, -999, -999, -999, -999, -999, -999, -999
19840831, 1800,  , TD, 15.6N, 152.0W,  30, -999, -999, -999, -999, -999, -999, -999, -999, -999, -999, -999, -999, -999, -999
19840901, 0000,  , TD, 16.0N, 153.4W,  30, -999, -999, -999, -999, -999, -999, -999, -999, -999, -999, -999, -999, -999, -999
19840901, 0600,  , TD, 16.0N, 154.8W,  30, -999, -999, -999, -999, -999, -999, -999, -999, -999, -999, -999, -999, -999, -999
19840901, 1200,  , TD, 15.8N, 156.1W,  30, -999, -999, -999, -999, -999, -999, -999, -999, -999, -999, -999, -999, -999, -999
19840901, 1800,  , TD, 15.5N, 158.0W,  30, -999, -999, -999, -999, -999, -999, -999, -999, -999, -999, -999, -999, -999, -999
19840902, 0000,  , TD, 15.4N, 160.0W,  30, -999, -999, -999, -999, -999, -999, -999, -999, -999, -999, -999, -999, -999, -999
19840902, 0600,  , TD, 15.4N, 161.6W,  30, -999, -999, -999, -999, -999, -999, -999, -999, -999, -999, -999, -999, -999, -999
19840902, 1200,  , TD, 15.4N, 163.1W,  30, -999, -999, -999, -999, -999, -999, -999, -999, -999, -999, -999, -999, -999, -999
19840902, 1800,  , TD, 15.4N, 164.5W,  25, -999, -999, -999, -999, -999, -999, -999, -999, -999, -999, -999, -999, -999, -999
EP131984,             LOWELL,     17,
19840826, 0600,  , TD, 15.6N, 114.1W,  25, -999, -999, -999, -999, -999, -999, -999, -999, -999, -999, -999, -999, -999, -999
19840826, 1200,  , TD, 15.7N, 114.8W,  25, -999, -999, -999, -999, -999, -999, -999, -999, -999, -999, -999, -999, -999, -999
19840826, 1800,  , TS, 15.8N, 115.7W,  35, -999, -999, -999, -999, -999, -999, -999, -999, -999, -999, -999, -999, -999, -999
19840827, 0000,  , TS, 16.0N, 116.8W,  35, -999, -999, -999, -999, -999, -999, -999, -999, -999, -999, -999, -999, -999, -999
19840827, 0600,  , TS, 16.2N, 117.8W,  40, -999, -999, -999, -999, -999, -999, -999, -999, -999, -999, -999, -999, -999, -999
19840827, 1200,  , TS, 16.5N, 118.9W,  55, -999, -999, -999, -999, -999, -999, -999, -999, -999, -999, -999, -999, -999, -999
19840827, 1800,  , HU, 16.7N, 120.0W,  65, -999, -999, -999, -999, -999, -999, -999, -999, -999, -999, -999, -999, -999, -999
19840828, 0000,  , HU, 17.0N, 120.9W,  65, -999, -999, -999, -999, -999, -999, -999, -999, -999, -999, -999, -999, -999, -999
19840828, 0600,  , HU, 17.4N, 121.6W,  70, -999, -999, -999, -999, -999, -999, -999, -999, -999, -999, -999, -999, -999, -999
19840828, 1200,  , HU, 17.8N, 122.6W,  75, -999, -999, -999, -999, -999, -999, -999, -999, -999, -999, -999, -999, -999, -999
19840828, 1800,  , HU, 18.7N, 123.7W,  65, -999, -999, -999, -999, -999, -999, -999, -999, -999, -999, -999, -999, -999, -999
19840829, 0000,  , HU, 19.7N, 124.7W,  65, -999, -999, -999, -999, -999, -999, -999, -999, -999, -999, -999, -999, -999, -999
19840829, 0600,  , TS, 20.6N, 125.6W,  55, -999, -999, -999, -999, -999, -999, -999, -999, -999, -999, -999, -999, -999, -999
19840829, 1200,  , TS, 21.7N, 126.7W,  50, -999, -999, -999, -999, -999, -999, -999, -999, -999, -999, -999, -999, -999, -999
19840829, 1800,  , TS, 22.7N, 127.5W,  40, -999, -999, -999, -999, -999, -999, -999, -999, -999, -999, -999, -999, -999, -999
19840830, 0000,  , TD, 23.8N, 128.7W,  30, -999, -999, -999, -999, -999, -999, -999, -999, -999, -999, -999, -999, -999, -999
19840830, 0600,  , TD, 24.8N, 129.9W,  25, -999, -999, -999, -999, -999, -999, -999, -999, -999, -999, -999, -999, -999, -999
CP021984,               MOKE,      4,
19840904, 0600,  , TS, 29.3N, 178.7W,  45, -999, -999, -999, -999, -999, -999, -999, -999, -999, -999, -999, -999, -999, -999
19840904, 1200,  , TS, 30.4N, 178.2W,  45, -999, -999, -999, -999, -999, -999, -999, -999, -999, -999, -999, -999, -999, -999
19840904, 1800,  , TS, 31.4N, 177.9W,  45, -999, -999, -999, -999, -999, -999, -999, -999, -999, -999, -999, -999, -999, -999
19840905, 0000,  , TS, 32.5N, 177.7W,  35, -999, -999, -999, -999, -999, -999, -999, -999, -999, -999, -999, -999, -999, -999
EP141984,              MARIE,     23,
19840905, 1200,  , TD, 16.8N, 104.4W,  30, -999, -999, -999, -999, -999, -999, -999, -999, -999, -999, -999, -999, -999, -999
19840905, 1800,  , TS, 17.2N, 105.3W,  45, -999, -999, -999, -999, -999, -999, -999, -999, -999, -999, -999, -999, -999, -999
19840906, 0000,  , TS, 17.6N, 106.1W,  50, -999, -999, -999, -999, -999, -999, -999, -999, -999, -999, -999, -999, -999, -999
19840906, 0600,  , TS, 18.0N, 107.3W,  55, -999, -999, -999, -999, -999, -999, -999, -999, -999, -999, -999, -999, -999, -999
19840906, 1200,  , TS, 18.7N, 108.3W,  60, -999, -999, -999, -999, -999, -999, -999, -999, -999, -999, -999, -999, -999, -999
19840906, 1800,  , TS, 19.3N, 109.5W,  60, -999, -999, -999, -999, -999, -999, -999, -999, -999, -999, -999, -999, -999, -999
19840907, 0000,  , HU, 20.0N, 110.6W,  65, -999, -999, -999, -999, -999, -999, -999, -999, -999, -999, -999, -999, -999, -999
19840907, 0600,  , HU, 20.8N, 111.6W,  75, -999, -999, -999, -999, -999, -999, -999, -999, -999, -999, -999, -999, -999, -999
19840907, 1200,  , HU, 21.5N, 112.3W,  75, -999, -999, -999, -999, -999, -999, -999, -999, -999, -999, -999, -999, -999, -999
19840907, 1800,  , HU, 22.4N, 112.9W,  75, -999, -999, -999, -999, -999, -999, -999, -999, -999, -999, -999, -999, -999, -999
19840908, 0000,  , HU, 23.4N, 113.3W,  80, -999, -999, -999, -999, -999, -999, -999, -999, -999, -999, -999, -999, -999, -999
19840908, 0600,  , HU, 24.3N, 113.9W,  80, -999, -999, -999, -999, -999, -999, -999, -999, -999, -999, -999, -999, -999, -999
19840908, 1200,  , HU, 25.0N, 115.0W,  75, -999, -999, -999, -999, -999, -999, -999, -999, -999, -999, -999, -999, -999, -999
19840908, 1800,  , HU, 25.9N, 115.9W,  70, -999, -999, -999, -999, -999, -999, -999, -999, -999, -999, -999, -999, -999, -999
19840909, 0000,  , HU, 27.0N, 116.2W,  70, -999, -999, -999, -999, -999, -999, -999, -999, -999, -999, -999, -999, -999, -999
19840909, 0600,  , HU, 28.0N, 117.0W,  65, -999, -999, -999, -999, -999, -999, -999, -999, -999, -999, -999, -999, -999, -999
19840909, 1200,  , TS, 28.6N, 118.0W,  55, -999, -999, -999, -999, -999, -999, -999, -999, -999, -999, -999, -999, -999, -999
19840909, 1800,  , TS, 29.0N, 119.0W,  45, -999, -999, -999, -999, -999, -999, -999, -999, -999, -999, -999, -999, -999, -999
19840910, 0000,  , TS, 29.3N, 119.6W,  40, -999, -999, -999, -999, -999, -999, -999, -999, -999, -999, -999, -999, -999, -999
19840910, 0600,  , TS, 29.8N, 120.0W,  35, -999, -999, -999, -999, -999, -999, -999, -999, -999, -999, -999, -999, -999, -999
19840910, 1200,  , TD, 30.2N, 120.3W,  30, -999, -999, -999, -999, -999, -999, -999, -999, -999, -999, -999, -999, -999, -999
19840910, 1800,  , TD, 30.4N, 120.5W,  25, -999, -999, -999, -999, -999, -999, -999, -999, -999, -999, -999, -999, -999, -999
19840911, 0000,  , TD, 30.5N, 120.6W,  20, -999, -999, -999, -999, -999, -999, -999, -999, -999, -999, -999, -999, -999, -999
EP151984,            NORBERT,     47,
19840914, 1800,  , TD, 18.5N, 115.5W,  30, -999, -999, -999, -999, -999, -999, -999, -999, -999, -999, -999, -999, -999, -999
19840915, 0000,  , TS, 18.1N, 115.5W,  35, -999, -999, -999, -999, -999, -999, -999, -999, -999, -999, -999, -999, -999, -999
19840915, 0600,  , TS, 17.9N, 115.2W,  35, -999, -999, -999, -999, -999, -999, -999, -999, -999, -999, -999, -999, -999, -999
19840915, 1200,  , TS, 17.8N, 115.0W,  35, -999, -999, -999, -999, -999, -999, -999, -999, -999, -999, -999, -999, -999, -999
19840915, 1800,  , TS, 17.7N, 114.8W,  35, -999, -999, -999, -999, -999, -999, -999, -999, -999, -999, -999, -999, -999, -999
19840916, 0000,  , TS, 17.5N, 114.3W,  35, -999, -999, -999, -999, -999, -999, -999, -999, -999, -999, -999, -999, -999, -999
19840916, 0600,  , TS, 17.3N, 113.7W,  35, -999, -999, -999, -999, -999, -999, -999, -999, -999, -999, -999, -999, -999, -999
19840916, 1200,  , HU, 17.2N, 113.0W,  65, -999, -999, -999, -999, -999, -999, -999, -999, -999, -999, -999, -999, -999, -999
19840916, 1800,  , HU, 17.1N, 112.5W,  70, -999, -999, -999, -999, -999, -999, -999, -999, -999, -999, -999, -999, -999, -999
19840917, 0000,  , HU, 17.1N, 112.0W,  75, -999, -999, -999, -999, -999, -999, -999, -999, -999, -999, -999, -999, -999, -999
19840917, 0600,  , HU, 17.4N, 111.8W,  80, -999, -999, -999, -999, -999, -999, -999, -999, -999, -999, -999, -999, -999, -999
19840917, 1200,  , HU, 17.7N, 111.7W,  80, -999, -999, -999, -999, -999, -999, -999, -999, -999, -999, -999, -999, -999, -999
19840917, 1800,  , HU, 17.9N, 111.8W,  85, -999, -999, -999, -999, -999, -999, -999, -999, -999, -999, -999, -999, -999, -999
19840918, 0000,  , HU, 18.3N, 112.0W, 100, -999, -999, -999, -999, -999, -999, -999, -999, -999, -999, -999, -999, -999, -999
19840918, 0600,  , HU, 18.6N, 112.5W, 100, -999, -999, -999, -999, -999, -999, -999, -999, -999, -999, -999, -999, -999, -999
19840918, 1200,  , HU, 18.9N, 112.9W, 100, -999, -999, -999, -999, -999, -999, -999, -999, -999, -999, -999, -999, -999, -999
19840918, 1800,  , HU, 19.1N, 113.4W, 100, -999, -999, -999, -999, -999, -999, -999, -999, -999, -999, -999, -999, -999, -999
19840919, 0000,  , HU, 19.4N, 113.9W, 100, -999, -999, -999, -999, -999, -999, -999, -999, -999, -999, -999, -999, -999, -999
19840919, 0600,  , HU, 19.5N, 114.6W, 100, -999, -999, -999, -999, -999, -999, -999, -999, -999, -999, -999, -999, -999, -999
19840919, 1200,  , HU, 19.6N, 115.1W, 100, -999, -999, -999, -999, -999, -999, -999, -999, -999, -999, -999, -999, -999, -999
19840919, 1800,  , HU, 19.5N, 115.8W, 100, -999, -999, -999, -999, -999, -999, -999, -999, -999, -999, -999, -999, -999, -999
19840920, 0000,  , HU, 19.4N, 116.3W, 100, -999, -999, -999, -999, -999, -999, -999, -999, -999, -999, -999, -999, -999, -999
19840920, 0600,  , HU, 18.9N, 116.7W, 100, -999, -999, -999, -999, -999, -999, -999, -999, -999, -999, -999, -999, -999, -999
19840920, 1200,  , HU, 18.3N, 116.7W, 110, -999, -999, -999, -999, -999, -999, -999, -999, -999, -999, -999, -999, -999, -999
19840920, 1800,  , HU, 17.8N, 116.5W, 105, -999, -999, -999, -999, -999, -999, -999, -999, -999, -999, -999, -999, -999, -999
19840921, 0000,  , HU, 17.3N, 116.1W, 115, -999, -999, -999, -999, -999, -999, -999, -999, -999, -999, -999, -999, -999, -999
19840921, 0600,  , HU, 16.9N, 115.4W, 105, -999, -999, -999, -999, -999, -999, -999, -999, -999, -999, -999, -999, -999, -999
19840921, 1200,  , HU, 16.6N, 114.4W, 105, -999, -999, -999, -999, -999, -999, -999, -999, -999, -999, -999, -999, -999, -999
19840921, 1800,  , HU, 16.5N, 113.3W, 105, -999, -999, -999, -999, -999, -999, -999, -999, -999, -999, -999, -999, -999, -999
19840922, 0000,  , HU, 16.5N, 111.9W, 115, -999, -999, -999, -999, -999, -999, -999, -999, -999, -999, -999, -999, -999, -999
19840922, 0600,  , HU, 16.5N, 110.8W, 105, -999, -999, -999, -999, -999, -999, -999, -999, -999, -999, -999, -999, -999, -999
19840922, 1200,  , HU, 16.6N, 109.7W, 105, -999, -999, -999, -999, -999, -999, -999, -999, -999, -999, -999, -999, -999, -999
19840922, 1800,  , HU, 17.0N, 108.9W, 115, -999, -999, -999, -999, -999, -999, -999, -999, -999, -999, -999, -999, -999, -999
19840923, 0000,  , HU, 17.4N, 108.4W, 115, -999, -999, -999, -999, -999, -999, -999, -999, -999, -999, -999, -999, -999, -999
19840923, 0600,  , HU, 17.8N, 108.3W, 110, -999, -999, -999, -999, -999, -999, -999, -999, -999, -999, -999, -999, -999, -999
19840923, 1200,  , HU, 18.3N, 108.3W, 105, -999, -999, -999, -999, -999, -999, -999, -999, -999, -999, -999, -999, -999, -999
19840923, 1800,  , HU, 18.8N, 108.7W, 105, -999, -999, -999, -999, -999, -999, -999, -999, -999, -999, -999, -999, -999, -999
19840924, 0000,  , HU, 19.3N, 109.1W, 110, -999, -999, -999, -999, -999, -999, -999, -999, -999, -999, -999, -999, -999, -999
19840924, 0600,  , HU, 19.9N, 109.6W, 115, -999, -999, -999, -999, -999, -999, -999, -999, -999, -999, -999, -999, -999, -999
19840924, 1200,  , HU, 20.7N, 110.3W, 115, -999, -999, -999, -999, -999, -999, -999, -999, -999, -999, -999, -999, -999, -999
19840924, 1800,  , HU, 21.5N, 111.1W, 100, -999, -999, -999, -999, -999, -999, -999, -999, -999, -999, -999, -999, -999, -999
19840925, 0000,  , HU, 22.3N, 112.0W,  90, -999, -999, -999, -999, -999, -999, -999, -999, -999, -999, -999, -999, -999, -999
19840925, 0600,  , HU, 23.1N, 112.6W, 105, -999, -999, -999, -999, -999, -999, -999, -999, -999, -999, -999, -999, -999, -999
19840925, 1200,  , HU, 24.1N, 113.1W, 105, -999, -999, -999, -999, -999, -999, -999, -999, -999, -999, -999, -999, -999, -999
19840925, 1800,  , HU, 25.1N, 113.5W,  75, -999, -999, -999, -999, -999, -999, -999, -999, -999, -999, -999, -999, -999, -999
19840926, 0000,  , TS, 26.1N, 113.6W,  60, -999, -999, -999, -999, -999, -999, -999, -999, -999, -999, -999, -999, -999, -999
19840926, 0600,  , TS, 27.1N, 113.5W,  45, -999, -999, -999, -999, -999, -999, -999, -999, -999, -999, -999, -999, -999, -999
EP161984,              ODILE,     22,
19840917, 1800,  , TD, 14.3N, 101.5W,  30, -999, -999, -999, -999, -999, -999, -999, -999, -999, -999, -999, -999, -999, -999
19840918, 0000,  , TS, 14.5N, 102.2W,  35, -999, -999, -999, -999, -999, -999, -999, -999, -999, -999, -999, -999, -999, -999
19840918, 0600,  , TS, 14.7N, 102.9W,  35, -999, -999, -999, -999, -999, -999, -999, -999, -999, -999, -999, -999, -999, -999
19840918, 1200,  , TS, 15.0N, 103.6W,  35, -999, -999, -999, -999, -999, -999, -999, -999, -999, -999, -999, -999, -999, -999
19840918, 1800,  , TS, 15.2N, 104.1W,  40, -999, -999, -999, -999, -999, -999, -999, -999, -999, -999, -999, -999, -999, -999
19840919, 0000,  , TS, 15.4N, 104.5W,  45, -999, -999, -999, -999, -999, -999, -999, -999, -999, -999, -999, -999, -999, -999
19840919, 0600,  , TS, 15.7N, 104.9W,  50, -999, -999, -999, -999, -999, -999, -999, -999, -999, -999, -999, -999, -999, -999
19840919, 1200,  , TS, 16.0N, 105.0W,  55, -999, -999, -999, -999, -999, -999, -999, -999, -999, -999, -999, -999, -999, -999
19840919, 1800,  , TS, 16.3N, 104.7W,  55, -999, -999, -999, -999, -999, -999, -999, -999, -999, -999, -999, -999, -999, -999
19840920, 0000,  , HU, 16.5N, 104.5W,  65, -999, -999, -999, -999, -999, -999, -999, -999, -999, -999, -999, -999, -999, -999
19840920, 0600,  , HU, 16.6N, 104.1W,  65, -999, -999, -999, -999, -999, -999, -999, -999, -999, -999, -999, -999, -999, -999
19840920, 1200,  , HU, 16.6N, 103.6W,  65, -999, -999, -999, -999, -999, -999, -999, -999, -999, -999, -999, -999, -999, -999
19840920, 1800,  , HU, 16.6N, 103.2W,  65, -999, -999, -999, -999, -999, -999, -999, -999, -999, -999, -999, -999, -999, -999
19840921, 0000,  , HU, 16.6N, 102.6W,  65, -999, -999, -999, -999, -999, -999, -999, -999, -999, -999, -999, -999, -999, -999
19840921, 0600,  , HU, 16.4N, 101.9W,  65, -999, -999, -999, -999, -999, -999, -999, -999, -999, -999, -999, -999, -999, -999
19840921, 1200,  , HU, 16.3N, 101.2W,  65, -999, -999, -999, -999, -999, -999, -999, -999, -999, -999, -999, -999, -999, -999
19840921, 1800,  , HU, 16.4N, 100.9W,  80, -999, -999, -999, -999, -999, -999, -999, -999, -999, -999, -999, -999, -999, -999
19840922, 0000,  , HU, 16.4N, 100.8W,  80, -999, -999, -999, -999, -999, -999, -999, -999, -999, -999, -999, -999, -999, -999
19840922, 0600,  , HU, 16.5N, 100.7W,  90, -999, -999, -999, -999, -999, -999, -999, -999, -999, -999, -999, -999, -999, -999
19840922, 1200,  , HU, 17.0N, 102.0W,  85, -999, -999, -999, -999, -999, -999, -999, -999, -999, -999, -999, -999, -999, -999
19840922, 1800,  , TS, 18.0N, 102.0W,  50, -999, -999, -999, -999, -999, -999, -999, -999, -999, -999, -999, -999, -999, -999
19840923, 0000,  , EX, 19.0N, 102.0W,  25, -999, -999, -999, -999, -999, -999, -999, -999, -999, -999, -999, -999, -999, -999
EP171984,               POLO,     31,
19840926, 0000,  , TD, 12.9N,  97.6W,  25, -999, -999, -999, -999, -999, -999, -999, -999, -999, -999, -999, -999, -999, -999
19840926, 0600,  , TD, 12.8N,  98.2W,  25, -999, -999, -999, -999, -999, -999, -999, -999, -999, -999, -999, -999, -999, -999
19840926, 1200,  , TD, 12.7N,  98.8W,  25, -999, -999, -999, -999, -999, -999, -999, -999, -999, -999, -999, -999, -999, -999
19840926, 1800,  , TD, 12.6N,  99.5W,  25, -999, -999, -999, -999, -999, -999, -999, -999, -999, -999, -999, -999, -999, -999
19840927, 0000,  , TD, 12.5N, 100.4W,  25, -999, -999, -999, -999, -999, -999, -999, -999, -999, -999, -999, -999, -999, -999
19840927, 0600,  , TD, 12.4N, 101.3W,  25, -999, -999, -999, -999, -999, -999, -999, -999, -999, -999, -999, -999, -999, -999
19840927, 1200,  , TD, 12.3N, 102.4W,  25, -999, -999, -999, -999, -999, -999, -999, -999, -999, -999, -999, -999, -999, -999
19840927, 1800,  , TD, 12.2N, 103.5W,  25, -999, -999, -999, -999, -999, -999, -999, -999, -999, -999, -999, -999, -999, -999
19840928, 0000,  , TD, 12.3N, 104.2W,  30, -999, -999, -999, -999, -999, -999, -999, -999, -999, -999, -999, -999, -999, -999
19840928, 0600,  , TD, 12.4N, 104.8W,  30, -999, -999, -999, -999, -999, -999, -999, -999, -999, -999, -999, -999, -999, -999
19840928, 1200,  , TD, 12.7N, 105.5W,  30, -999, -999, -999, -999, -999, -999, -999, -999, -999, -999, -999, -999, -999, -999
19840928, 1800,  , TS, 13.0N, 106.2W,  40, -999, -999, -999, -999, -999, -999, -999, -999, -999, -999, -999, -999, -999, -999
19840929, 0000,  , TS, 13.4N, 106.7W,  50, -999, -999, -999, -999, -999, -999, -999, -999, -999, -999, -999, -999, -999, -999
19840929, 0600,  , TS, 13.9N, 107.3W,  55, -999, -999, -999, -999, -999, -999, -999, -999, -999, -999, -999, -999, -999, -999
19840929, 1200,  , TS, 14.4N, 107.9W,  55, -999, -999, -999, -999, -999, -999, -999, -999, -999, -999, -999, -999, -999, -999
19840929, 1800,  , TS, 15.1N, 108.6W,  60, -999, -999, -999, -999, -999, -999, -999, -999, -999, -999, -999, -999, -999, -999
19840930, 0000,  , HU, 15.6N, 109.3W,  65, -999, -999, -999, -999, -999, -999, -999, -999, -999, -999, -999, -999, -999, -999
19840930, 0600,  , HU, 16.1N, 110.0W,  70, -999, -999, -999, -999, -999, -999, -999, -999, -999, -999, -999, -999, -999, -999
19840930, 1200,  , HU, 16.7N, 110.7W,  75, -999, -999, -999, -999, -999, -999, -999, -999, -999, -999, -999, -999, -999, -999
19840930, 1800,  , HU, 17.3N, 111.5W,  75, -999, -999, -999, -999, -999, -999, -999, -999, -999, -999, -999, -999, -999, -999
19841001, 0000,  , HU, 18.0N, 112.5W,  75, -999, -999, -999, -999, -999, -999, -999, -999, -999, -999, -999, -999, -999, -999
19841001, 0600,  , HU, 18.6N, 113.4W,  75, -999, -999, -999, -999, -999, -999, -999, -999, -999, -999, -999, -999, -999, -999
19841001, 1200,  , HU, 19.4N, 114.1W, 100, -999, -999, -999, -999, -999, -999, -999, -999, -999, -999, -999, -999, -999, -999
19841001, 1800,  , HU, 20.0N, 114.5W, 100, -999, -999, -999, -999, -999, -999, -999, -999, -999, -999, -999, -999, -999, -999
19841002, 0000,  , HU, 20.8N, 114.4W, 100, -999, -999, -999, -999, -999, -999, -999, -999, -999, -999, -999, -999, -999, -999
19841002, 0600,  , HU, 21.7N, 114.2W, 100, -999, -999, -999, -999, -999, -999, -999, -999, -999, -999, -999, -999, -999, -999
19841002, 1200,  , HU, 22.2N, 113.8W,  90, -999, -999, -999, -999, -999, -999, -999, -999, -999, -999, -999, -999, -999, -999
19841002, 1800,  , TS, 22.6N, 113.1W,  50, -999, -999, -999, -999, -999, -999, -999, -999, -999, -999, -999, -999, -999, -999
19841003, 0000,  , TS, 23.2N, 112.3W,  40, -999, -999, -999, -999, -999, -999, -999, -999, -999, -999, -999, -999, -999, -999
19841003, 0600,  , TD, 23.8N, 111.3W,  30, -999, -999, -999, -999, -999, -999, -999, -999, -999, -999, -999, -999, -999, -999
19841003, 1200,  , TD, 24.5N, 109.9W,  30, -999, -999, -999, -999, -999, -999, -999, -999, -999, -999, -999, -999, -999, -999
EP181984,             RACHEL,     36,
19841007, 1800,  , TD, 11.2N,  97.0W,  25, -999, -999, -999, -999, -999, -999, -999, -999, -999, -999, -999, -999, -999, -999
19841008, 0000,  , TD, 11.3N,  98.0W,  25, -999, -999, -999, -999, -999, -999, -999, -999, -999, -999, -999, -999, -999, -999
19841008, 0600,  , TD, 11.4N,  99.0W,  25, -999, -999, -999, -999, -999, -999, -999, -999, -999, -999, -999, -999, -999, -999
19841008, 1200,  , TD, 11.4N, 100.0W,  25, -999, -999, -999, -999, -999, -999, -999, -999, -999, -999, -999, -999, -999, -999
19841008, 1800,  , TD, 11.5N, 101.0W,  25, -999, -999, -999, -999, -999, -999, -999, -999, -999, -999, -999, -999, -999, -999
19841009, 0000,  , TD, 11.6N, 102.1W,  30, -999, -999, -999, -999, -999, -999, -999, -999, -999, -999, -999, -999, -999, -999
19841009, 0600,  , TS, 11.8N, 103.0W,  35, -999, -999, -999, -999, -999, -999, -999, -999, -999, -999, -999, -999, -999, -999
19841009, 1200,  , TS, 11.9N, 103.8W,  45, -999, -999, -999, -999, -999, -999, -999, -999, -999, -999, -999, -999, -999, -999
19841009, 1800,  , TS, 12.1N, 104.5W,  50, -999, -999, -999, -999, -999, -999, -999, -999, -999, -999, -999, -999, -999, -999
19841010, 0000,  , TS, 12.3N, 105.2W,  50, -999, -999, -999, -999, -999, -999, -999, -999, -999, -999, -999, -999, -999, -999
19841010, 0600,  , TS, 12.6N, 105.9W,  55, -999, -999, -999, -999, -999, -999, -999, -999, -999, -999, -999, -999, -999, -999
19841010, 1200,  , TS, 12.9N, 106.7W,  55, -999, -999, -999, -999, -999, -999, -999, -999, -999, -999, -999, -999, -999, -999
19841010, 1800,  , TS, 13.2N, 107.3W,  55, -999, -999, -999, -999, -999, -999, -999, -999, -999, -999, -999, -999, -999, -999
19841011, 0000,  , TS, 13.4N, 108.2W,  55, -999, -999, -999, -999, -999, -999, -999, -999, -999, -999, -999, -999, -999, -999
19841011, 0600,  , TS, 13.5N, 109.1W,  55, -999, -999, -999, -999, -999, -999, -999, -999, -999, -999, -999, -999, -999, -999
19841011, 1200,  , TS, 13.6N, 109.9W,  50, -999, -999, -999, -999, -999, -999, -999, -999, -999, -999, -999, -999, -999, -999
19841011, 1800,  , TD, 13.8N, 110.9W,  30, -999, -999, -999, -999, -999, -999, -999, -999, -999, -999, -999, -999, -999, -999
19841012, 0000,  , TD, 14.0N, 111.9W,  30, -999, -999, -999, -999, -999, -999, -999, -999, -999, -999, -999, -999, -999, -999
19841012, 0600,  , TD, 14.2N, 112.9W,  25, -999, -999, -999, -999, -999, -999, -999, -999, -999, -999, -999, -999, -999, -999
19841012, 1200,  , TD, 14.4N, 113.9W,  25, -999, -999, -999, -999, -999, -999, -999, -999, -999, -999, -999, -999, -999, -999
19841012, 1800,  , TD, 14.6N, 114.8W,  25, -999, -999, -999, -999, -999, -999, -999, -999, -999, -999, -999, -999, -999, -999
19841013, 0000,  , TD, 14.8N, 115.4W,  25, -999, -999, -999, -999, -999, -999, -999, -999, -999, -999, -999, -999, -999, -999
19841013, 0600,  , TD, 15.0N, 115.9W,  25, -999, -999, -999, -999, -999, -999, -999, -999, -999, -999, -999, -999, -999, -999
19841013, 1200,  , TD, 15.3N, 116.4W,  25, -999, -999, -999, -999, -999, -999, -999, -999, -999, -999, -999, -999, -999, -999
19841013, 1800,  , TD, 15.5N, 117.0W,  25, -999, -999, -999, -999, -999, -999, -999, -999, -999, -999, -999, -999, -999, -999
19841014, 0000,  , TD, 15.6N, 117.5W,  25, -999, -999, -999, -999, -999, -999, -999, -999, -999, -999, -999, -999, -999, -999
19841014, 0600,  , TD, 15.6N, 117.9W,  25, -999, -999, -999, -999, -999, -999, -999, -999, -999, -999, -999, -999, -999, -999
19841014, 1200,  , TD, 15.6N, 118.3W,  25, -999, -999, -999, -999, -999, -999, -999, -999, -999, -999, -999, -999, -999, -999
19841014, 1800,  , TD, 15.5N, 118.5W,  25, -999, -999, -999, -999, -999, -999, -999, -999, -999, -999, -999, -999, -999, -999
19841015, 0000,  , TD, 15.5N, 118.7W,  25, -999, -999, -999, -999, -999, -999, -999, -999, -999, -999, -999, -999, -999, -999
19841015, 0600,  , TD, 15.4N, 118.9W,  25, -999, -999, -999, -999, -999, -999, -999, -999, -999, -999, -999, -999, -999, -999
19841015, 1200,  , TD, 15.3N, 119.1W,  25, -999, -999, -999, -999, -999, -999, -999, -999, -999, -999, -999, -999, -999, -999
19841015, 1800,  , TD, 15.3N, 119.3W,  25, -999, -999, -999, -999, -999, -999, -999, -999, -999, -999, -999, -999, -999, -999
19841016, 0000,  , TD, 15.3N, 119.5W,  25, -999, -999, -999, -999, -999, -999, -999, -999, -999, -999, -999, -999, -999, -999
19841016, 0600,  , TD, 15.2N, 119.7W,  25, -999, -999, -999, -999, -999, -999, -999, -999, -999, -999, -999, -999, -999, -999
19841016, 1200,  , TD, 15.2N, 119.9W,  25, -999, -999, -999, -999, -999, -999, -999, -999, -999, -999, -999, -999, -999, -999
EP191984,              SIMON,     33,
19841031, 0000,  , TD, 13.1N,  98.4W,  25, -999, -999, -999, -999, -999, -999, -999, -999, -999, -999, -999, -999, -999, -999
19841031, 0600,  , TD, 13.1N,  99.2W,  30, -999, -999, -999, -999, -999, -999, -999, -999, -999, -999, -999, -999, -999, -999
19841031, 1200,  , TD, 13.1N, 100.2W,  30, -999, -999, -999, -999, -999, -999, -999, -999, -999, -999, -999, -999, -999, -999
19841031, 1800,  , TD, 13.3N, 101.4W,  30, -999, -999, -999, -999, -999, -999, -999, -999, -999, -999, -999, -999, -999, -999
19841101, 0000,  , TS, 13.6N, 102.7W,  35, -999, -999, -999, -999, -999, -999, -999, -999, -999, -999, -999, -999, -999, -999
19841101, 0600,  , TS, 14.0N, 104.0W,  45, -999, -999, -999, -999, -999, -999, -999, -999, -999, -999, -999, -999, -999, -999
19841101, 1200,  , TS, 14.3N, 105.7W,  45, -999, -999, -999, -999, -999, -999, -999, -999, -999, -999, -999, -999, -999, -999
19841101, 1800,  , TS, 14.5N, 107.3W,  45, -999, -999, -999, -999, -999, -999, -999, -999, -999, -999, -999, -999, -999, -999
19841102, 0000,  , TS, 14.6N, 108.7W,  45, -999, -999, -999, -999, -999, -999, -999, -999, -999, -999, -999, -999, -999, -999
19841102, 0600,  , TS, 14.8N, 110.4W,  45, -999, -999, -999, -999, -999, -999, -999, -999, -999, -999, -999, -999, -999, -999
19841102, 1200,  , TS, 15.0N, 112.1W,  50, -999, -999, -999, -999, -999, -999, -999, -999, -999, -999, -999, -999, -999, -999
19841102, 1800,  , TS, 15.3N, 113.8W,  55, -999, -999, -999, -999, -999, -999, -999, -999, -999, -999, -999, -999, -999, -999
19841103, 0000,  , TS, 15.4N, 115.4W,  55, -999, -999, -999, -999, -999, -999, -999, -999, -999, -999, -999, -999, -999, -999
19841103, 0600,  , TS, 15.2N, 117.0W,  55, -999, -999, -999, -999, -999, -999, -999, -999, -999, -999, -999, -999, -999, -999
19841103, 1200,  , TS, 14.9N, 118.7W,  55, -999, -999, -999, -999, -999, -999, -999, -999, -999, -999, -999, -999, -999, -999
19841103, 1800,  , TS, 14.5N, 120.1W,  45, -999, -999, -999, -999, -999, -999, -999, -999, -999, -999, -999, -999, -999, -999
19841104, 0000,  , TS, 14.2N, 121.6W,  40, -999, -999, -999, -999, -999, -999, -999, -999, -999, -999, -999, -999, -999, -999
19841104, 0600,  , TS, 13.8N, 123.2W,  40, -999, -999, -999, -999, -999, -999, -999, -999, -999, -999, -999, -999, -999, -999
19841104, 1200,  , TS, 13.6N, 124.6W,  40, -999, -999, -999, -999, -999, -999, -999, -999, -999, -999, -999, -999, -999, -999
19841104, 1800,  , TS, 13.7N, 126.1W,  35, -999, -999, -999, -999, -999, -999, -999, -999, -999, -999, -999, -999, -999, -999
19841105, 0000,  , TD, 14.2N, 127.4W,  30, -999, -999, -999, -999, -999, -999, -999, -999, -999, -999, -999, -999, -999, -999
19841105, 0600,  , TD, 14.6N, 128.4W,  30, -999, -999, -999, -999, -999, -999, -999, -999, -999, -999, -999, -999, -999, -999
19841105, 1200,  , TD, 15.0N, 129.2W,  30, -999, -999, -999, -999, -999, -999, -999, -999, -999, -999, -999, -999, -999, -999
19841105, 1800,  , TD, 15.6N, 129.8W,  30, -999, -999, -999, -999, -999, -999, -999, -999, -999, -999, -999, -999, -999, -999
19841106, 0000,  , TD, 16.0N, 130.2W,  30, -999, -999, -999, -999, -999, -999, -999, -999, -999, -999, -999, -999, -999, -999
19841106, 0600,  , TD, 16.2N, 130.4W,  25, -999, -999, -999, -999, -999, -999, -999, -999, -999, -999, -999, -999, -999, -999
19841106, 1200,  , TD, 16.2N, 130.7W,  30, -999, -999, -999, -999, -999, -999, -999, -999, -999, -999, -999, -999, -999, -999
19841106, 1800,  , TD, 16.3N, 130.9W,  25, -999, -999, -999, -999, -999, -999, -999, -999, -999, -999, -999, -999, -999, -999
19841107, 0000,  , TD, 16.2N, 131.1W,  25, -999, -999, -999, -999, -999, -999, -999, -999, -999, -999, -999, -999, -999, -999
19841107, 0600,  , TD, 16.2N, 131.4W,  25, -999, -999, -999, -999, -999, -999, -999, -999, -999, -999, -999, -999, -999, -999
19841107, 1200,  , TD, 16.1N, 131.6W,  25, -999, -999, -999, -999, -999, -999, -999, -999, -999, -999, -999, -999, -999, -999
19841107, 1800,  , TD, 16.0N, 132.3W,  25, -999, -999, -999, -999, -999, -999, -999, -999, -999, -999, -999, -999, -999, -999
19841108, 0000,  , TD, 15.7N, 133.2W,  25, -999, -999, -999, -999, -999, -999, -999, -999, -999, -999, -999, -999, -999, -999
