EP011975,             AGATHA,     15,
19750602, 0000,  , TD, 13.5N,  99.0W,  30, 1005, -999, -999, -999, -999, -999, -999, -999, -999, -999, -999, -999, -999, -999
19750602, 0600,  , TD, 13.3N,  99.4W,  30, -999, -999, -999, -999, -999, -999, -999, -999, -999, -999, -999, -999, -999, -999
19750602, 1200,  , TD, 13.2N,  99.9W,  30, -999, -999, -999, -999, -999, -999, -999, -999, -999, -999, -999, -999, -999, -999
19750602, 1800,  , TD, 13.1N, 100.4W,  30, -999, -999, -999, -999, -999, -999, -999, -999, -999, -999, -999, -999, -999, -999
19750603, 0000,  , TD, 13.3N, 101.0W,  30, -999, -999, -999, -999, -999, -999, -999, -999, -999, -999, -999, -999, -999, -999
19750603, 0600,  , TS, 13.9N, 101.7W,  35, -999, -999, -999, -999, -999, -999, -999, -999, -999, -999, -999, -999, -999, -999
19750603, 1200,  , TS, 14.5N, 102.5W,  40, -999, -999, -999, -999, -999, -999, -999, -999, -999, -999, -999, -999, -999, -999
19750603, 1800,  , TS, 15.1N, 103.3W,  45, -999, -999, -999, -999, -999, -999, -999, -999, -999, -999, -999, -999, -999, -999
19750604, 0000,  , HU, 15.8N, 104.1W,  70, -999, -999, -999, -999, -999, -999, -999, -999, -999, -999, -999, -999, -999, -999
19750604, 0600,  , HU, 16.5N, 104.5W,  65, -999, -999, -999, -999, -999, -999, -999, -999, -999, -999, -999, -999, -999, -999
19750604, 1200,  , TS, 17.2N, 104.7W,  55, -999, -999, -999, -999, -999, -999, -999, -999, -999, -999, -999, -999, -999, -999
19750604, 1800,  , TS, 17.7N, 104.8W,  50, -999, -999, -999, -999, -999, -999, -999, -999, -999, -999, -999, -999, -999, -999
19750605, 0000,  , TS, 18.1N, 105.0W,  50, -999, -999, -999, -999, -999, -999, -999, -999, -999, -999, -999, -999, -999, -999
19750605, 0600,  , TS, 18.8N, 105.6W,  45, -999, -999, -999, -999, -999, -999, -999, -999, -999, -999, -999, -999, -999, -999
19750605, 1200,  , TD, 19.7N, 106.7W,  30, -999, -999, -999, -999, -999, -999, -999, -999, -999, -999, -999, -999, -999, -999
EP021975,            BRIDGET,     23,
19750628, 0000,  , TD, 14.4N, 110.2W,  30, -999, -999, -999, -999, -999, -999, -999, -999, -999, -999, -999, -999, -999, -999
19750628, 0600,  , TD, 14.4N, 110.6W,  30, -999, -999, -999, -999, -999, -999, -999, -999, -999, -999, -999, -999, -999, -999
19750628, 1200,  , TS, 14.7N, 111.0W,  35, -999, -999, -999, -999, -999, -999, -999, -999, -999, -999, -999, -999, -999, -999
19750628, 1800,  , TS, 15.4N, 111.5W,  40, -999, -999, -999, -999, -999, -999, -999, -999, -999, -999, -999, -999, -999, -999
19750629, 0000,  , TS, 16.2N, 112.2W,  40, -999, -999, -999, -999, -999, -999, -999, -999, -999, -999, -999, -999, -999, -999
19750629, 0600,  , TS, 16.8N, 112.9W,  45, -999, -999, -999, -999, -999, -999, -999, -999, -999, -999, -999, -999, -999, -999
19750629, 1200,  , TS, 17.2N, 113.8W,  45, -999, -999, -999, -999, -999, -999, -999, -999, -999, -999, -999, -999, -999, -999
19750629, 1800,  , TS, 17.4N, 114.6W,  45, -999, -999, -999, -999, -999, -999, -999, -999, -999, -999, -999, -999, -999, -999
19750630, 0000,  , TS, 17.3N, 115.5W,  50, -999, -999, -999, -999, -999, -999, -999, -999, -999, -999, -999, -999, -999, -999
19750630, 0600,  , TS, 17.1N, 116.3W,  50, -999, -999, -999, -999, -999, -999, -999, -999, -999, -999, -999, -999, -999, -999
19750630, 1200,  , TS, 16.9N, 117.0W,  50, -999, -999, -999, -999, -999, -999, -999, -999, -999, -999, -999, -999, -999, -999
19750630, 1800,  , TS, 16.8N, 117.3W,  55, -999, -999, -999, -999, -999, -999, -999, -999, -999, -999, -999, -999, -999, -999
19750701, 0000,  , TS, 16.7N, 117.6W,  45, -999, -999, -999, -999, -999, -999, -999, -999, -999, -999, -999, -999, -999, -999
19750701, 0600,  , TS, 16.5N, 118.2W,  45, -999, -999, -999, -999, -999, -999, -999, -999, -999, -999, -999, -999, -999, -999
19750701, 1200,  , TS, 16.3N, 118.7W,  45, -999, -999, -999, -999, -999, -999, -999, -999, -999, -999, -999, -999, -999, -999
19750701, 1800,  , TS, 15.8N, 119.1W,  45, -999, -999, -999, -999, -999, -999, -999, -999, -999, -999, -999, -999, -999, -999
19750702, 0000,  , TS, 15.4N, 119.6W,  40, -999, -999, -999, -999, -999, -999, -999, -999, -999, -999, -999, -999, -999, -999
19750702, 0600,  , TD, 15.2N, 120.1W,  30, -999, -999, -999, -999, -999, -999, -999, -999, -999, -999, -999, -999, -999, -999
19750702, 1200,  , TD, 15.0N, 120.7W,  30, -999, -999, -999, -999, -999, -999, -999, -999, -999, -999, -999, -999, -999, -999
19750702, 1800,  , TD, 14.8N, 121.2W,  30, -999, -999, -999, -999, -999, -999, -999, -999, -999, -999, -999, -999, -999, -999
19750703, 0000,  , TD, 14.6N, 121.8W,  30, -999, -999, -999, -999, -999, -999, -999, -999, -999, -999, -999, -999, -999, -999
19750703, 0600,  , TD, 14.5N, 122.1W,  25, -999, -999, -999, -999, -999, -999, -999, -999, -999, -999, -999, -999, -999, -999
19750703, 1200,  , TD, 14.4N, 122.5W,  25, -999, -999, -999, -999, -999, -999, -999, -999, -999, -999, -999, -999, -999, -999
EP031975,           CARLOTTA,     35,
19750702, 1200,  , TD, 11.1N, 102.5W,  25, -999, -999, -999, -999, -999, -999, -999, -999, -999, -999, -999, -999, -999, -999
19750702, 1800,  , TS, 11.5N, 103.4W,  35, -999, -999, -999, -999, -999, -999, -999, -999, -999, -999, -999, -999, -999, -999
19750703, 0000,  , TS, 11.9N, 104.3W,  40, -999, -999, -999, -999, -999, -999, -999, -999, -999, -999, -999, -999, -999, -999
19750703, 0600,  , TS, 12.3N, 105.2W,  45, -999, -999, -999, -999, -999, -999, -999, -999, -999, -999, -999, -999, -999, -999
19750703, 1200,  , TS, 12.8N, 106.1W,  45, -999, -999, -999, -999, -999, -999, -999, -999, -999, -999, -999, -999, -999, -999
19750703, 1800,  , HU, 13.2N, 106.8W,  65, -999, -999, -999, -999, -999, -999, -999, -999, -999, -999, -999, -999, -999, -999
19750704, 0000,  , HU, 13.6N, 107.6W,  70, -999, -999, -999, -999, -999, -999, -999, -999, -999, -999, -999, -999, -999, -999
19750704, 0600,  , HU, 14.2N, 108.7W,  75, -999, -999, -999, -999, -999, -999, -999, -999, -999, -999, -999, -999, -999, -999
19750704, 1200,  , HU, 14.7N, 109.8W,  85, -999, -999, -999, -999, -999, -999, -999, -999, -999, -999, -999, -999, -999, -999
19750704, 1800,  , HU, 15.3N, 110.8W,  90, -999, -999, -999, -999, -999, -999, -999, -999, -999, -999, -999, -999, -999, -999
19750705, 0000,  , HU, 15.8N, 111.7W, 100, -999, -999, -999, -999, -999, -999, -999, -999, -999, -999, -999, -999, -999, -999
19750705, 0600,  , HU, 16.3N, 112.6W, 105, -999, -999, -999, -999, -999, -999, -999, -999, -999, -999, -999, -999, -999, -999
19750705, 1200,  , HU, 16.7N, 113.5W, 110, -999, -999, -999, -999, -999, -999, -999, -999, -999, -999, -999, -999, -999, -999
19750705, 1800,  , HU, 17.1N, 114.4W, 110, -999, -999, -999, -999, -999, -999, -999, -999, -999, -999, -999, -999, -999, -999
19750706, 0000,  , HU, 17.3N, 115.3W, 110, -999, -999, -999, -999, -999, -999, -999, -999, -999, -999, -999, -999, -999, -999
19750706, 0600,  , HU, 17.4N, 116.3W, 110, -999, -999, -999, -999, -999, -999, -999, -999, -999, -999, -999, -999, -999, -999
19750706, 1200,  , HU, 17.4N, 117.2W, 110, -999, -999, -999, -999, -999, -999, -999, -999, -999, -999, -999, -999, -999, -999
19750706, 1800,  , HU, 17.4N, 117.9W, 100, -999, -999, -999, -999, -999, -999, -999, -999, -999, -999, -999, -999, -999, -999
19750707, 0000,  , HU, 17.4N, 118.6W,  95, -999, -999, -999, -999, -999, -999, -999, -999, -999, -999, -999, -999, -999, -999
19750707, 0600,  , HU, 17.4N, 119.4W,  90, -999, -999, -999, -999, -999, -999, -999, -999, -999, -999, -999, -999, -999, -999
19750707, 1200,  , HU, 17.4N, 120.2W,  75, -999, -999, -999, -999, -999, -999, -999, -999, -999, -999, -999, -999, -999, -999
19750707, 1800,  , HU, 17.4N, 120.7W,  65, -999, -999, -999, -999, -999, -999, -999, -999, -999, -999, -999, -999, -999, -999
19750708, 0000,  , TS, 17.4N, 121.3W,  60, -999, -999, -999, -999, -999, -999, -999, -999, -999, -999, -999, -999, -999, -999
19750708, 0600,  , TS, 17.4N, 122.0W,  50, -999, -999, -999, -999, -999, -999, -999, -999, -999, -999, -999, -999, -999, -999
19750708, 1200,  , TS, 17.5N, 122.8W,  45, -999, -999, -999, -999, -999, -999, -999, -999, -999, -999, -999, -999, -999, -999
19750708, 1800,  , TS, 17.5N, 123.5W,  45, -999, -999, -999, -999, -999, -999, -999, -999, -999, -999, -999, -999, -999, -999
19750709, 0000,  , TS, 17.5N, 124.2W,  40, -999, -999, -999, -999, -999, -999, -999, -999, -999, -999, -999, -999, -999, -999
19750709, 0600,  , TS, 17.6N, 125.1W,  40, -999, -999, -999, -999, -999, -999, -999, -999, -999, -999, -999, -999, -999, -999
19750709, 1200,  , TS, 17.9N, 126.0W,  35, -999, -999, -999, -999, -999, -999, -999, -999, -999, -999, -999, -999, -999, -999
19750709, 1800,  , TS, 18.2N, 126.6W,  35, -999, -999, -999, -999, -999, -999, -999, -999, -999, -999, -999, -999, -999, -999
19750710, 0000,  , TD, 18.4N, 127.3W,  30, -999, -999, -999, -999, -999, -999, -999, -999, -999, -999, -999, -999, -999, -999
19750710, 0600,  , TD, 18.6N, 128.1W,  30, -999, -999, -999, -999, -999, -999, -999, -999, -999, -999, -999, -999, -999, -999
19750710, 1200,  , TD, 18.8N, 129.0W,  25, -999, -999, -999, -999, -999, -999, -999, -999, -999, -999, -999, -999, -999, -999
19750710, 1800,  , TD, 18.9N, 129.9W,  25, -999, -999, -999, -999, -999, -999, -999, -999, -999, -999, -999, -999, -999, -999
19750711, 0000,  , TD, 19.0N, 130.9W,  25, -999, -999, -999, -999, -999, -999, -999, -999, -999, -999, -999, -999, -999, -999
EP041975,             DENISE,     41,
19750705, 0000,  , TD, 10.8N,  94.4W,  25, -999, -999, -999, -999, -999, -999, -999, -999, -999, -999, -999, -999, -999, -999
19750705, 0600,  , TD, 10.7N,  96.3W,  25, -999, -999, -999, -999, -999, -999, -999, -999, -999, -999, -999, -999, -999, -999
19750705, 1200,  , TD, 10.7N,  97.8W,  25, -999, -999, -999, -999, -999, -999, -999, -999, -999, -999, -999, -999, -999, -999
19750705, 1800,  , TD, 10.9N,  98.9W,  30, -999, -999, -999, -999, -999, -999, -999, -999, -999, -999, -999, -999, -999, -999
19750706, 0000,  , TD, 11.3N,  99.6W,  30, -999, -999, -999, -999, -999, -999, -999, -999, -999, -999, -999, -999, -999, -999
19750706, 0600,  , TD, 11.8N, 100.1W,  30, -999, -999, -999, -999, -999, -999, -999, -999, -999, -999, -999, -999, -999, -999
19750706, 1200,  , TD, 12.3N, 100.5W,  30, -999, -999, -999, -999, -999, -999, -999, -999, -999, -999, -999, -999, -999, -999
19750706, 1800,  , TD, 12.8N, 100.9W,  30, -999, -999, -999, -999, -999, -999, -999, -999, -999, -999, -999, -999, -999, -999
19750707, 0000,  , TS, 13.3N, 101.3W,  45, -999, -999, -999, -999, -999, -999, -999, -999, -999, -999, -999, -999, -999, -999
19750707, 0600,  , TS, 13.8N, 101.7W,  45, -999, -999, -999, -999, -999, -999, -999, -999, -999, -999, -999, -999, -999, -999
19750707, 1200,  , TS, 14.2N, 102.2W,  50, -999, -999, -999, -999, -999, -999, -999, -999, -999, -999, -999, -999, -999, -999
19750707, 1800,  , TS, 14.6N, 102.8W,  60, -999, -999, -999, -999, -999, -999, -999, -999, -999, -999, -999, -999, -999, -999
19750708, 0000,  , HU, 15.0N, 103.4W,  75, -999, -999, -999, -999, -999, -999, -999, -999, -999, -999, -999, -999, -999, -999
19750708, 0600,  , HU, 15.4N, 103.8W,  80, -999, -999, -999, -999, -999, -999, -999, -999, -999, -999, -999, -999, -999, -999
19750708, 1200,  , HU, 15.7N, 104.3W,  95, -999, -999, -999, -999, -999, -999, -999, -999, -999, -999, -999, -999, -999, -999
19750708, 1800,  , HU, 15.9N, 105.1W, 105, -999, -999, -999, -999, -999, -999, -999, -999, -999, -999, -999, -999, -999, -999
19750709, 0000,  , HU, 16.0N, 106.0W, 105, -999, -999, -999, -999, -999, -999, -999, -999, -999, -999, -999, -999, -999, -999
19750709, 0600,  , HU, 16.1N, 107.0W, 110, -999, -999, -999, -999, -999, -999, -999, -999, -999, -999, -999, -999, -999, -999
19750709, 1200,  , HU, 16.0N, 108.1W, 120, -999, -999, -999, -999, -999, -999, -999, -999, -999, -999, -999, -999, -999, -999
19750709, 1800,  , HU, 15.6N, 109.3W, 120, -999, -999, -999, -999, -999, -999, -999, -999, -999, -999, -999, -999, -999, -999
19750710, 0000,  , HU, 14.9N, 110.4W, 110, -999, -999, -999, -999, -999, -999, -999, -999, -999, -999, -999, -999, -999, -999
19750710, 0600,  , HU, 14.0N, 111.5W, 105, -999, -999, -999, -999, -999, -999, -999, -999, -999, -999, -999, -999, -999, -999
19750710, 1200,  , HU, 13.4N, 112.6W, 100, -999, -999, -999, -999, -999, -999, -999, -999, -999, -999, -999, -999, -999, -999
19750710, 1800,  , HU, 13.6N, 112.7W,  90, -999, -999, -999, -999, -999, -999, -999, -999, -999, -999, -999, -999, -999, -999
19750711, 0000,  , HU, 14.0N, 112.5W,  80, -999, -999, -999, -999, -999, -999, -999, -999, -999, -999, -999, -999, -999, -999
19750711, 0600,  , HU, 14.3N, 113.2W,  80, -999, -999, -999, -999, -999, -999, -999, -999, -999, -999, -999, -999, -999, -999
19750711, 1200,  , HU, 14.8N, 113.8W,  80, -999, -999, -999, -999, -999, -999, -999, -999, -999, -999, -999, -999, -999, -999
19750711, 1800,  , HU, 15.6N, 114.3W,  80, -999, -999, -999, -999, -999, -999, -999, -999, -999, -999, -999, -999, -999, -999
19750712, 0000,  , HU, 16.5N, 114.9W,  75, -999, -999, -999, -999, -999, -999, -999, -999, -999, -999, -999, -999, -999, -999
19750712, 0600,  , HU, 17.2N, 115.6W,  65, -999, -999, -999, -999, -999, -999, -999, -999, -999, -999, -999, -999, -999, -999
19750712, 1200,  , HU, 17.9N, 116.3W,  65, -999, -999, -999, -999, -999, -999, -999, -999, -999, -999, -999, -999, -999, -999
19750712, 1800,  , HU, 18.6N, 117.3W,  65, -999, -999, -999, -999, -999, -999, -999, -999, -999, -999, -999, -999, -999, -999
19750713, 0000,  , HU, 19.4N, 118.3W,  65, -999, -999, -999, -999, -999, -999, -999, -999, -999, -999, -999, -999, -999, -999
19750713, 0600,  , HU, 19.6N, 118.5W,  65, -999, -999, -999, -999, -999, -999, -999, -999, -999, -999, -999, -999, -999, -999
19750713, 1200,  , TS, 19.7N, 118.7W,  45, -999, -999, -999, -999, -999, -999, -999, -999, -999, -999, -999, -999, -999, -999
19750713, 1800,  , TS, 19.9N, 118.9W,  45, -999, -999, -999, -999, -999, -999, -999, -999, -999, -999, -999, -999, -999, -999
19750714, 0000,  , TS, 20.1N, 119.0W,  40, -999, -999, -999, -999, -999, -999, -999, -999, -999, -999, -999, -999, -999, -999
19750714, 0600,  , TS, 20.2N, 119.1W,  35, -999, -999, -999, -999, -999, -999, -999, -999, -999, -999, -999, -999, -999, -999
19750714, 1200,  , TS, 20.4N, 119.2W,  35, -999, -999, -999, -999, -999, -999, -999, -999, -999, -999, -999, -999, -999, -999
19750714, 1800,  , TD, 20.6N, 119.2W,  30, -999, -999, -999, -999, -999, -999, -999, -999, -999, -999, -999, -999, -999, -999
19750715, 0000,  , TD, 20.8N, 119.0W,  25, -999, -999, -999, -999, -999, -999, -999, -999, -999, -999, -999, -999, -999, -999
EP051975,            ELEANOR,      9,
19750710, 1200,  , TD, 14.0N, 100.2W,  25, -999, -999, -999, -999, -999, -999, -999, -999, -999, -999, -999, -999, -999, -999
19750710, 1800,  , TD, 14.3N, 100.0W,  30, -999, -999, -999, -999, -999, -999, -999, -999, -999, -999, -999, -999, -999, -999
19750711, 0000,  , TS, 14.7N, 100.2W,  35, -999, -999, -999, -999, -999, -999, -999, -999, -999, -999, -999, -999, -999, -999
19750711, 0600,  , TS, 15.6N, 101.3W,  35, -999, -999, -999, -999, -999, -999, -999, -999, -999, -999, -999, -999, -999, -999
19750711, 1200,  , TS, 16.5N, 102.4W,  35, -999, -999, -999, -999, -999, -999, -999, -999, -999, -999, -999, -999, -999, -999
19750711, 1800,  , TS, 16.8N, 102.9W,  35, -999, -999, -999, -999, -999, -999, -999, -999, -999, -999, -999, -999, -999, -999
19750712, 0000,  , TS, 17.2N, 103.4W,  35, -999, -999, -999, -999, -999, -999, -999, -999, -999, -999, -999, -999, -999, -999
19750712, 0600,  , TS, 18.0N, 103.8W,  35, -999, -999, -999, -999, -999, -999, -999, -999, -999, -999, -999, -999, -999, -999
19750712, 1200,  , TD, 19.0N, 104.0W,  25, -999, -999, -999, -999, -999, -999, -999, -999, -999, -999, -999, -999, -999, -999
EP061975,           FRANCENE,     11,
19750727, 1200,  , TS, 16.5N, 103.7W,  35, -999, -999, -999, -999, -999, -999, -999, -999, -999, -999, -999, -999, -999, -999
19750727, 1800,  , TS, 16.5N, 104.6W,  45, -999, -999, -999, -999, -999, -999, -999, -999, -999, -999, -999, -999, -999, -999
19750728, 0000,  , TS, 16.5N, 105.4W,  45, -999, -999, -999, -999, -999, -999, -999, -999, -999, -999, -999, -999, -999, -999
19750728, 0600,  , TS, 16.5N, 106.1W,  45, -999, -999, -999, -999, -999, -999, -999, -999, -999, -999, -999, -999, -999, -999
19750728, 1200,  , TS, 16.4N, 106.8W,  45, -999, -999, -999, -999, -999, -999, -999, -999, -999, -999, -999, -999, -999, -999
19750728, 1800,  , TD, 16.3N, 107.5W,  25, -999, -999, -999, -999, -999, -999, -999, -999, -999, -999, -999, -999, -999, -999
19750729, 0000,  , TD, 16.2N, 108.2W,  25, -999, -999, -999, -999, -999, -999, -999, -999, -999, -999, -999, -999, -999, -999
19750729, 0600,  , TD, 16.1N, 109.0W,  25, -999, -999, -999, -999, -999, -999, -999, -999, -999, -999, -999, -999, -999, -999
19750729, 1200,  , TD, 16.0N, 110.0W,  25, -999, -999, -999, -999, -999, -999, -999, -999, -999, -999, -999, -999, -999, -999
19750729, 1800,  , TD, 16.5N, 111.2W,  25, -999, -999, -999, -999, -999, -999, -999, -999, -999, -999, -999, -999, -999, -999
19750730, 0000,  , TD, 17.7N, 112.5W,  25, -999, -999, -999, -999, -999, -999, -999, -999, -999, -999, -999, -999, -999, -999
EP071975,          GEORGETTE,     15,
19750811, 0000,  , TD, 14.0N, 117.5W,  25, -999, -999, -999, -999, -999, -999, -999, -999, -999, -999, -999, -999, -999, -999
19750811, 0600,  , TD, 14.0N, 118.1W,  25, -999, -999, -999, -999, -999, -999, -999, -999, -999, -999, -999, -999, -999, -999
19750811, 1200,  , TD, 14.1N, 118.7W,  30, -999, -999, -999, -999, -999, -999, -999, -999, -999, -999, -999, -999, -999, -999
19750811, 1800,  , TS, 14.3N, 119.3W,  35, -999, -999, -999, -999, -999, -999, -999, -999, -999, -999, -999, -999, -999, -999
19750812, 0000,  , TS, 14.6N, 120.0W,  35, -999, -999, -999, -999, -999, -999, -999, -999, -999, -999, -999, -999, -999, -999
19750812, 0600,  , TS, 15.1N, 120.7W,  40, -999, -999, -999, -999, -999, -999, -999, -999, -999, -999, -999, -999, -999, -999
19750812, 1200,  , TS, 15.6N, 121.6W,  40, -999, -999, -999, -999, -999, -999, -999, -999, -999, -999, -999, -999, -999, -999
19750812, 1800,  , TS, 16.1N, 122.6W,  40, -999, -999, -999, -999, -999, -999, -999, -999, -999, -999, -999, -999, -999, -999
19750813, 0000,  , TS, 16.7N, 123.7W,  35, -999, -999, -999, -999, -999, -999, -999, -999, -999, -999, -999, -999, -999, -999
19750813, 0600,  , TD, 17.2N, 124.8W,  30, -999, -999, -999, -999, -999, -999, -999, -999, -999, -999, -999, -999, -999, -999
19750813, 1200,  , TD, 17.5N, 126.0W,  30, -999, -999, -999, -999, -999, -999, -999, -999, -999, -999, -999, -999, -999, -999
19750813, 1800,  , TD, 17.6N, 127.1W,  30, -999, -999, -999, -999, -999, -999, -999, -999, -999, -999, -999, -999, -999, -999
19750814, 0000,  , TD, 17.4N, 128.2W,  30, -999, -999, -999, -999, -999, -999, -999, -999, -999, -999, -999, -999, -999, -999
19750814, 0600,  , EX, 17.2N, 128.9W,  30, -999, -999, -999, -999, -999, -999, -999, -999, -999, -999, -999, -999, -999, -999
19750814, 1200,  , EX, 16.8N, 129.3W,  30, -999, -999, -999, -999, -999, -999, -999, -999, -999, -999, -999, -999, -999, -999
EP081975,             HILARY,     19,
19750813, 0000,  , TD, 11.7N, 108.0W,  30, -999, -999, -999, -999, -999, -999, -999, -999, -999, -999, -999, -999, -999, -999
19750813, 0600,  , TS, 12.0N, 109.4W,  40, -999, -999, -999, -999, -999, -999, -999, -999, -999, -999, -999, -999, -999, -999
19750813, 1200,  , TS, 12.3N, 110.5W,  40, -999, -999, -999, -999, -999, -999, -999, -999, -999, -999, -999, -999, -999, -999
19750813, 1800,  , TS, 12.6N, 111.3W,  45, -999, -999, -999, -999, -999, -999, -999, -999, -999, -999, -999, -999, -999, -999
19750814, 0000,  , TS, 13.0N, 112.0W,  45, -999, -999, -999, -999, -999, -999, -999, -999, -999, -999, -999, -999, -999, -999
19750814, 0600,  , TS, 13.8N, 113.0W,  45, -999, -999, -999, -999, -999, -999, -999, -999, -999, -999, -999, -999, -999, -999
19750814, 1200,  , TS, 14.7N, 114.0W,  45, -999, -999, -999, -999, -999, -999, -999, -999, -999, -999, -999, -999, -999, -999
19750814, 1800,  , TS, 15.5N, 115.0W,  45, -999, -999, -999, -999, -999, -999, -999, -999, -999, -999, -999, -999, -999, -999
19750815, 0000,  , TS, 16.4N, 116.0W,  50, -999, -999, -999, -999, -999, -999, -999, -999, -999, -999, -999, -999, -999, -999
19750815, 0600,  , TS, 17.3N, 117.1W,  50, -999, -999, -999, -999, -999, -999, -999, -999, -999, -999, -999, -999, -999, -999
19750815, 1200,  , TS, 18.3N, 118.3W,  45, -999, -999, -999, -999, -999, -999, -999, -999, -999, -999, -999, -999, -999, -999
19750815, 1800,  , TS, 19.3N, 119.4W,  45, -999, -999, -999, -999, -999, -999, -999, -999, -999, -999, -999, -999, -999, -999
19750816, 0000,  , TS, 20.0N, 120.4W,  40, -999, -999, -999, -999, -999, -999, -999, -999, -999, -999, -999, -999, -999, -999
19750816, 0600,  , TS, 20.2N, 121.0W,  35, -999, -999, -999, -999, -999, -999, -999, -999, -999, -999, -999, -999, -999, -999
19750816, 1200,  , TD, 20.3N, 121.7W,  30, -999, -999, -999, -999, -999, -999, -999, -999, -999, -999, -999, -999, -999, -999
19750816, 1800,  , TD, 20.4N, 122.2W,  30, -999, -999, -999, -999, -999, -999, -999, -999, -999, -999, -999, -999, -999, -999
19750817, 0000,  , TD, 20.6N, 122.7W,  30, -999, -999, -999, -999, -999, -999, -999, -999, -999, -999, -999, -999, -999, -999
19750817, 0600,  , TD, 20.8N, 123.3W,  30, -999, -999, -999, -999, -999, -999, -999, -999, -999, -999, -999, -999, -999, -999
19750817, 1200,  , TD, 21.0N, 124.0W,  30, -999, -999, -999, -999, -999, -999, -999, -999, -999, -999, -999, -999, -999, -999
EP091975,               ILSA,     35,
19750818, 0000,  , TD, 12.1N,  95.8W,  30, -999, -999, -999, -999, -999, -999, -999, -999, -999, -999, -999, -999, -999, -999
19750818, 0600,  , TD, 12.2N,  96.4W,  30, -999, -999, -999, -999, -999, -999, -999, -999, -999, -999, -999, -999, -999, -999
19750818, 1200,  , TS, 12.3N,  97.0W,  35, -999, -999, -999, -999, -999, -999, -999, -999, -999, -999, -999, -999, -999, -999
19750818, 1800,  , TS, 12.4N,  97.8W,  35, -999, -999, -999, -999, -999, -999, -999, -999, -999, -999, -999, -999, -999, -999
19750819, 0000,  , TS, 12.6N,  98.5W,  35, -999, -999, -999, -999, -999, -999, -999, -999, -999, -999, -999, -999, -999, -999
19750819, 0600,  , TS, 12.8N,  99.0W,  35, -999, -999, -999, -999, -999, -999, -999, -999, -999, -999, -999, -999, -999, -999
19750819, 1200,  , TS, 13.0N,  99.5W,  35, -999, -999, -999, -999, -999, -999, -999, -999, -999, -999, -999, -999, -999, -999
19750819, 1800,  , TS, 13.3N, 100.0W,  40, -999, -999, -999, -999, -999, -999, -999, -999, -999, -999, -999, -999, -999, -999
19750820, 0000,  , TS, 13.5N, 100.5W,  55, -999, -999, -999, -999, -999, -999, -999, -999, -999, -999, -999, -999, -999, -999
19750820, 0600,  , TS, 13.6N, 101.1W,  55, -999, -999, -999, -999, -999, -999, -999, -999, -999, -999, -999, -999, -999, -999
19750820, 1200,  , TS, 13.7N, 101.8W,  60, -999, -999, -999, -999, -999, -999, -999, -999, -999, -999, -999, -999, -999, -999
19750820, 1800,  , TS, 13.9N, 102.9W,  60, -999, -999, -999, -999, -999, -999, -999, -999, -999, -999, -999, -999, -999, -999
19750821, 0000,  , HU, 14.0N, 104.0W,  65, -999, -999, -999, -999, -999, -999, -999, -999, -999, -999, -999, -999, -999, -999
19750821, 0600,  , HU, 14.0N, 104.8W,  75, -999, -999, -999, -999, -999, -999, -999, -999, -999, -999, -999, -999, -999, -999
19750821, 1200,  , HU, 14.0N, 105.5W,  75, -999, -999, -999, -999, -999, -999, -999, -999, -999, -999, -999, -999, -999, -999
19750821, 1800,  , HU, 14.0N, 106.3W,  75, -999, -999, -999, -999, -999, -999, -999, -999, -999, -999, -999, -999, -999, -999
19750822, 0000,  , HU, 14.0N, 107.2W,  75, -999, -999, -999, -999, -999, -999, -999, -999, -999, -999, -999, -999, -999, -999
19750822, 0600,  , HU, 14.1N, 108.3W,  75, -999, -999, -999, -999, -999, -999, -999, -999, -999, -999, -999, -999, -999, -999
19750822, 1200,  , HU, 14.3N, 109.5W,  85, -999, -999, -999, -999, -999, -999, -999, -999, -999, -999, -999, -999, -999, -999
19750822, 1800,  , HU, 14.4N, 110.2W,  90, -999, -999, -999, -999, -999, -999, -999, -999, -999, -999, -999, -999, -999, -999
19750823, 0000,  , HU, 14.7N, 111.0W,  90, -999, -999, -999, -999, -999, -999, -999, -999, -999, -999, -999, -999, -999, -999
19750823, 0600,  , HU, 15.3N, 112.0W,  90, -999, -999, -999, -999, -999, -999, -999, -999, -999, -999, -999, -999, -999, -999
19750823, 1200,  , HU, 15.9N, 112.9W,  90, -999, -999, -999, -999, -999, -999, -999, -999, -999, -999, -999, -999, -999, -999
19750823, 1800,  , HU, 16.5N, 113.8W,  90, -999, -999, -999, -999, -999, -999, -999, -999, -999, -999, -999, -999, -999, -999
19750824, 0000,  , HU, 17.1N, 114.7W,  90, -999, -999, -999, -999, -999, -999, -999, -999, -999, -999, -999, -999, -999, -999
19750824, 0600,  , HU, 18.0N, 115.9W,  90, -999, -999, -999, -999, -999, -999, -999, -999, -999, -999, -999, -999, -999, -999
19750824, 1200,  , HU, 19.0N, 117.5W,  90, -999, -999, -999, -999, -999, -999, -999, -999, -999, -999, -999, -999, -999, -999
19750824, 1800,  , HU, 19.7N, 119.1W,  90, -999, -999, -999, -999, -999, -999, -999, -999, -999, -999, -999, -999, -999, -999
19750825, 0000,  , HU, 20.0N, 120.8W,  90, -999, -999, -999, -999, -999, -999, -999, -999, -999, -999, -999, -999, -999, -999
19750825, 0600,  , HU, 20.0N, 122.4W,  90, -999, -999, -999, -999, -999, -999, -999, -999, -999, -999, -999, -999, -999, -999
19750825, 1200,  , HU, 19.9N, 124.0W,  80, -999, -999, -999, -999, -999, -999, -999, -999, -999, -999, -999, -999, -999, -999
19750825, 1800,  , HU, 19.8N, 125.0W,  65, -999, -999, -999, -999, -999, -999, -999, -999, -999, -999, -999, -999, -999, -999
19750826, 0000,  , TS, 19.7N, 126.1W,  60, -999, -999, -999, -999, -999, -999, -999, -999, -999, -999, -999, -999, -999, -999
19750826, 0600,  , TS, 19.8N, 127.3W,  45, -999, -999, -999, -999, -999, -999, -999, -999, -999, -999, -999, -999, -999, -999
19750826, 1200,  , TS, 20.0N, 128.5W,  35, -999, -999, -999, -999, -999, -999, -999, -999, -999, -999, -999, -999, -999, -999
EP101975,              JEWEL,     31,
19750824, 0000,  , TD, 12.5N, 100.3W,  30, -999, -999, -999, -999, -999, -999, -999, -999, -999, -999, -999, -999, -999, -999
19750824, 0600,  , TD, 13.1N, 101.7W,  30, -999, -999, -999, -999, -999, -999, -999, -999, -999, -999, -999, -999, -999, -999
19750824, 1200,  , TD, 13.7N, 103.1W,  30, -999, -999, -999, -999, -999, -999, -999, -999, -999, -999, -999, -999, -999, -999
19750824, 1800,  , TD, 14.3N, 104.2W,  30, -999, -999, -999, -999, -999, -999, -999, -999, -999, -999, -999, -999, -999, -999
19750825, 0000,  , TD, 14.9N, 105.3W,  30, -999, -999, -999, -999, -999, -999, -999, -999, -999, -999, -999, -999, -999, -999
19750825, 0600,  , TD, 15.3N, 106.0W,  30, -999, -999, -999, -999, -999, -999, -999, -999, -999, -999, -999, -999, -999, -999
19750825, 1200,  , TD, 15.5N, 106.6W,  30, -999, -999, -999, -999, -999, -999, -999, -999, -999, -999, -999, -999, -999, -999
19750825, 1800,  , TS, 15.8N, 107.2W,  40, -999, -999, -999, -999, -999, -999, -999, -999, -999, -999, -999, -999, -999, -999
19750826, 0000,  , TS, 16.0N, 107.8W,  45, -999, -999, -999, -999, -999, -999, -999, -999, -999, -999, -999, -999, -999, -999
19750826, 0600,  , TS, 16.2N, 108.5W,  45, -999, -999, -999, -999, -999, -999, -999, -999, -999, -999, -999, -999, -999, -999
19750826, 1200,  , TS, 16.3N, 109.3W,  45, -999, -999, -999, -999, -999, -999, -999, -999, -999, -999, -999, -999, -999, -999
19750826, 1800,  , TS, 16.3N, 109.8W,  50, -999, -999, -999, -999, -999, -999, -999, -999, -999, -999, -999, -999, -999, -999
19750827, 0000,  , TS, 16.4N, 110.2W,  55, -999, -999, -999, -999, -999, -999, -999, -999, -999, -999, -999, -999, -999, -999
19750827, 0600,  , TS, 16.5N, 110.6W,  55, -999, -999, -999, -999, -999, -999, -999, -999, -999, -999, -999, -999, -999, -999
19750827, 1200,  , HU, 16.5N, 111.0W,  65, -999, -999, -999, -999, -999, -999, -999, -999, -999, -999, -999, -999, -999, -999
19750827, 1800,  , TS, 16.5N, 111.6W,  55, -999, -999, -999, -999, -999, -999, -999, -999, -999, -999, -999, -999, -999, -999
19750828, 0000,  , TS, 16.4N, 112.2W,  55, -999, -999, -999, -999, -999, -999, -999, -999, -999, -999, -999, -999, -999, -999
19750828, 0600,  , TS, 16.3N, 113.0W,  55, -999, -999, -999, -999, -999, -999, -999, -999, -999, -999, -999, -999, -999, -999
19750828, 1200,  , TS, 16.3N, 114.1W,  55, -999, -999, -999, -999, -999, -999, -999, -999, -999, -999, -999, -999, -999, -999
19750828, 1800,  , TS, 16.3N, 115.3W,  55, -999, -999, -999, -999, -999, -999, -999, -999, -999, -999, -999, -999, -999, -999
19750829, 0000,  , TS, 16.4N, 116.5W,  55, -999, -999, -999, -999, -999, -999, -999, -999, -999, -999, -999, -999, -999, -999
19750829, 0600,  , TS, 16.6N, 117.8W,  55, -999, -999, -999, -999, -999, -999, -999, -999, -999, -999, -999, -999, -999, -999
19750829, 1200,  , TS, 17.0N, 119.0W,  45, -999, -999, -999, -999, -999, -999, -999, -999, -999, -999, -999, -999, -999, -999
19750829, 1800,  , TS, 17.7N, 120.1W,  45, -999, -999, -999, -999, -999, -999, -999, -999, -999, -999, -999, -999, -999, -999
19750830, 0000,  , TS, 18.3N, 121.3W,  40, -999, -999, -999, -999, -999, -999, -999, -999, -999, -999, -999, -999, -999, -999
19750830, 0600,  , TS, 18.7N, 122.6W,  40, -999, -999, -999, -999, -999, -999, -999, -999, -999, -999, -999, -999, -999, -999
19750830, 1200,  , TS, 18.9N, 124.0W,  40, -999, -999, -999, -999, -999, -999, -999, -999, -999, -999, -999, -999, -999, -999
19750830, 1800,  , TS, 19.0N, 125.1W,  35, -999, -999, -999, -999, -999, -999, -999, -999, -999, -999, -999, -999, -999, -999
19750831, 0000,  , TD, 19.0N, 126.2W,  30, -999, -999, -999, -999, -999, -999, -999, -999, -999, -999, -999, -999, -999, -999
19750831, 0600,  , TD, 19.0N, 127.6W,  30, -999, -999, -999, -999, -999, -999, -999, -999, -999, -999, -999, -999, -999, -999
19750831, 1200,  , TD, 19.0N, 129.0W,  25, -999, -999, -999, -999, -999, -999, -999, -999, -999, -999, -999, -999, -999, -999
EP111975,            KATRINA,     37,
19750829, 0000,  , TS, 10.5N, 101.0W,  35, -999, -999, -999, -999, -999, -999, -999, -999, -999, -999, -999, -999, -999, -999
19750829, 0600,  , TS, 10.9N, 102.0W,  35, -999, -999, -999, -999, -999, -999, -999, -999, -999, -999, -999, -999, -999, -999
19750829, 1200,  , TS, 11.2N, 102.9W,  45, -999, -999, -999, -999, -999, -999, -999, -999, -999, -999, -999, -999, -999, -999
19750829, 1800,  , HU, 11.4N, 103.7W,  65, -999, -999, -999, -999, -999, -999, -999, -999, -999, -999, -999, -999, -999, -999
19750830, 0000,  , HU, 11.7N, 104.4W,  65, -999, -999, -999, -999, -999, -999, -999, -999, -999, -999, -999, -999, -999, -999
19750830, 0600,  , HU, 11.9N, 105.0W,  70, -999, -999, -999, -999, -999, -999, -999, -999, -999, -999, -999, -999, -999, -999
19750830, 1200,  , HU, 12.2N, 105.5W,  70, -999, -999, -999, -999, -999, -999, -999, -999, -999, -999, -999, -999, -999, -999
19750830, 1800,  , HU, 12.4N, 105.9W,  70, -999, -999, -999, -999, -999, -999, -999, -999, -999, -999, -999, -999, -999, -999
19750831, 0000,  , HU, 12.6N, 106.4W,  70, -999, -999, -999, -999, -999, -999, -999, -999, -999, -999, -999, -999, -999, -999
19750831, 0600,  , HU, 13.2N, 107.3W,  70, -999, -999, -999, -999, -999, -999, -999, -999, -999, -999, -999, -999, -999, -999
19750831, 1200,  , HU, 14.0N, 108.1W,  70, -999, -999, -999, -999, -999, -999, -999, -999, -999, -999, -999, -999, -999, -999
19750831, 1800,  , HU, 14.9N, 108.9W,  70, -999, -999, -999, -999, -999, -999, -999, -999, -999, -999, -999, -999, -999, -999
19750901, 0000,  , HU, 15.9N, 109.5W,  75, -999, -999, -999, -999, -999, -999, -999, -999, -999, -999, -999, -999, -999, -999
19750901, 0600,  , HU, 16.8N, 109.9W,  80, -999, -999, -999, -999, -999, -999, -999, -999, -999, -999, -999, -999, -999, -999
19750901, 1200,  , HU, 17.5N, 110.2W,  80, -999, -999, -999, -999, -999, -999, -999, -999, -999, -999, -999, -999, -999, -999
19750901, 1800,  , HU, 18.0N, 110.6W,  80, -999, -999, -999, -999, -999, -999, -999, -999, -999, -999, -999, -999, -999, -999
19750902, 0000,  , HU, 18.5N, 111.0W,  80, -999, -999, -999, -999, -999, -999, -999, -999, -999, -999, -999, -999, -999, -999
19750902, 0600,  , HU, 19.0N, 111.4W,  85, -999, -999, -999, -999, -999, -999, -999, -999, -999, -999, -999, -999, -999, -999
19750902, 1200,  , HU, 19.4N, 111.8W,  90, -999, -999, -999, -999, -999, -999, -999, -999, -999, -999, -999, -999, -999, -999
19750902, 1800,  , HU, 19.6N, 112.1W,  90, -999, -999, -999, -999, -999, -999, -999, -999, -999, -999, -999, -999, -999, -999
19750903, 0000,  , HU, 19.9N, 112.5W,  90, -999, -999, -999, -999, -999, -999, -999, -999, -999, -999, -999, -999, -999, -999
19750903, 0600,  , HU, 20.2N, 113.1W, 110, -999, -999, -999, -999, -999, -999, -999, -999, -999, -999, -999, -999, -999, -999
19750903, 1200,  , HU, 20.4N, 113.7W, 115, -999, -999, -999, -999, -999, -999, -999, -999, -999, -999, -999, -999, -999, -999
19750903, 1800,  , HU, 20.7N, 114.4W, 110, -999, -999, -999, -999, -999, -999, -999, -999, -999, -999, -999, -999, -999, -999
19750904, 0000,  , HU, 20.9N, 115.2W, 110, -999, -999, -999, -999, -999, -999, -999, -999, -999, -999, -999, -999, -999, -999
19750904, 0600,  , HU, 21.1N, 116.1W, 105, -999, -999, -999, -999, -999, -999, -999, -999, -999, -999, -999, -999, -999, -999
19750904, 1200,  , HU, 21.3N, 117.0W,  90, -999, -999, -999, -999, -999, -999, -999, -999, -999, -999, -999, -999, -999, -999
19750904, 1800,  , HU, 21.5N, 118.0W,  80, -999, -999, -999, -999, -999, -999, -999, -999, -999, -999, -999, -999, -999, -999
19750905, 0000,  , HU, 21.7N, 119.0W,  70, -999, -999, -999, -999, -999, -999, -999, -999, -999, -999, -999, -999, -999, -999
19750905, 0600,  , TS, 21.8N, 120.0W,  60, -999, -999, -999, -999, -999, -999, -999, -999, -999, -999, -999, -999, -999, -999
19750905, 1200,  , TS, 21.8N, 121.1W,  50, -999, -999, -999, -999, -999, -999, -999, -999, -999, -999, -999, -999, -999, -999
19750905, 1800,  , TS, 21.8N, 122.0W,  45, -999, -999, -999, -999, -999, -999, -999, -999, -999, -999, -999, -999, -999, -999
19750906, 0000,  , TS, 21.7N, 123.5W,  40, -999, -999, -999, -999, -999, -999, -999, -999, -999, -999, -999, -999, -999, -999
19750906, 0600,  , TS, 21.6N, 124.9W,  40, -999, -999, -999, -999, -999, -999, -999, -999, -999, -999, -999, -999, -999, -999
19750906, 1200,  , TD, 21.6N, 126.3W,  30, -999, -999, -999, -999, -999, -999, -999, -999, -999, -999, -999, -999, -999, -999
19750906, 1800,  , TD, 21.6N, 127.6W,  25, -999, -999, -999, -999, -999, -999, -999, -999, -999, -999, -999, -999, -999, -999
19750907, 0000,  , TD, 21.6N, 128.9W,  25, -999, -999, -999, -999, -999, -999, -999, -999, -999, -999, -999, -999, -999, -999
CP011975,            UNNAMED,     21,
19750831, 0000,  , TD, 31.0N, 147.5W,  25, -999, -999, -999, -999, -999, -999, -999, -999, -999, -999, -999, -999, -999, -999
19750831, 0600,  , TD, 30.7N, 149.4W,  25, -999, -999, -999, -999, -999, -999, -999, -999, -999, -999, -999, -999, -999, -999
19750831, 1200,  , TD, 30.4N, 151.5W,  25, -999, -999, -999, -999, -999, -999, -999, -999, -999, -999, -999, -999, -999, -999
19750831, 1800,  , TD, 30.4N, 153.5W,  25, -999, -999, -999, -999, -999, -999, -999, -999, -999, -999, -999, -999, -999, -999
19750901, 0000,  , TD, 30.6N, 155.5W,  30, -999, -999, -999, -999, -999, -999, -999, -999, -999, -999, -999, -999, -999, -999
19750901, 0600,  , TD, 30.7N, 156.5W,  30, -999, -999, -999, -999, -999, -999, -999, -999, -999, -999, -999, -999, -999, -999
19750901, 1200,  , TD, 31.0N, 157.4W,  30, -999, -999, -999, -999, -999, -999, -999, -999, -999, -999, -999, -999, -999, -999
19750901, 1800,  , TD, 31.5N, 158.3W,  30, -999, -999, -999, -999, -999, -999, -999, -999, -999, -999, -999, -999, -999, -999
19750902, 0000,  , TS, 32.0N, 159.0W,  35, -999, -999, -999, -999, -999, -999, -999, -999, -999, -999, -999, -999, -999, -999
19750902, 0600,  , TS, 32.5N, 159.6W,  35, -999, -999, -999, -999, -999, -999, -999, -999, -999, -999, -999, -999, -999, -999
19750902, 1200,  , TS, 33.4N, 159.9W,  40, -999, -999, -999, -999, -999, -999, -999, -999, -999, -999, -999, -999, -999, -999
19750902, 1800,  , TS, 34.3N, 159.7W,  40, -999, -999, -999, -999, -999, -999, -999, -999, -999, -999, -999, -999, -999, -999
19750903, 0000,  , TS, 35.0N, 159.0W,  40, -999, -999, -999, -999, -999, -999, -999, -999, -999, -999, -999, -999, -999, -999
19750903, 0600,  , TS, 36.7N, 158.0W,  55, -999, -999, -999, -999, -999, -999, -999, -999, -999, -999, -999, -999, -999, -999
19750903, 1200,  , TS, 38.2N, 157.5W,  60, -999, -999, -999, -999, -999, -999, -999, -999, -999, -999, -999, -999, -999, -999
19750903, 1800,  , HU, 40.0N, 156.0W,  65, -999, -999, -999, -999, -999, -999, -999, -999, -999, -999, -999, -999, -999, -999
19750904, 0000,  , HU, 41.5N, 154.0W,  65,  990, -999, -999, -999, -999, -999, -999, -999, -999, -999, -999, -999, -999, -999
19750904, 0600,  , HU, 44.0N, 151.0W,  65, -999, -999, -999, -999, -999, -999, -999, -999, -999, -999, -999, -999, -999, -999
19750904, 1200,  , TS, 47.0N, 147.0W,  55, -999, -999, -999, -999, -999, -999, -999, -999, -999, -999, -999, -999, -999, -999
19750904, 1800,  , TS, 50.0N, 142.6W,  45, -999, -999, -999, -999, -999, -999, -999, -999, -999, -999, -999, -999, -999, -999
19750905, 0000,  , TS, 54.0N, 138.0W,  35, -999, -999, -999, -999, -999, -999, -999, -999, -999, -999, -999, -999, -999, -999
EP121975,               LILY,     23,
19750916, 1200,  , TD, 16.3N, 104.2W,  30, -999, -999, -999, -999, -999, -999, -999, -999, -999, -999, -999, -999, -999, -999
19750916, 1800,  , TS, 16.4N, 105.0W,  45, -999, -999, -999, -999, -999, -999, -999, -999, -999, -999, -999, -999, -999, -999
19750917, 0000,  , TS, 16.5N, 105.6W,  40, -999, -999, -999, -999, -999, -999, -999, -999, -999, -999, -999, -999, -999, -999
19750917, 0600,  , TS, 16.6N, 106.0W,  40, -999, -999, -999, -999, -999, -999, -999, -999, -999, -999, -999, -999, -999, -999
19750917, 1200,  , TS, 16.6N, 106.3W,  35, -999, -999, -999, -999, -999, -999, -999, -999, -999, -999, -999, -999, -999, -999
19750917, 1800,  , TS, 16.7N, 106.7W,  45, -999, -999, -999, -999, -999, -999, -999, -999, -999, -999, -999, -999, -999, -999
19750918, 0000,  , TS, 17.0N, 107.2W,  45, -999, -999, -999, -999, -999, -999, -999, -999, -999, -999, -999, -999, -999, -999
19750918, 0600,  , TS, 17.4N, 108.2W,  45, -999, -999, -999, -999, -999, -999, -999, -999, -999, -999, -999, -999, -999, -999
19750918, 1200,  , TS, 17.8N, 109.3W,  55, -999, -999, -999, -999, -999, -999, -999, -999, -999, -999, -999, -999, -999, -999
19750918, 1800,  , HU, 18.2N, 110.4W,  65, -999, -999, -999, -999, -999, -999, -999, -999, -999, -999, -999, -999, -999, -999
19750919, 0000,  , HU, 18.6N, 111.6W,  75, -999, -999, -999, -999, -999, -999, -999, -999, -999, -999, -999, -999, -999, -999
19750919, 0600,  , HU, 18.9N, 112.9W,  70, -999, -999, -999, -999, -999, -999, -999, -999, -999, -999, -999, -999, -999, -999
19750919, 1200,  , HU, 19.2N, 114.2W,  75, -999, -999, -999, -999, -999, -999, -999, -999, -999, -999, -999, -999, -999, -999
19750919, 1800,  , HU, 19.6N, 115.6W,  75, -999, -999, -999, -999, -999, -999, -999, -999, -999, -999, -999, -999, -999, -999
19750920, 0000,  , HU, 20.0N, 117.0W,  70, -999, -999, -999, -999, -999, -999, -999, -999, -999, -999, -999, -999, -999, -999
19750920, 0600,  , HU, 20.5N, 118.4W,  75, -999, -999, -999, -999, -999, -999, -999, -999, -999, -999, -999, -999, -999, -999
19750920, 1200,  , HU, 21.0N, 119.9W,  70, -999, -999, -999, -999, -999, -999, -999, -999, -999, -999, -999, -999, -999, -999
19750920, 1800,  , TS, 21.5N, 121.3W,  60, -999, -999, -999, -999, -999, -999, -999, -999, -999, -999, -999, -999, -999, -999
19750921, 0000,  , TS, 21.9N, 122.6W,  55, -999, -999, -999, -999, -999, -999, -999, -999, -999, -999, -999, -999, -999, -999
19750921, 0600,  , TS, 22.4N, 123.9W,  50, -999, -999, -999, -999, -999, -999, -999, -999, -999, -999, -999, -999, -999, -999
19750921, 1200,  , TS, 23.0N, 125.0W,  40, -999, -999, -999, -999, -999, -999, -999, -999, -999, -999, -999, -999, -999, -999
19750921, 1800,  , EX, 22.9N, 125.9W,  25, -999, -999, -999, -999, -999, -999, -999, -999, -999, -999, -999, -999, -999, -999
19750922, 0000,  , EX, 22.1N, 126.5W,  25, -999, -999, -999, -999, -999, -999, -999, -999, -999, -999, -999, -999, -999, -999
EP131975,             MONICA,     15,
19750928, 1200,  , TD, 11.5N, 117.8W,  25, -999, -999, -999, -999, -999, -999, -999, -999, -999, -999, -999, -999, -999, -999
19750928, 1800,  , TD, 11.6N, 118.9W,  30, -999, -999, -999, -999, -999, -999, -999, -999, -999, -999, -999, -999, -999, -999
19750929, 0000,  , TS, 11.7N, 120.0W,  35, -999, -999, -999, -999, -999, -999, -999, -999, -999, -999, -999, -999, -999, -999
19750929, 0600,  , TS, 11.8N, 121.2W,  35, -999, -999, -999, -999, -999, -999, -999, -999, -999, -999, -999, -999, -999, -999
19750929, 1200,  , TS, 12.0N, 122.3W,  35, -999, -999, -999, -999, -999, -999, -999, -999, -999, -999, -999, -999, -999, -999
19750929, 1800,  , TS, 12.1N, 123.0W,  35, -999, -999, -999, -999, -999, -999, -999, -999, -999, -999, -999, -999, -999, -999
19750930, 0000,  , TS, 12.3N, 123.7W,  35, -999, -999, -999, -999, -999, -999, -999, -999, -999, -999, -999, -999, -999, -999
19750930, 0600,  , TS, 12.4N, 124.2W,  35, -999, -999, -999, -999, -999, -999, -999, -999, -999, -999, -999, -999, -999, -999
19750930, 1200,  , TS, 12.6N, 124.7W,  40, -999, -999, -999, -999, -999, -999, -999, -999, -999, -999, -999, -999, -999, -999
19750930, 1800,  , TS, 12.9N, 125.4W,  45, -999, -999, -999, -999, -999, -999, -999, -999, -999, -999, -999, -999, -999, -999
19751001, 0000,  , TS, 13.3N, 126.0W,  35, -999, -999, -999, -999, -999, -999, -999, -999, -999, -999, -999, -999, -999, -999
19751001, 0600,  , TD, 13.6N, 126.6W,  30, -999, -999, -999, -999, -999, -999, -999, -999, -999, -999, -999, -999, -999, -999
19751001, 1200,  , TD, 14.0N, 127.0W,  30, -999, -999, -999, -999, -999, -999, -999, -999, -999, -999, -999, -999, -999, -999
19751001, 1800,  , TD, 14.4N, 127.3W,  30, -999, -999, -999, -999, -999, -999, -999, -999, -999, -999, -999, -999, -999, -999
19751002, 0000,  , TD, 15.0N, 127.3W,  25, -999, -999, -999, -999, -999, -999, -999, -999, -999, -999, -999, -999, -999, -999
EP141975,            NANETTE,     23,
19750928, 1200,  , TD, 12.8N, 107.0W,  25, -999, -999, -999, -999, -999, -999, -999, -999, -999, -999, -999, -999, -999, -999
19750928, 1800,  , TD, 12.8N, 107.7W,  30, -999, -999, -999, -999, -999, -999, -999, -999, -999, -999, -999, -999, -999, -999
19750929, 0000,  , TD, 12.8N, 108.4W,  30, -999, -999, -999, -999, -999, -999, -999, -999, -999, -999, -999, -999, -999, -999
19750929, 0600,  , TD, 12.6N, 109.0W,  30, -999, -999, -999, -999, -999, -999, -999, -999, -999, -999, -999, -999, -999, -999
19750929, 1200,  , TD, 12.5N, 109.6W,  30, -999, -999, -999, -999, -999, -999, -999, -999, -999, -999, -999, -999, -999, -999
19750929, 1800,  , TS, 12.5N, 110.0W,  35, -999, -999, -999, -999, -999, -999, -999, -999, -999, -999, -999, -999, -999, -999
19750930, 0000,  , TS, 12.5N, 110.5W,  35, -999, -999, -999, -999, -999, -999, -999, -999, -999, -999, -999, -999, -999, -999
19750930, 0600,  , TS, 12.5N, 111.1W,  35, -999, -999, -999, -999, -999, -999, -999, -999, -999, -999, -999, -999, -999, -999
19750930, 1200,  , TS, 12.6N, 111.8W,  35, -999, -999, -999, -999, -999, -999, -999, -999, -999, -999, -999, -999, -999, -999
19750930, 1800,  , TS, 12.7N, 112.4W,  40, -999, -999, -999, -999, -999, -999, -999, -999, -999, -999, -999, -999, -999, -999
19751001, 0000,  , TS, 12.8N, 113.0W,  45, -999, -999, -999, -999, -999, -999, -999, -999, -999, -999, -999, -999, -999, -999
19751001, 0600,  , TS, 12.9N, 114.2W,  45, -999, -999, -999, -999, -999, -999, -999, -999, -999, -999, -999, -999, -999, -999
19751001, 1200,  , TS, 13.0N, 115.4W,  45, -999, -999, -999, -999, -999, -999, -999, -999, -999, -999, -999, -999, -999, -999
19751001, 1800,  , TS, 13.1N, 116.5W,  45, -999, -999, -999, -999, -999, -999, -999, -999, -999, -999, -999, -999, -999, -999
19751002, 0000,  , TS, 13.3N, 117.5W,  45, -999, -999, -999, -999, -999, -999, -999, -999, -999, -999, -999, -999, -999, -999
19751002, 0600,  , TS, 13.7N, 118.8W,  45, -999, -999, -999, -999, -999, -999, -999, -999, -999, -999, -999, -999, -999, -999
19751002, 1200,  , TS, 14.2N, 120.0W,  40, -999, -999, -999, -999, -999, -999, -999, -999, -999, -999, -999, -999, -999, -999
19751002, 1800,  , TS, 14.6N, 121.2W,  40, -999, -999, -999, -999, -999, -999, -999, -999, -999, -999, -999, -999, -999, -999
19751003, 0000,  , TS, 14.9N, 121.9W,  40, -999, -999, -999, -999, -999, -999, -999, -999, -999, -999, -999, -999, -999, -999
19751003, 0600,  , TS, 15.0N, 122.5W,  40, -999, -999, -999, -999, -999, -999, -999, -999, -999, -999, -999, -999, -999, -999
19751003, 1200,  , TS, 14.9N, 123.2W,  40, -999, -999, -999, -999, -999, -999, -999, -999, -999, -999, -999, -999, -999, -999
19751003, 1800,  , TS, 14.6N, 124.0W,  35, -999, -999, -999, -999, -999, -999, -999, -999, -999, -999, -999, -999, -999, -999
19751004, 0000,  , TD, 14.0N, 125.0W,  30, -999, -999, -999, -999, -999, -999, -999, -999, -999, -999, -999, -999, -999, -999
EP151975,             OLIVIA,     15,
19751022, 0000,  , TD, 13.7N, 107.6W,  25, -999, -999, -999, -999, -999, -999, -999, -999, -999, -999, -999, -999, -999, -999
19751022, 0600,  , TS, 14.2N, 109.0W,  35, -999, -999, -999, -999, -999, -999, -999, -999, -999, -999, -999, -999, -999, -999
19751022, 1200,  , TS, 14.7N, 110.0W,  35, -999, -999, -999, -999, -999, -999, -999, -999, -999, -999, -999, -999, -999, -999
19751022, 1800,  , TS, 15.1N, 110.5W,  35, -999, -999, -999, -999, -999, -999, -999, -999, -999, -999, -999, -999, -999, -999
19751023, 0000,  , TS, 15.6N, 110.8W,  35, -999, -999, -999, -999, -999, -999, -999, -999, -999, -999, -999, -999, -999, -999
19751023, 0600,  , TS, 16.0N, 111.0W,  40, -999, -999, -999, -999, -999, -999, -999, -999, -999, -999, -999, -999, -999, -999
19751023, 1200,  , TS, 16.5N, 111.0W,  45, -999, -999, -999, -999, -999, -999, -999, -999, -999, -999, -999, -999, -999, -999
19751023, 1800,  , HU, 16.9N, 110.8W,  75, -999, -999, -999, -999, -999, -999, -999, -999, -999, -999, -999, -999, -999, -999
19751024, 0000,  , HU, 17.6N, 110.5W,  80, -999, -999, -999, -999, -999, -999, -999, -999, -999, -999, -999, -999, -999, -999
19751024, 0600,  , HU, 18.7N, 110.0W,  80, -999, -999, -999, -999, -999, -999, -999, -999, -999, -999, -999, -999, -999, -999
19751024, 1200,  , HU, 20.0N, 109.3W,  90, -999, -999, -999, -999, -999, -999, -999, -999, -999, -999, -999, -999, -999, -999
19751024, 1800,  , HU, 21.2N, 108.3W,  90, -999, -999, -999, -999, -999, -999, -999, -999, -999, -999, -999, -999, -999, -999
19751025, 0000,  , HU, 22.2N, 107.3W,  95, -999, -999, -999, -999, -999, -999, -999, -999, -999, -999, -999, -999, -999, -999
19751025, 0600,  , HU, 23.0N, 106.3W, 100, -999, -999, -999, -999, -999, -999, -999, -999, -999, -999, -999, -999, -999, -999
19751025, 1200,  , HU, 23.6N, 105.3W,  75, -999, -999, -999, -999, -999, -999, -999, -999, -999, -999, -999, -999, -999, -999
EP161975,          PRISCILLA,     23,
19751102, 0000,  , TD, 11.5N,  97.0W,  25, -999, -999, -999, -999, -999, -999, -999, -999, -999, -999, -999, -999, -999, -999
19751102, 0600,  , TD, 11.5N,  97.0W,  25, -999, -999, -999, -999, -999, -999, -999, -999, -999, -999, -999, -999, -999, -999
19751102, 1200,  , TD, 11.5N,  97.0W,  25, -999, -999, -999, -999, -999, -999, -999, -999, -999, -999, -999, -999, -999, -999
19751102, 1800,  , TD, 11.9N,  97.0W,  30, -999, -999, -999, -999, -999, -999, -999, -999, -999, -999, -999, -999, -999, -999
19751103, 0000,  , TD, 12.2N,  97.0W,  30, -999, -999, -999, -999, -999, -999, -999, -999, -999, -999, -999, -999, -999, -999
19751103, 0600,  , TD, 12.3N,  98.1W,  30, -999, -999, -999, -999, -999, -999, -999, -999, -999, -999, -999, -999, -999, -999
19751103, 1200,  , TD, 12.5N,  99.5W,  30, -999, -999, -999, -999, -999, -999, -999, -999, -999, -999, -999, -999, -999, -999
19751103, 1800,  , TD, 12.7N, 100.0W,  25, -999, -999, -999, -999, -999, -999, -999, -999, -999, -999, -999, -999, -999, -999
19751104, 0000,  , TD, 12.9N, 100.6W,  30, -999, -999, -999, -999, -999, -999, -999, -999, -999, -999, -999, -999, -999, -999
19751104, 0600,  , TS, 13.1N, 101.5W,  35, -999, -999, -999, -999, -999, -999, -999, -999, -999, -999, -999, -999, -999, -999
19751104, 1200,  , TS, 13.4N, 102.5W,  35, -999, -999, -999, -999, -999, -999, -999, -999, -999, -999, -999, -999, -999, -999
19751104, 1800,  , TS, 13.9N, 103.3W,  35, -999, -999, -999, -999, -999, -999, -999, -999, -999, -999, -999, -999, -999, -999
19751105, 0000,  , TS, 14.5N, 104.2W,  45, -999, -999, -999, -999, -999, -999, -999, -999, -999, -999, -999, -999, -999, -999
19751105, 0600,  , TS, 15.0N, 105.6W,  45, -999, -999, -999, -999, -999, -999, -999, -999, -999, -999, -999, -999, -999, -999
19751105, 1200,  , TS, 15.4N, 107.2W,  45, -999, -999, -999, -999, -999, -999, -999, -999, -999, -999, -999, -999, -999, -999
19751105, 1800,  , TS, 15.5N, 108.8W,  50, -999, -999, -999, -999, -999, -999, -999, -999, -999, -999, -999, -999, -999, -999
19751106, 0000,  , TS, 15.6N, 110.3W,  55, -999, -999, -999, -999, -999, -999, -999, -999, -999, -999, -999, -999, -999, -999
19751106, 0600,  , TS, 16.0N, 111.7W,  55, -999, -999, -999, -999, -999, -999, -999, -999, -999, -999, -999, -999, -999, -999
19751106, 1200,  , TS, 16.3N, 112.7W,  55, -999, -999, -999, -999, -999, -999, -999, -999, -999, -999, -999, -999, -999, -999
19751106, 1800,  , TS, 16.6N, 113.3W,  45, -999, -999, -999, -999, -999, -999, -999, -999, -999, -999, -999, -999, -999, -999
19751107, 0000,  , TS, 17.0N, 113.7W,  45, -999, -999, -999, -999, -999, -999, -999, -999, -999, -999, -999, -999, -999, -999
19751107, 0600,  , EX, 17.3N, 114.1W,  35, -999, -999, -999, -999, -999, -999, -999, -999, -999, -999, -999, -999, -999, -999
19751107, 1200,  , EX, 17.5N, 114.5W,  25, -999, -999, -999, -999, -999, -999, -999, -999, -999, -999, -999, -999, -999, -999
