EP011958,            UNNAMED,     41,
19580606, 0000,  , HU, 12.1N,  98.0W,  75, -999, -999, -999, -999, -999, -999, -999, -999, -999, -999, -999, -999, -999, -999
19580606, 0600,  , HU, 12.3N,  99.0W,  75, -999, -999, -999, -999, -999, -999, -999, -999, -999, -999, -999, -999, -999, -999
19580606, 1200,  , HU, 12.4N,  99.8W,  75, -999, -999, -999, -999, -999, -999, -999, -999, -999, -999, -999, -999, -999, -999
19580606, 1800,  , HU, 12.5N, 100.2W,  75, -999, -999, -999, -999, -999, -999, -999, -999, -999, -999, -999, -999, -999, -999
19580607, 0000,  , HU, 12.6N, 100.7W,  75, -999, -999, -999, -999, -999, -999, -999, -999, -999, -999, -999, -999, -999, -999
19580607, 0600,  , HU, 12.8N, 101.3W,  75, -999, -999, -999, -999, -999, -999, -999, -999, -999, -999, -999, -999, -999, -999
19580607, 1200,  , HU, 13.0N, 101.9W,  75, -999, -999, -999, -999, -999, -999, -999, -999, -999, -999, -999, -999, -999, -999
19580607, 1800,  , TS, 13.1N, 102.5W,  45,  992, -999, -999, -999, -999, -999, -999, -999, -999, -999, -999, -999, -999, -999
19580608, 0000,  , HU, 13.3N, 103.0W,  75, -999, -999, -999, -999, -999, -999, -999, -999, -999, -999, -999, -999, -999, -999
19580608, 0600,  , HU, 13.6N, 103.5W,  75, -999, -999, -999, -999, -999, -999, -999, -999, -999, -999, -999, -999, -999, -999
19580608, 1200,  , HU, 14.0N, 104.0W,  75, -999, -999, -999, -999, -999, -999, -999, -999, -999, -999, -999, -999, -999, -999
19580608, 1800,  , HU, 14.3N, 104.6W,  75, -999, -999, -999, -999, -999, -999, -999, -999, -999, -999, -999, -999, -999, -999
19580609, 0000,  , HU, 14.7N, 105.3W,  75, -999, -999, -999, -999, -999, -999, -999, -999, -999, -999, -999, -999, -999, -999
19580609, 0600,  , HU, 15.0N, 105.8W,  75, -999, -999, -999, -999, -999, -999, -999, -999, -999, -999, -999, -999, -999, -999
19580609, 1200,  , HU, 15.4N, 106.3W,  75, -999, -999, -999, -999, -999, -999, -999, -999, -999, -999, -999, -999, -999, -999
19580609, 1800,  , HU, 16.0N, 106.8W,  75, -999, -999, -999, -999, -999, -999, -999, -999, -999, -999, -999, -999, -999, -999
19580610, 0000,  , HU, 16.7N, 107.2W,  75, -999, -999, -999, -999, -999, -999, -999, -999, -999, -999, -999, -999, -999, -999
19580610, 0600,  , HU, 17.1N, 107.8W,  75, -999, -999, -999, -999, -999, -999, -999, -999, -999, -999, -999, -999, -999, -999
19580610, 1200,  , HU, 17.4N, 108.3W,  75, -999, -999, -999, -999, -999, -999, -999, -999, -999, -999, -999, -999, -999, -999
19580610, 1800,  , HU, 17.7N, 108.6W,  75, -999, -999, -999, -999, -999, -999, -999, -999, -999, -999, -999, -999, -999, -999
19580611, 0000,  , HU, 17.9N, 109.0W,  75, -999, -999, -999, -999, -999, -999, -999, -999, -999, -999, -999, -999, -999, -999
19580611, 0600,  , HU, 18.0N, 109.3W,  75, -999, -999, -999, -999, -999, -999, -999, -999, -999, -999, -999, -999, -999, -999
19580611, 1200,  , HU, 18.2N, 109.7W,  75, -999, -999, -999, -999, -999, -999, -999, -999, -999, -999, -999, -999, -999, -999
19580611, 1800,  , HU, 18.4N, 110.0W,  75, -999, -999, -999, -999, -999, -999, -999, -999, -999, -999, -999, -999, -999, -999
19580612, 0000,  , HU, 18.6N, 110.2W,  75, -999, -999, -999, -999, -999, -999, -999, -999, -999, -999, -999, -999, -999, -999
19580612, 0600,  , HU, 18.7N, 110.4W,  75, -999, -999, -999, -999, -999, -999, -999, -999, -999, -999, -999, -999, -999, -999
19580612, 1200,  , HU, 18.9N, 110.6W,  75, -999, -999, -999, -999, -999, -999, -999, -999, -999, -999, -999, -999, -999, -999
19580612, 1800,  , HU, 19.1N, 110.8W,  75, -999, -999, -999, -999, -999, -999, -999, -999, -999, -999, -999, -999, -999, -999
19580613, 0000,  , HU, 19.3N, 111.0W,  75, -999, -999, -999, -999, -999, -999, -999, -999, -999, -999, -999, -999, -999, -999
19580613, 0600,  , HU, 19.5N, 111.1W,  75, -999, -999, -999, -999, -999, -999, -999, -999, -999, -999, -999, -999, -999, -999
19580613, 1200,  , HU, 19.7N, 111.2W,  75, -999, -999, -999, -999, -999, -999, -999, -999, -999, -999, -999, -999, -999, -999
19580613, 1800,  , HU, 19.9N, 111.3W,  75, -999, -999, -999, -999, -999, -999, -999, -999, -999, -999, -999, -999, -999, -999
19580614, 0000,  , HU, 20.2N, 111.4W,  75, -999, -999, -999, -999, -999, -999, -999, -999, -999, -999, -999, -999, -999, -999
19580614, 0600,  , HU, 20.9N, 111.0W,  75, -999, -999, -999, -999, -999, -999, -999, -999, -999, -999, -999, -999, -999, -999
19580614, 1200,  , HU, 21.7N, 110.3W,  75, -999, -999, -999, -999, -999, -999, -999, -999, -999, -999, -999, -999, -999, -999
19580614, 1800,  , HU, 22.3N, 109.8W,  75, -999, -999, -999, -999, -999, -999, -999, -999, -999, -999, -999, -999, -999, -999
19580615, 0000,  , HU, 22.9N, 109.3W,  75, -999, -999, -999, -999, -999, -999, -999, -999, -999, -999, -999, -999, -999, -999
19580615, 0600,  , TD, 23.3N, 108.8W,  25, -999, -999, -999, -999, -999, -999, -999, -999, -999, -999, -999, -999, -999, -999
19580615, 1200,  , TD, 23.5N, 108.2W,  25, -999, -999, -999, -999, -999, -999, -999, -999, -999, -999, -999, -999, -999, -999
19580615, 1800,  , TD, 23.6N, 107.9W,  25, -999, -999, -999, -999, -999, -999, -999, -999, -999, -999, -999, -999, -999, -999
19580616, 0000,  , TD, 23.5N, 108.0W,  25, -999, -999, -999, -999, -999, -999, -999, -999, -999, -999, -999, -999, -999, -999
EP021958,            UNNAMED,      9,
19580613, 0000,  , TS, 12.5N,  91.7W,  45, -999, -999, -999, -999, -999, -999, -999, -999, -999, -999, -999, -999, -999, -999
19580613, 0600,  , TS, 13.1N,  92.2W,  45, -999, -999, -999, -999, -999, -999, -999, -999, -999, -999, -999, -999, -999, -999
19580613, 1200,  , TS, 13.7N,  92.7W,  45, -999, -999, -999, -999, -999, -999, -999, -999, -999, -999, -999, -999, -999, -999
19580613, 1800,  , TS, 14.2N,  93.2W,  45, -999, -999, -999, -999, -999, -999, -999, -999, -999, -999, -999, -999, -999, -999
19580614, 0000,  , TS, 14.8N,  93.7W,  45, -999, -999, -999, -999, -999, -999, -999, -999, -999, -999, -999, -999, -999, -999
19580614, 0600,  , TS, 15.4N,  94.2W,  45, -999, -999, -999, -999, -999, -999, -999, -999, -999, -999, -999, -999, -999, -999
19580614, 1200,  , TS, 16.0N,  94.7W,  45, -999, -999, -999, -999, -999, -999, -999, -999, -999, -999, -999, -999, -999, -999
19580614, 1800,  , TS, 16.6N,  95.4W,  45, -999, -999, -999, -999, -999, -999, -999, -999, -999, -999, -999, -999, -999, -999
19580615, 0000,  , TS, 17.2N,  96.2W,  45, -999, -999, -999, -999, -999, -999, -999, -999, -999, -999, -999, -999, -999, -999
EP031958,            UNNAMED,     11,
19580719, 0000,  , HU, 17.6N, 127.6W,  75, -999, -999, -999, -999, -999, -999, -999, -999, -999, -999, -999, -999, -999, -999
19580719, 0600,  , HU, 17.6N, 128.8W,  75, -999, -999, -999, -999, -999, -999, -999, -999, -999, -999, -999, -999, -999, -999
19580719, 1200,  , HU, 17.7N, 129.9W,  75, -999, -999, -999, -999, -999, -999, -999, -999, -999, -999, -999, -999, -999, -999
19580719, 1800,  , HU, 17.9N, 131.0W,  75, -999, -999, -999, -999, -999, -999, -999, -999, -999, -999, -999, -999, -999, -999
19580720, 0000,  , HU, 18.1N, 132.1W,  75, -999, -999, -999, -999, -999, -999, -999, -999, -999, -999, -999, -999, -999, -999
19580720, 0600,  , HU, 18.2N, 133.4W,  75, -999, -999, -999, -999, -999, -999, -999, -999, -999, -999, -999, -999, -999, -999
19580720, 1200,  , HU, 18.2N, 134.8W,  75, -999, -999, -999, -999, -999, -999, -999, -999, -999, -999, -999, -999, -999, -999
19580720, 1800,  , HU, 18.3N, 135.8W,  75, -999, -999, -999, -999, -999, -999, -999, -999, -999, -999, -999, -999, -999, -999
19580721, 0000,  , HU, 18.4N, 136.8W,  75, -999, -999, -999, -999, -999, -999, -999, -999, -999, -999, -999, -999, -999, -999
19580721, 0600,  , HU, 18.4N, 137.6W,  75, -999, -999, -999, -999, -999, -999, -999, -999, -999, -999, -999, -999, -999, -999
19580721, 1200,  , HU, 18.3N, 138.3W,  75, -999, -999, -999, -999, -999, -999, -999, -999, -999, -999, -999, -999, -999, -999
EP041958,            UNNAMED,     17,
19580721, 1200,  , HU, 19.1N, 125.1W,  75, -999, -999, -999, -999, -999, -999, -999, -999, -999, -999, -999, -999, -999, -999
19580721, 1800,  , HU, 19.1N, 126.2W,  75, -999, -999, -999, -999, -999, -999, -999, -999, -999, -999, -999, -999, -999, -999
19580722, 0000,  , HU, 19.1N, 127.3W,  75, -999, -999, -999, -999, -999, -999, -999, -999, -999, -999, -999, -999, -999, -999
19580722, 0600,  , HU, 19.1N, 128.5W,  75, -999, -999, -999, -999, -999, -999, -999, -999, -999, -999, -999, -999, -999, -999
19580722, 1200,  , HU, 19.1N, 129.7W,  75, -999, -999, -999, -999, -999, -999, -999, -999, -999, -999, -999, -999, -999, -999
19580722, 1800,  , HU, 19.1N, 130.7W,  75, -999, -999, -999, -999, -999, -999, -999, -999, -999, -999, -999, -999, -999, -999
19580723, 0000,  , HU, 19.5N, 131.6W,  75, -999, -999, -999, -999, -999, -999, -999, -999, -999, -999, -999, -999, -999, -999
19580723, 0600,  , HU, 19.8N, 132.0W,  75, -999, -999, -999, -999, -999, -999, -999, -999, -999, -999, -999, -999, -999, -999
19580723, 1200,  , HU, 20.2N, 132.3W,  75, -999, -999, -999, -999, -999, -999, -999, -999, -999, -999, -999, -999, -999, -999
19580723, 1800,  , HU, 20.6N, 132.7W,  75, -999, -999, -999, -999, -999, -999, -999, -999, -999, -999, -999, -999, -999, -999
19580724, 0000,  , HU, 21.0N, 133.0W,  75, -999, -999, -999, -999, -999, -999, -999, -999, -999, -999, -999, -999, -999, -999
19580724, 0600,  , HU, 21.5N, 133.2W,  75, -999, -999, -999, -999, -999, -999, -999, -999, -999, -999, -999, -999, -999, -999
19580724, 1200,  , HU, 22.0N, 133.4W,  75, -999, -999, -999, -999, -999, -999, -999, -999, -999, -999, -999, -999, -999, -999
19580724, 1800,  , HU, 22.5N, 133.7W,  75, -999, -999, -999, -999, -999, -999, -999, -999, -999, -999, -999, -999, -999, -999
19580725, 0000,  , HU, 23.0N, 134.0W,  75, -999, -999, -999, -999, -999, -999, -999, -999, -999, -999, -999, -999, -999, -999
19580725, 0600,  , HU, 23.4N, 134.3W,  75, -999, -999, -999, -999, -999, -999, -999, -999, -999, -999, -999, -999, -999, -999
19580725, 1200,  , HU, 23.8N, 134.6W,  75, -999, -999, -999, -999, -999, -999, -999, -999, -999, -999, -999, -999, -999, -999
EP051958,            UNNAMED,     15,
19580726, 1200,  , TS, 16.1N, 100.1W,  45, -999, -999, -999, -999, -999, -999, -999, -999, -999, -999, -999, -999, -999, -999
19580726, 1800,  , TS, 16.6N, 101.3W,  45, -999, -999, -999, -999, -999, -999, -999, -999, -999, -999, -999, -999, -999, -999
19580727, 0000,  , TS, 17.0N, 102.4W,  45, -999, -999, -999, -999, -999, -999, -999, -999, -999, -999, -999, -999, -999, -999
19580727, 0600,  , TS, 17.4N, 103.5W,  45, -999, -999, -999, -999, -999, -999, -999, -999, -999, -999, -999, -999, -999, -999
19580727, 1200,  , TS, 17.8N, 104.6W,  45, -999, -999, -999, -999, -999, -999, -999, -999, -999, -999, -999, -999, -999, -999
19580727, 1800,  , TS, 18.5N, 106.1W,  45, -999, -999, -999, -999, -999, -999, -999, -999, -999, -999, -999, -999, -999, -999
19580728, 0000,  , TS, 19.3N, 107.6W,  45, -999, -999, -999, -999, -999, -999, -999, -999, -999, -999, -999, -999, -999, -999
19580728, 0600,  , TS, 20.0N, 108.8W,  45, -999, -999, -999, -999, -999, -999, -999, -999, -999, -999, -999, -999, -999, -999
19580728, 1200,  , TS, 20.7N, 109.9W,  45, -999, -999, -999, -999, -999, -999, -999, -999, -999, -999, -999, -999, -999, -999
19580728, 1800,  , TS, 21.2N, 110.9W,  45, -999, -999, -999, -999, -999, -999, -999, -999, -999, -999, -999, -999, -999, -999
19580729, 0000,  , TS, 21.7N, 111.8W,  45, -999, -999, -999, -999, -999, -999, -999, -999, -999, -999, -999, -999, -999, -999
19580729, 0600,  , TS, 22.8N, 113.3W,  45, -999, -999, -999, -999, -999, -999, -999, -999, -999, -999, -999, -999, -999, -999
19580729, 1200,  , TS, 23.9N, 114.7W,  45, -999, -999, -999, -999, -999, -999, -999, -999, -999, -999, -999, -999, -999, -999
19580729, 1800,  , TS, 24.9N, 115.9W,  45, -999, -999, -999, -999, -999, -999, -999, -999, -999, -999, -999, -999, -999, -999
19580730, 0000,  , TS, 25.8N, 117.0W,  45, -999, -999, -999, -999, -999, -999, -999, -999, -999, -999, -999, -999, -999, -999
EP061958,            UNNAMED,      5,
19580731, 1200,  , TS, 16.8N, 113.5W,  45, -999, -999, -999, -999, -999, -999, -999, -999, -999, -999, -999, -999, -999, -999
19580731, 1800,  , TS, 17.4N, 114.4W,  45, -999, -999, -999, -999, -999, -999, -999, -999, -999, -999, -999, -999, -999, -999
19580801, 0000,  , TS, 17.9N, 115.3W,  45, -999, -999, -999, -999, -999, -999, -999, -999, -999, -999, -999, -999, -999, -999
19580801, 0600,  , TS, 18.5N, 116.6W,  45, -999, -999, -999, -999, -999, -999, -999, -999, -999, -999, -999, -999, -999, -999
19580801, 1200,  , TS, 19.0N, 118.0W,  45, -999, -999, -999, -999, -999, -999, -999, -999, -999, -999, -999, -999, -999, -999
CP011958,            UNNAMED,      9,
19580807, 0000,  , TS, 19.7N, 154.5W,  45, -999, -999, -999, -999, -999, -999, -999, -999, -999, -999, -999, -999, -999, -999
19580807, 0600,  , TD, 19.8N, 155.0W,  25, -999, -999, -999, -999, -999, -999, -999, -999, -999, -999, -999, -999, -999, -999
19580807, 1200,  , TD, 20.0N, 155.5W,  25, -999, -999, -999, -999, -999, -999, -999, -999, -999, -999, -999, -999, -999, -999
19580807, 1800,  , TD, 20.1N, 155.9W,  25, -999, -999, -999, -999, -999, -999, -999, -999, -999, -999, -999, -999, -999, -999
19580808, 0000,  , TD, 20.2N, 156.4W,  25, -999, -999, -999, -999, -999, -999, -999, -999, -999, -999, -999, -999, -999, -999
19580808, 0600,  , TD, 20.3N, 157.5W,  25, -999, -999, -999, -999, -999, -999, -999, -999, -999, -999, -999, -999, -999, -999
19580808, 1200,  , TD, 20.3N, 158.5W,  25, -999, -999, -999, -999, -999, -999, -999, -999, -999, -999, -999, -999, -999, -999
19580808, 1800,  , TD, 20.0N, 159.5W,  25, -999, -999, -999, -999, -999, -999, -999, -999, -999, -999, -999, -999, -999, -999
19580809, 0000,  , TD, 19.7N, 160.4W,  25, -999, -999, -999, -999, -999, -999, -999, -999, -999, -999, -999, -999, -999, -999
EP071958,            UNNAMED,      7,
19580813, 0000,  , TS, 17.4N, 121.9W,  45, -999, -999, -999, -999, -999, -999, -999, -999, -999, -999, -999, -999, -999, -999
19580813, 0600,  , TS, 17.3N, 123.0W,  45, -999, -999, -999, -999, -999, -999, -999, -999, -999, -999, -999, -999, -999, -999
19580813, 1200,  , TS, 17.3N, 124.0W,  45, -999, -999, -999, -999, -999, -999, -999, -999, -999, -999, -999, -999, -999, -999
19580813, 1800,  , TS, 17.3N, 124.9W,  45, -999, -999, -999, -999, -999, -999, -999, -999, -999, -999, -999, -999, -999, -999
19580814, 0000,  , TS, 17.3N, 125.9W,  45, -999, -999, -999, -999, -999, -999, -999, -999, -999, -999, -999, -999, -999, -999
19580814, 0600,  , TS, 17.4N, 127.1W,  45, -999, -999, -999, -999, -999, -999, -999, -999, -999, -999, -999, -999, -999, -999
19580814, 1200,  , TS, 17.5N, 128.3W,  45, -999, -999, -999, -999, -999, -999, -999, -999, -999, -999, -999, -999, -999, -999
EP081958,            UNNAMED,     27,
19580906, 1200,  , HU, 18.1N, 111.9W,  75, -999, -999, -999, -999, -999, -999, -999, -999, -999, -999, -999, -999, -999, -999
19580906, 1800,  , HU, 18.4N, 112.6W,  75, -999, -999, -999, -999, -999, -999, -999, -999, -999, -999, -999, -999, -999, -999
19580907, 0000,  , HU, 18.6N, 113.3W,  75, -999, -999, -999, -999, -999, -999, -999, -999, -999, -999, -999, -999, -999, -999
19580907, 0600,  , HU, 18.8N, 114.0W,  75, -999, -999, -999, -999, -999, -999, -999, -999, -999, -999, -999, -999, -999, -999
19580907, 1200,  , HU, 18.9N, 114.7W,  75, -999, -999, -999, -999, -999, -999, -999, -999, -999, -999, -999, -999, -999, -999
19580907, 1800,  , HU, 19.0N, 115.4W,  75, -999, -999, -999, -999, -999, -999, -999, -999, -999, -999, -999, -999, -999, -999
19580908, 0000,  , HU, 19.0N, 116.2W,  75, -999, -999, -999, -999, -999, -999, -999, -999, -999, -999, -999, -999, -999, -999
19580908, 0600,  , HU, 19.0N, 116.7W,  75, -999, -999, -999, -999, -999, -999, -999, -999, -999, -999, -999, -999, -999, -999
19580908, 1200,  , HU, 19.0N, 117.2W,  75, -999, -999, -999, -999, -999, -999, -999, -999, -999, -999, -999, -999, -999, -999
19580908, 1800,  , HU, 19.1N, 117.6W,  90, -999, -999, -999, -999, -999, -999, -999, -999, -999, -999, -999, -999, -999, -999
19580909, 0000,  , HU, 19.2N, 118.1W,  75, -999, -999, -999, -999, -999, -999, -999, -999, -999, -999, -999, -999, -999, -999
19580909, 0600,  , HU, 19.2N, 118.6W,  75, -999, -999, -999, -999, -999, -999, -999, -999, -999, -999, -999, -999, -999, -999
19580909, 1200,  , HU, 19.2N, 119.1W,  75, -999, -999, -999, -999, -999, -999, -999, -999, -999, -999, -999, -999, -999, -999
19580909, 1800,  , HU, 19.1N, 119.6W,  75, -999, -999, -999, -999, -999, -999, -999, -999, -999, -999, -999, -999, -999, -999
19580910, 0000,  , HU, 19.1N, 120.0W,  75, -999, -999, -999, -999, -999, -999, -999, -999, -999, -999, -999, -999, -999, -999
19580910, 0600,  , HU, 19.1N, 120.5W,  75, -999, -999, -999, -999, -999, -999, -999, -999, -999, -999, -999, -999, -999, -999
19580910, 1200,  , HU, 19.0N, 121.0W,  75, -999, -999, -999, -999, -999, -999, -999, -999, -999, -999, -999, -999, -999, -999
19580910, 1800,  , HU, 18.9N, 121.6W,  75, -999, -999, -999, -999, -999, -999, -999, -999, -999, -999, -999, -999, -999, -999
19580911, 0000,  , HU, 18.8N, 122.2W,  75, -999, -999, -999, -999, -999, -999, -999, -999, -999, -999, -999, -999, -999, -999
19580911, 0600,  , HU, 18.6N, 123.1W,  75, -999, -999, -999, -999, -999, -999, -999, -999, -999, -999, -999, -999, -999, -999
19580911, 1200,  , HU, 18.4N, 123.9W,  75, -999, -999, -999, -999, -999, -999, -999, -999, -999, -999, -999, -999, -999, -999
19580911, 1800,  , HU, 18.2N, 124.7W,  75, -999, -999, -999, -999, -999, -999, -999, -999, -999, -999, -999, -999, -999, -999
19580912, 0000,  , HU, 18.1N, 125.5W,  75, -999, -999, -999, -999, -999, -999, -999, -999, -999, -999, -999, -999, -999, -999
19580912, 0600,  , HU, 18.0N, 126.2W,  75, -999, -999, -999, -999, -999, -999, -999, -999, -999, -999, -999, -999, -999, -999
19580912, 1200,  , HU, 18.0N, 126.9W,  75, -999, -999, -999, -999, -999, -999, -999, -999, -999, -999, -999, -999, -999, -999
19580912, 1800,  , HU, 17.8N, 127.5W,  75, -999, -999, -999, -999, -999, -999, -999, -999, -999, -999, -999, -999, -999, -999
19580913, 0000,  , HU, 17.5N, 128.1W,  75, -999, -999, -999, -999, -999, -999, -999, -999, -999, -999, -999, -999, -999, -999
EP091958,            UNNAMED,      7,
19580911, 0000,  , TS, 21.0N, 108.0W,  45, -999, -999, -999, -999, -999, -999, -999, -999, -999, -999, -999, -999, -999, -999
19580911, 0600,  , TS, 21.6N, 108.7W,  45, -999, -999, -999, -999, -999, -999, -999, -999, -999, -999, -999, -999, -999, -999
19580911, 1200,  , TS, 22.2N, 109.3W,  45, -999, -999, -999, -999, -999, -999, -999, -999, -999, -999, -999, -999, -999, -999
19580911, 1800,  , TS, 22.8N, 109.6W,  45, -999, -999, -999, -999, -999, -999, -999, -999, -999, -999, -999, -999, -999, -999
19580912, 0000,  , TS, 23.5N, 110.0W,  45, -999, -999, -999, -999, -999, -999, -999, -999, -999, -999, -999, -999, -999, -999
19580912, 0600,  , TS, 25.2N, 111.2W,  45, -999, -999, -999, -999, -999, -999, -999, -999, -999, -999, -999, -999, -999, -999
19580912, 1200,  , TS, 28.2N, 113.4W,  45, -999, -999, -999, -999, -999, -999, -999, -999, -999, -999, -999, -999, -999, -999
EP101958,            UNNAMED,     27,
19580930, 0000,  , HU, 15.6N, 100.3W,  75, -999, -999, -999, -999, -999, -999, -999, -999, -999, -999, -999, -999, -999, -999
19580930, 0600,  , HU, 15.8N, 100.8W,  75, -999, -999, -999, -999, -999, -999, -999, -999, -999, -999, -999, -999, -999, -999
19580930, 1200,  , HU, 16.0N, 101.3W,  75, -999, -999, -999, -999, -999, -999, -999, -999, -999, -999, -999, -999, -999, -999
19580930, 1800,  , HU, 16.1N, 101.8W,  75, -999, -999, -999, -999, -999, -999, -999, -999, -999, -999, -999, -999, -999, -999
19581001, 0000,  , HU, 16.3N, 102.3W,  75, -999, -999, -999, -999, -999, -999, -999, -999, -999, -999, -999, -999, -999, -999
19581001, 0600,  , HU, 16.5N, 102.8W,  75, -999, -999, -999, -999, -999, -999, -999, -999, -999, -999, -999, -999, -999, -999
19581001, 1200,  , HU, 16.7N, 103.3W,  75, -999, -999, -999, -999, -999, -999, -999, -999, -999, -999, -999, -999, -999, -999
19581001, 1800,  , HU, 16.9N, 103.9W,  75, -999, -999, -999, -999, -999, -999, -999, -999, -999, -999, -999, -999, -999, -999
19581002, 0000,  , HU, 17.0N, 104.5W,  75, -999, -999, -999, -999, -999, -999, -999, -999, -999, -999, -999, -999, -999, -999
19581002, 0600,  , HU, 17.2N, 104.9W,  75, -999, -999, -999, -999, -999, -999, -999, -999, -999, -999, -999, -999, -999, -999
19581002, 1200,  , HU, 17.4N, 105.4W,  75, -999, -999, -999, -999, -999, -999, -999, -999, -999, -999, -999, -999, -999, -999
19581002, 1800,  , HU, 17.9N, 106.2W,  75, -999, -999, -999, -999, -999, -999, -999, -999, -999, -999, -999, -999, -999, -999
19581003, 0000,  , HU, 18.6N, 107.0W,  75, -999, -999, -999, -999, -999, -999, -999, -999, -999, -999, -999, -999, -999, -999
19581003, 0600,  , HU, 19.3N, 107.6W,  75, -999, -999, -999, -999, -999, -999, -999, -999, -999, -999, -999, -999, -999, -999
19581003, 1200,  , HU, 20.0N, 108.2W,  75, -999, -999, -999, -999, -999, -999, -999, -999, -999, -999, -999, -999, -999, -999
19581003, 1800,  , HU, 20.8N, 108.9W,  75, -999, -999, -999, -999, -999, -999, -999, -999, -999, -999, -999, -999, -999, -999
19581004, 0000,  , HU, 21.9N, 109.5W,  75, -999, -999, -999, -999, -999, -999, -999, -999, -999, -999, -999, -999, -999, -999
19581004, 0600,  , HU, 23.4N, 109.9W,  75, -999, -999, -999, -999, -999, -999, -999, -999, -999, -999, -999, -999, -999, -999
19581004, 1200,  , HU, 25.0N, 110.3W,  75, -999, -999, -999, -999, -999, -999, -999, -999, -999, -999, -999, -999, -999, -999
19581004, 1800,  , HU, 26.4N, 110.7W,  75, -999, -999, -999, -999, -999, -999, -999, -999, -999, -999, -999, -999, -999, -999
19581005, 0000,  , HU, 27.9N, 111.0W,  75, -999, -999, -999, -999, -999, -999, -999, -999, -999, -999, -999, -999, -999, -999
19581005, 0600,  , TS, 29.4N, 111.2W,  45, -999, -999, -999, -999, -999, -999, -999, -999, -999, -999, -999, -999, -999, -999
19581005, 1200,  , TD, 31.0N, 111.2W,  25, -999, -999, -999, -999, -999, -999, -999, -999, -999, -999, -999, -999, -999, -999
19581005, 1800,  , LO, 32.3N, 111.0W,  20, -999, -999, -999, -999, -999, -999, -999, -999, -999, -999, -999, -999, -999, -999
19581006, 0000,  , LO, 33.4N, 110.4W,  20, -999, -999, -999, -999, -999, -999, -999, -999, -999, -999, -999, -999, -999, -999
19581006, 0600,  , LO, 33.9N, 108.9W,  20, -999, -999, -999, -999, -999, -999, -999, -999, -999, -999, -999, -999, -999, -999
19581006, 1200,  , LO, 33.8N, 106.2W,  20, -999, -999, -999, -999, -999, -999, -999, -999, -999, -999, -999, -999, -999, -999
EP111958,            UNNAMED,     11,
19581014, 1200,  , TS, 14.7N, 112.0W,  45, -999, -999, -999, -999, -999, -999, -999, -999, -999, -999, -999, -999, -999, -999
19581014, 1800,  , TS, 14.8N, 113.3W,  45, -999, -999, -999, -999, -999, -999, -999, -999, -999, -999, -999, -999, -999, -999
19581015, 0000,  , TS, 14.9N, 114.7W,  45, -999, -999, -999, -999, -999, -999, -999, -999, -999, -999, -999, -999, -999, -999
19581015, 0600,  , TS, 15.0N, 116.1W,  45, -999, -999, -999, -999, -999, -999, -999, -999, -999, -999, -999, -999, -999, -999
19581015, 1200,  , TS, 15.0N, 117.5W,  45, -999, -999, -999, -999, -999, -999, -999, -999, -999, -999, -999, -999, -999, -999
19581015, 1800,  , TS, 15.0N, 118.6W,  45, -999, -999, -999, -999, -999, -999, -999, -999, -999, -999, -999, -999, -999, -999
19581016, 0000,  , TS, 15.0N, 119.8W,  45, -999, -999, -999, -999, -999, -999, -999, -999, -999, -999, -999, -999, -999, -999
19581016, 0600,  , TS, 15.0N, 120.9W,  45, -999, -999, -999, -999, -999, -999, -999, -999, -999, -999, -999, -999, -999, -999
19581016, 1200,  , TS, 15.0N, 122.0W,  45, -999, -999, -999, -999, -999, -999, -999, -999, -999, -999, -999, -999, -999, -999
19581016, 1800,  , TS, 15.0N, 123.0W,  45, -999, -999, -999, -999, -999, -999, -999, -999, -999, -999, -999, -999, -999, -999
19581017, 0000,  , TS, 15.0N, 123.9W,  45, -999, -999, -999, -999, -999, -999, -999, -999, -999, -999, -999, -999, -999, -999
EP121958,            UNNAMED,      6,
19581029, 0000,  , TS, 18.4N, 108.3W,  45, -999, -999, -999, -999, -999, -999, -999, -999, -999, -999, -999, -999, -999, -999
19581029, 0600,  , TS, 18.7N, 108.1W,  45, -999, -999, -999, -999, -999, -999, -999, -999, -999, -999, -999, -999, -999, -999
19581029, 1200,  , TS, 19.0N, 107.9W,  45, -999, -999, -999, -999, -999, -999, -999, -999, -999, -999, -999, -999, -999, -999
19581029, 1800,  , TS, 19.7N, 106.6W,  45, -999, -999, -999, -999, -999, -999, -999, -999, -999, -999, -999, -999, -999, -999
19581030, 0000,  , TS, 20.4N, 105.6W,  45, -999, -999, -999, -999, -999, -999, -999, -999, -999, -999, -999, -999, -999, -999
19581030, 0600,  , TD, 21.0N, 104.8W,  25, -999, -999, -999, -999, -999, -999, -999, -999, -999, -999, -999, -999, -999, -999
