EP012003,             ANDRES,     28,
20030519, 1800,  , TD,  9.6N, 102.2W,  25, 1007, -999, -999, -999, -999, -999, -999, -999, -999, -999, -999, -999, -999, -999
20030520, 0000,  , TD,  9.6N, 103.1W,  30, 1006, -999, -999, -999, -999, -999, -999, -999, -999, -999, -999, -999, -999, -999
20030520, 0600,  , TS,  9.7N, 104.0W,  40, 1002, -999, -999, -999, -999, -999, -999, -999, -999, -999, -999, -999, -999, -999
20030520, 1200,  , TS,  9.7N, 105.0W,  45, 1000, -999, -999, -999, -999, -999, -999, -999, -999, -999, -999, -999, -999, -999
20030520, 1800,  , TS,  9.7N, 106.1W,  50,  997, -999, -999, -999, -999, -999, -999, -999, -999, -999, -999, -999, -999, -999
20030521, 0000,  , TS,  9.7N, 107.3W,  50,  997, -999, -999, -999, -999, -999, -999, -999, -999, -999, -999, -999, -999, -999
20030521, 0600,  , TS,  9.8N, 108.6W,  50,  997, -999, -999, -999, -999, -999, -999, -999, -999, -999, -999, -999, -999, -999
20030521, 1200,  , TS, 10.1N, 110.2W,  45, 1000, -999, -999, -999, -999, -999, -999, -999, -999, -999, -999, -999, -999, -999
20030521, 1800,  , TS, 10.4N, 111.9W,  45, 1000, -999, -999, -999, -999, -999, -999, -999, -999, -999, -999, -999, -999, -999
20030522, 0000,  , TS, 10.5N, 113.5W,  45, 1000, -999, -999, -999, -999, -999, -999, -999, -999, -999, -999, -999, -999, -999
20030522, 0600,  , TS, 10.8N, 115.2W,  50,  997, -999, -999, -999, -999, -999, -999, -999, -999, -999, -999, -999, -999, -999
20030522, 1200,  , TS, 11.1N, 117.0W,  50,  997, -999, -999, -999, -999, -999, -999, -999, -999, -999, -999, -999, -999, -999
20030522, 1800,  , TS, 11.5N, 118.8W,  45, 1000, -999, -999, -999, -999, -999, -999, -999, -999, -999, -999, -999, -999, -999
20030523, 0000,  , TS, 11.8N, 120.7W,  45, 1000, -999, -999, -999, -999, -999, -999, -999, -999, -999, -999, -999, -999, -999
20030523, 0600,  , TS, 12.2N, 122.4W,  45, 1000, -999, -999, -999, -999, -999, -999, -999, -999, -999, -999, -999, -999, -999
20030523, 1200,  , TS, 12.5N, 124.1W,  45, 1000, -999, -999, -999, -999, -999, -999, -999, -999, -999, -999, -999, -999, -999
20030523, 1800,  , TS, 12.9N, 125.9W,  45, 1000, -999, -999, -999, -999, -999, -999, -999, -999, -999, -999, -999, -999, -999
20030524, 0000,  , TS, 13.4N, 127.6W,  45, 1000, -999, -999, -999, -999, -999, -999, -999, -999, -999, -999, -999, -999, -999
20030524, 0600,  , TS, 13.8N, 129.1W,  45, 1000, -999, -999, -999, -999, -999, -999, -999, -999, -999, -999, -999, -999, -999
20030524, 1200,  , TS, 14.1N, 130.5W,  45, 1000, -999, -999, -999, -999, -999, -999, -999, -999, -999, -999, -999, -999, -999
20030524, 1800,  , TS, 14.4N, 131.8W,  40, 1002, -999, -999, -999, -999, -999, -999, -999, -999, -999, -999, -999, -999, -999
20030525, 0000,  , TS, 14.6N, 133.2W,  35, 1005, -999, -999, -999, -999, -999, -999, -999, -999, -999, -999, -999, -999, -999
20030525, 0600,  , TD, 14.5N, 134.6W,  30, 1007, -999, -999, -999, -999, -999, -999, -999, -999, -999, -999, -999, -999, -999
20030525, 1200,  , LO, 14.3N, 136.2W,  25, 1009, -999, -999, -999, -999, -999, -999, -999, -999, -999, -999, -999, -999, -999
20030525, 1800,  , LO, 14.1N, 137.8W,  25, 1009, -999, -999, -999, -999, -999, -999, -999, -999, -999, -999, -999, -999, -999
20030526, 0000,  , LO, 14.1N, 139.2W,  25, 1009, -999, -999, -999, -999, -999, -999, -999, -999, -999, -999, -999, -999, -999
20030526, 0600,  , LO, 14.4N, 140.5W,  20, 1010, -999, -999, -999, -999, -999, -999, -999, -999, -999, -999, -999, -999, -999
20030526, 1200,  , LO, 14.7N, 141.9W,  20, 1010, -999, -999, -999, -999, -999, -999, -999, -999, -999, -999, -999, -999, -999
EP022003,             BLANCA,     31,
20030617, 0000,  , TD, 15.9N, 103.2W,  25, 1007, -999, -999, -999, -999, -999, -999, -999, -999, -999, -999, -999, -999, -999
20030617, 0600,  , TD, 16.2N, 103.3W,  30, 1006, -999, -999, -999, -999, -999, -999, -999, -999, -999, -999, -999, -999, -999
20030617, 1200,  , TD, 16.4N, 103.4W,  30, 1004, -999, -999, -999, -999, -999, -999, -999, -999, -999, -999, -999, -999, -999
20030617, 1800,  , TS, 16.5N, 103.5W,  35, 1001, -999, -999, -999, -999, -999, -999, -999, -999, -999, -999, -999, -999, -999
20030618, 0000,  , TS, 16.6N, 103.6W,  45, 1000, -999, -999, -999, -999, -999, -999, -999, -999, -999, -999, -999, -999, -999
20030618, 0600,  , TS, 16.7N, 103.8W,  45, 1000, -999, -999, -999, -999, -999, -999, -999, -999, -999, -999, -999, -999, -999
20030618, 1200,  , TS, 16.7N, 104.0W,  45, 1000, -999, -999, -999, -999, -999, -999, -999, -999, -999, -999, -999, -999, -999
20030618, 1800,  , TS, 16.7N, 104.3W,  50,  997, -999, -999, -999, -999, -999, -999, -999, -999, -999, -999, -999, -999, -999
20030619, 0000,  , TS, 16.6N, 104.5W,  45,  998, -999, -999, -999, -999, -999, -999, -999, -999, -999, -999, -999, -999, -999
20030619, 0600,  , TS, 16.5N, 104.6W,  45, 1000, -999, -999, -999, -999, -999, -999, -999, -999, -999, -999, -999, -999, -999
20030619, 1200,  , TS, 16.4N, 104.7W,  45, 1000, -999, -999, -999, -999, -999, -999, -999, -999, -999, -999, -999, -999, -999
20030619, 1800,  , TS, 16.1N, 104.9W,  45, 1000, -999, -999, -999, -999, -999, -999, -999, -999, -999, -999, -999, -999, -999
20030620, 0000,  , TS, 15.9N, 105.1W,  40, 1002, -999, -999, -999, -999, -999, -999, -999, -999, -999, -999, -999, -999, -999
20030620, 0600,  , TS, 15.7N, 105.4W,  35, 1004, -999, -999, -999, -999, -999, -999, -999, -999, -999, -999, -999, -999, -999
20030620, 1200,  , TS, 15.6N, 105.7W,  35, 1004, -999, -999, -999, -999, -999, -999, -999, -999, -999, -999, -999, -999, -999
20030620, 1800,  , TD, 15.5N, 106.0W,  30, 1006, -999, -999, -999, -999, -999, -999, -999, -999, -999, -999, -999, -999, -999
20030621, 0000,  , TD, 15.3N, 106.3W,  25, 1006, -999, -999, -999, -999, -999, -999, -999, -999, -999, -999, -999, -999, -999
20030621, 0600,  , TD, 15.4N, 106.2W,  25, 1007, -999, -999, -999, -999, -999, -999, -999, -999, -999, -999, -999, -999, -999
20030621, 1200,  , TD, 15.5N, 106.1W,  25, 1008, -999, -999, -999, -999, -999, -999, -999, -999, -999, -999, -999, -999, -999
20030621, 1800,  , TD, 15.5N, 106.0W,  25, 1008, -999, -999, -999, -999, -999, -999, -999, -999, -999, -999, -999, -999, -999
20030622, 0000,  , TD, 15.6N, 105.7W,  25, 1009, -999, -999, -999, -999, -999, -999, -999, -999, -999, -999, -999, -999, -999
20030622, 0600,  , TD, 15.7N, 105.2W,  25, 1010, -999, -999, -999, -999, -999, -999, -999, -999, -999, -999, -999, -999, -999
20030622, 1200,  , LO, 15.8N, 104.9W,  20, 1009, -999, -999, -999, -999, -999, -999, -999, -999, -999, -999, -999, -999, -999
20030622, 1800,  , LO, 15.9N, 104.5W,  20, 1009, -999, -999, -999, -999, -999, -999, -999, -999, -999, -999, -999, -999, -999
20030623, 0000,  , LO, 16.0N, 104.1W,  20, 1009, -999, -999, -999, -999, -999, -999, -999, -999, -999, -999, -999, -999, -999
20030623, 0600,  , LO, 16.1N, 103.9W,  20, 1009, -999, -999, -999, -999, -999, -999, -999, -999, -999, -999, -999, -999, -999
20030623, 1200,  , LO, 16.2N, 103.8W,  20, 1009, -999, -999, -999, -999, -999, -999, -999, -999, -999, -999, -999, -999, -999
20030623, 1800,  , LO, 16.4N, 103.7W,  20, 1009, -999, -999, -999, -999, -999, -999, -999, -999, -999, -999, -999, -999, -999
20030624, 0000,  , LO, 16.6N, 103.6W,  20, 1009, -999, -999, -999, -999, -999, -999, -999, -999, -999, -999, -999, -999, -999
20030624, 0600,  , LO, 17.1N, 103.8W,  20, 1009, -999, -999, -999, -999, -999, -999, -999, -999, -999, -999, -999, -999, -999
20030624, 1200,  , LO, 17.5N, 104.3W,  20, 1008, -999, -999, -999, -999, -999, -999, -999, -999, -999, -999, -999, -999, -999
EP032003,             CARLOS,     13,
20030626, 0000,  , TD, 13.9N,  97.2W,  25, 1007, -999, -999, -999, -999, -999, -999, -999, -999, -999, -999, -999, -999, -999
20030626, 0600,  , TD, 14.1N,  97.8W,  30, 1006, -999, -999, -999, -999, -999, -999, -999, -999, -999, -999, -999, -999, -999
20030626, 1200,  , TS, 14.7N,  97.8W,  35, 1003, -999, -999, -999, -999, -999, -999, -999, -999, -999, -999, -999, -999, -999
20030626, 1800,  , TS, 15.0N,  97.3W,  45,  998, -999, -999, -999, -999, -999, -999, -999, -999, -999, -999, -999, -999, -999
20030627, 0000,  , TS, 15.7N,  97.6W,  55,  996, -999, -999, -999, -999, -999, -999, -999, -999, -999, -999, -999, -999, -999
20030627, 0300, L, TS, 16.0N,  97.8W,  55,  996, -999, -999, -999, -999, -999, -999, -999, -999, -999, -999, -999, -999, -999
20030627, 0600,  , TS, 16.3N,  98.1W,  45,  999, -999, -999, -999, -999, -999, -999, -999, -999, -999, -999, -999, -999, -999
20030627, 1200,  , TD, 16.5N,  98.6W,  30, 1001, -999, -999, -999, -999, -999, -999, -999, -999, -999, -999, -999, -999, -999
20030627, 1800,  , LO, 16.7N,  99.3W,  25, 1005, -999, -999, -999, -999, -999, -999, -999, -999, -999, -999, -999, -999, -999
20030628, 0000,  , LO, 16.6N,  99.9W,  25, 1008, -999, -999, -999, -999, -999, -999, -999, -999, -999, -999, -999, -999, -999
20030628, 0600,  , LO, 16.4N, 100.6W,  25, 1008, -999, -999, -999, -999, -999, -999, -999, -999, -999, -999, -999, -999, -999
20030628, 1200,  , LO, 16.1N, 101.2W,  25, 1008, -999, -999, -999, -999, -999, -999, -999, -999, -999, -999, -999, -999, -999
20030628, 1800,  , LO, 15.7N, 101.8W,  25, 1008, -999, -999, -999, -999, -999, -999, -999, -999, -999, -999, -999, -999, -999
EP042003,            DOLORES,     11,
20030706, 0600,  , TD, 13.8N, 116.0W,  30, 1007, -999, -999, -999, -999, -999, -999, -999, -999, -999, -999, -999, -999, -999
20030706, 1200,  , TS, 14.6N, 117.0W,  35, 1005, -999, -999, -999, -999, -999, -999, -999, -999, -999, -999, -999, -999, -999
20030706, 1800,  , TS, 15.5N, 117.9W,  35, 1006, -999, -999, -999, -999, -999, -999, -999, -999, -999, -999, -999, -999, -999
20030707, 0000,  , TD, 16.0N, 118.6W,  30, 1006, -999, -999, -999, -999, -999, -999, -999, -999, -999, -999, -999, -999, -999
20030707, 0600,  , TD, 16.5N, 119.4W,  30, 1006, -999, -999, -999, -999, -999, -999, -999, -999, -999, -999, -999, -999, -999
20030707, 1200,  , TD, 17.0N, 120.2W,  25, 1007, -999, -999, -999, -999, -999, -999, -999, -999, -999, -999, -999, -999, -999
20030707, 1800,  , TD, 17.3N, 121.1W,  25, 1007, -999, -999, -999, -999, -999, -999, -999, -999, -999, -999, -999, -999, -999
20030708, 0000,  , TD, 17.6N, 122.0W,  25, 1007, -999, -999, -999, -999, -999, -999, -999, -999, -999, -999, -999, -999, -999
20030708, 0600,  , LO, 17.9N, 122.8W,  20, 1008, -999, -999, -999, -999, -999, -999, -999, -999, -999, -999, -999, -999, -999
20030708, 1200,  , LO, 18.2N, 124.0W,  20, 1009, -999, -999, -999, -999, -999, -999, -999, -999, -999, -999, -999, -999, -999
20030708, 1800,  , LO, 18.6N, 125.5W,  20, 1010, -999, -999, -999, -999, -999, -999, -999, -999, -999, -999, -999, -999, -999
EP052003,            ENRIQUE,     23,
20030710, 1200,  , TD, 14.1N, 106.3W,  25, 1005, -999, -999, -999, -999, -999, -999, -999, -999, -999, -999, -999, -999, -999
20030710, 1800,  , TD, 14.6N, 107.5W,  30, 1005, -999, -999, -999, -999, -999, -999, -999, -999, -999, -999, -999, -999, -999
20030711, 0000,  , TD, 14.6N, 108.7W,  30, 1005, -999, -999, -999, -999, -999, -999, -999, -999, -999, -999, -999, -999, -999
20030711, 0600,  , TD, 14.6N, 109.5W,  30, 1005, -999, -999, -999, -999, -999, -999, -999, -999, -999, -999, -999, -999, -999
20030711, 1200,  , TS, 14.7N, 110.4W,  40, 1000, -999, -999, -999, -999, -999, -999, -999, -999, -999, -999, -999, -999, -999
20030711, 1800,  , TS, 14.9N, 111.2W,  45,  999, -999, -999, -999, -999, -999, -999, -999, -999, -999, -999, -999, -999, -999
20030712, 0000,  , TS, 15.3N, 112.1W,  55,  994, -999, -999, -999, -999, -999, -999, -999, -999, -999, -999, -999, -999, -999
20030712, 0600,  , TS, 16.2N, 113.3W,  55,  993, -999, -999, -999, -999, -999, -999, -999, -999, -999, -999, -999, -999, -999
20030712, 1200,  , TS, 17.2N, 114.3W,  55,  994, -999, -999, -999, -999, -999, -999, -999, -999, -999, -999, -999, -999, -999
20030712, 1800,  , TS, 18.0N, 115.6W,  55,  994, -999, -999, -999, -999, -999, -999, -999, -999, -999, -999, -999, -999, -999
20030713, 0000,  , TS, 18.9N, 117.1W,  50,  997, -999, -999, -999, -999, -999, -999, -999, -999, -999, -999, -999, -999, -999
20030713, 0600,  , TS, 19.3N, 118.7W,  45,  999, -999, -999, -999, -999, -999, -999, -999, -999, -999, -999, -999, -999, -999
20030713, 1200,  , TS, 19.7N, 119.7W,  35, 1002, -999, -999, -999, -999, -999, -999, -999, -999, -999, -999, -999, -999, -999
20030713, 1800,  , TD, 20.0N, 121.2W,  30, 1005, -999, -999, -999, -999, -999, -999, -999, -999, -999, -999, -999, -999, -999
20030714, 0000,  , LO, 20.0N, 122.5W,  25, 1006, -999, -999, -999, -999, -999, -999, -999, -999, -999, -999, -999, -999, -999
20030714, 0600,  , LO, 19.9N, 123.9W,  25, 1006, -999, -999, -999, -999, -999, -999, -999, -999, -999, -999, -999, -999, -999
20030714, 1200,  , LO, 19.7N, 125.1W,  25, 1007, -999, -999, -999, -999, -999, -999, -999, -999, -999, -999, -999, -999, -999
20030714, 1800,  , LO, 19.2N, 126.2W,  20, 1008, -999, -999, -999, -999, -999, -999, -999, -999, -999, -999, -999, -999, -999
20030715, 0000,  , LO, 18.9N, 126.9W,  20, 1008, -999, -999, -999, -999, -999, -999, -999, -999, -999, -999, -999, -999, -999
20030715, 0600,  , LO, 18.7N, 127.8W,  20, 1009, -999, -999, -999, -999, -999, -999, -999, -999, -999, -999, -999, -999, -999
20030715, 1200,  , LO, 18.6N, 128.8W,  20, 1009, -999, -999, -999, -999, -999, -999, -999, -999, -999, -999, -999, -999, -999
20030715, 1800,  , LO, 18.6N, 129.8W,  20, 1009, -999, -999, -999, -999, -999, -999, -999, -999, -999, -999, -999, -999, -999
20030716, 0000,  , LO, 18.6N, 130.6W,  20, 1009, -999, -999, -999, -999, -999, -999, -999, -999, -999, -999, -999, -999, -999
EP062003,            FELICIA,     28,
20030717, 1800,  , TD, 14.0N, 105.3W,  25, 1009, -999, -999, -999, -999, -999, -999, -999, -999, -999, -999, -999, -999, -999
20030718, 0000,  , TD, 14.3N, 107.0W,  30, 1008, -999, -999, -999, -999, -999, -999, -999, -999, -999, -999, -999, -999, -999
20030718, 0600,  , TS, 14.6N, 108.7W,  35, 1005, -999, -999, -999, -999, -999, -999, -999, -999, -999, -999, -999, -999, -999
20030718, 1200,  , TS, 14.9N, 110.1W,  45, 1000, -999, -999, -999, -999, -999, -999, -999, -999, -999, -999, -999, -999, -999
20030718, 1800,  , TS, 15.2N, 111.6W,  40, 1002, -999, -999, -999, -999, -999, -999, -999, -999, -999, -999, -999, -999, -999
20030719, 0000,  , TS, 15.3N, 113.2W,  40, 1002, -999, -999, -999, -999, -999, -999, -999, -999, -999, -999, -999, -999, -999
20030719, 0600,  , TS, 15.4N, 114.7W,  40, 1002, -999, -999, -999, -999, -999, -999, -999, -999, -999, -999, -999, -999, -999
20030719, 1200,  , TS, 15.5N, 116.1W,  40, 1003, -999, -999, -999, -999, -999, -999, -999, -999, -999, -999, -999, -999, -999
20030719, 1800,  , TS, 15.5N, 117.6W,  35, 1005, -999, -999, -999, -999, -999, -999, -999, -999, -999, -999, -999, -999, -999
20030720, 0000,  , TS, 15.4N, 119.2W,  35, 1006, -999, -999, -999, -999, -999, -999, -999, -999, -999, -999, -999, -999, -999
20030720, 0600,  , TD, 15.2N, 120.7W,  30, 1008, -999, -999, -999, -999, -999, -999, -999, -999, -999, -999, -999, -999, -999
20030720, 1200,  , TD, 15.2N, 121.7W,  30, 1009, -999, -999, -999, -999, -999, -999, -999, -999, -999, -999, -999, -999, -999
20030720, 1800,  , TD, 15.2N, 122.6W,  30, 1009, -999, -999, -999, -999, -999, -999, -999, -999, -999, -999, -999, -999, -999
20030721, 0000,  , TD, 15.4N, 123.6W,  30, 1009, -999, -999, -999, -999, -999, -999, -999, -999, -999, -999, -999, -999, -999
20030721, 0600,  , TD, 15.6N, 124.8W,  30, 1009, -999, -999, -999, -999, -999, -999, -999, -999, -999, -999, -999, -999, -999
20030721, 1200,  , TD, 15.8N, 126.2W,  30, 1009, -999, -999, -999, -999, -999, -999, -999, -999, -999, -999, -999, -999, -999
20030721, 1800,  , TD, 15.9N, 127.7W,  30, 1009, -999, -999, -999, -999, -999, -999, -999, -999, -999, -999, -999, -999, -999
20030722, 0000,  , TD, 16.1N, 129.1W,  30, 1009, -999, -999, -999, -999, -999, -999, -999, -999, -999, -999, -999, -999, -999
20030722, 0600,  , TD, 16.4N, 130.3W,  25, 1010, -999, -999, -999, -999, -999, -999, -999, -999, -999, -999, -999, -999, -999
20030722, 1200,  , TD, 16.7N, 131.4W,  25, 1010, -999, -999, -999, -999, -999, -999, -999, -999, -999, -999, -999, -999, -999
20030722, 1800,  , TD, 17.1N, 132.8W,  25, 1010, -999, -999, -999, -999, -999, -999, -999, -999, -999, -999, -999, -999, -999
20030723, 0000,  , TD, 17.5N, 134.5W,  25, 1010, -999, -999, -999, -999, -999, -999, -999, -999, -999, -999, -999, -999, -999
20030723, 0600,  , TD, 17.6N, 136.1W,  25, 1010, -999, -999, -999, -999, -999, -999, -999, -999, -999, -999, -999, -999, -999
20030723, 1200,  , LO, 17.6N, 137.6W,  20, 1010, -999, -999, -999, -999, -999, -999, -999, -999, -999, -999, -999, -999, -999
20030723, 1800,  , LO, 17.7N, 139.0W,  20, 1010, -999, -999, -999, -999, -999, -999, -999, -999, -999, -999, -999, -999, -999
20030724, 0000,  , LO, 17.8N, 140.5W,  20, 1010, -999, -999, -999, -999, -999, -999, -999, -999, -999, -999, -999, -999, -999
20030724, 0600,  , LO, 17.9N, 142.4W,  20, 1010, -999, -999, -999, -999, -999, -999, -999, -999, -999, -999, -999, -999, -999
20030724, 1200,  , LO, 18.0N, 144.5W,  20, 1010, -999, -999, -999, -999, -999, -999, -999, -999, -999, -999, -999, -999, -999
EP072003,          GUILLERMO,     24,
20030807, 0600,  , TD, 16.0N, 115.7W,  25, 1009, -999, -999, -999, -999, -999, -999, -999, -999, -999, -999, -999, -999, -999
20030807, 1200,  , TD, 16.3N, 116.1W,  25, 1009, -999, -999, -999, -999, -999, -999, -999, -999, -999, -999, -999, -999, -999
20030807, 1800,  , TD, 16.5N, 116.6W,  30, 1007, -999, -999, -999, -999, -999, -999, -999, -999, -999, -999, -999, -999, -999
20030808, 0000,  , TS, 16.6N, 117.2W,  40, 1003, -999, -999, -999, -999, -999, -999, -999, -999, -999, -999, -999, -999, -999
20030808, 0600,  , TS, 16.6N, 117.8W,  40, 1002, -999, -999, -999, -999, -999, -999, -999, -999, -999, -999, -999, -999, -999
20030808, 1200,  , TS, 16.5N, 118.5W,  45, 1000, -999, -999, -999, -999, -999, -999, -999, -999, -999, -999, -999, -999, -999
20030808, 1800,  , TS, 16.1N, 119.2W,  50,  997, -999, -999, -999, -999, -999, -999, -999, -999, -999, -999, -999, -999, -999
20030809, 0000,  , TS, 15.9N, 120.0W,  50,  997, -999, -999, -999, -999, -999, -999, -999, -999, -999, -999, -999, -999, -999
20030809, 0600,  , TS, 15.8N, 121.0W,  50,  997, -999, -999, -999, -999, -999, -999, -999, -999, -999, -999, -999, -999, -999
20030809, 1200,  , TS, 15.7N, 122.2W,  50,  998, -999, -999, -999, -999, -999, -999, -999, -999, -999, -999, -999, -999, -999
20030809, 1800,  , TS, 15.5N, 123.4W,  45,  999, -999, -999, -999, -999, -999, -999, -999, -999, -999, -999, -999, -999, -999
20030810, 0000,  , TS, 15.4N, 124.6W,  45, 1000, -999, -999, -999, -999, -999, -999, -999, -999, -999, -999, -999, -999, -999
20030810, 0600,  , TS, 15.4N, 125.8W,  45, 1000, -999, -999, -999, -999, -999, -999, -999, -999, -999, -999, -999, -999, -999
20030810, 1200,  , TS, 15.5N, 126.9W,  40, 1002, -999, -999, -999, -999, -999, -999, -999, -999, -999, -999, -999, -999, -999
20030810, 1800,  , TS, 15.5N, 128.0W,  35, 1004, -999, -999, -999, -999, -999, -999, -999, -999, -999, -999, -999, -999, -999
20030811, 0000,  , TS, 15.6N, 129.3W,  35, 1005, -999, -999, -999, -999, -999, -999, -999, -999, -999, -999, -999, -999, -999
20030811, 0600,  , TS, 15.7N, 130.6W,  35, 1005, -999, -999, -999, -999, -999, -999, -999, -999, -999, -999, -999, -999, -999
20030811, 1200,  , TD, 15.9N, 132.0W,  30, 1006, -999, -999, -999, -999, -999, -999, -999, -999, -999, -999, -999, -999, -999
20030811, 1800,  , TD, 16.2N, 133.5W,  30, 1007, -999, -999, -999, -999, -999, -999, -999, -999, -999, -999, -999, -999, -999
20030812, 0000,  , TD, 16.3N, 135.0W,  30, 1007, -999, -999, -999, -999, -999, -999, -999, -999, -999, -999, -999, -999, -999
20030812, 0600,  , TD, 16.3N, 136.5W,  30, 1007, -999, -999, -999, -999, -999, -999, -999, -999, -999, -999, -999, -999, -999
20030812, 1200,  , TD, 16.3N, 138.2W,  30, 1007, -999, -999, -999, -999, -999, -999, -999, -999, -999, -999, -999, -999, -999
20030812, 1800,  , LO, 16.3N, 139.8W,  25, 1008, -999, -999, -999, -999, -999, -999, -999, -999, -999, -999, -999, -999, -999
20030813, 0000,  , LO, 16.1N, 141.5W,  25, 1009, -999, -999, -999, -999, -999, -999, -999, -999, -999, -999, -999, -999, -999
EP082003,              HILDA,     18,
20030809, 0600,  , TD, 13.5N, 111.1W,  25, 1007, -999, -999, -999, -999, -999, -999, -999, -999, -999, -999, -999, -999, -999
20030809, 1200,  , TD, 13.8N, 112.4W,  30, 1006, -999, -999, -999, -999, -999, -999, -999, -999, -999, -999, -999, -999, -999
20030809, 1800,  , TD, 14.1N, 113.6W,  30, 1005, -999, -999, -999, -999, -999, -999, -999, -999, -999, -999, -999, -999, -999
20030810, 0000,  , TS, 14.5N, 114.8W,  35, 1005, -999, -999, -999, -999, -999, -999, -999, -999, -999, -999, -999, -999, -999
20030810, 0600,  , TS, 14.9N, 115.8W,  35, 1004, -999, -999, -999, -999, -999, -999, -999, -999, -999, -999, -999, -999, -999
20030810, 1200,  , TS, 15.5N, 116.8W,  35, 1005, -999, -999, -999, -999, -999, -999, -999, -999, -999, -999, -999, -999, -999
20030810, 1800,  , TS, 16.1N, 117.9W,  35, 1005, -999, -999, -999, -999, -999, -999, -999, -999, -999, -999, -999, -999, -999
20030811, 0000,  , TS, 16.8N, 119.1W,  35, 1005, -999, -999, -999, -999, -999, -999, -999, -999, -999, -999, -999, -999, -999
20030811, 0600,  , TS, 17.4N, 120.3W,  35, 1005, -999, -999, -999, -999, -999, -999, -999, -999, -999, -999, -999, -999, -999
20030811, 1200,  , TS, 17.9N, 121.5W,  35, 1005, -999, -999, -999, -999, -999, -999, -999, -999, -999, -999, -999, -999, -999
20030811, 1800,  , TD, 18.6N, 123.2W,  30, 1006, -999, -999, -999, -999, -999, -999, -999, -999, -999, -999, -999, -999, -999
20030812, 0000,  , TD, 18.4N, 124.7W,  30, 1007, -999, -999, -999, -999, -999, -999, -999, -999, -999, -999, -999, -999, -999
20030812, 0600,  , TD, 18.4N, 126.1W,  30, 1007, -999, -999, -999, -999, -999, -999, -999, -999, -999, -999, -999, -999, -999
20030812, 1200,  , TD, 18.4N, 127.3W,  30, 1009, -999, -999, -999, -999, -999, -999, -999, -999, -999, -999, -999, -999, -999
20030812, 1800,  , TD, 18.4N, 128.4W,  25, 1009, -999, -999, -999, -999, -999, -999, -999, -999, -999, -999, -999, -999, -999
20030813, 0000,  , TD, 18.4N, 129.3W,  25, 1009, -999, -999, -999, -999, -999, -999, -999, -999, -999, -999, -999, -999, -999
20030813, 0600,  , TD, 18.4N, 129.9W,  25, 1009, -999, -999, -999, -999, -999, -999, -999, -999, -999, -999, -999, -999, -999
20030813, 1200,  , TD, 18.4N, 130.5W,  25, 1009, -999, -999, -999, -999, -999, -999, -999, -999, -999, -999, -999, -999, -999
CP012003,            UNNAMED,     25,
20030811, 0000,  , TD, 12.5N, 136.5W,  25, 1009, -999, -999, -999, -999, -999, -999, -999, -999, -999, -999, -999, -999, -999
20030811, 0600,  , TD, 12.4N, 138.8W,  25, 1009, -999, -999, -999, -999, -999, -999, -999, -999, -999, -999, -999, -999, -999
20030811, 1200,  , TD, 12.3N, 140.8W,  25, 1009, -999, -999, -999, -999, -999, -999, -999, -999, -999, -999, -999, -999, -999
20030811, 1800,  , TD, 12.0N, 142.4W,  25, 1009, -999, -999, -999, -999, -999, -999, -999, -999, -999, -999, -999, -999, -999
20030812, 0000,  , TD, 11.7N, 143.7W,  25, 1009, -999, -999, -999, -999, -999, -999, -999, -999, -999, -999, -999, -999, -999
20030812, 0600,  , TD, 11.5N, 144.5W,  25, 1009, -999, -999, -999, -999, -999, -999, -999, -999, -999, -999, -999, -999, -999
20030812, 1200,  , TD, 11.4N, 144.9W,  25, 1009, -999, -999, -999, -999, -999, -999, -999, -999, -999, -999, -999, -999, -999
20030812, 1800,  , TD, 11.2N, 145.2W,  25, 1009, -999, -999, -999, -999, -999, -999, -999, -999, -999, -999, -999, -999, -999
20030813, 0000,  , TD, 11.0N, 145.4W,  25, 1009, -999, -999, -999, -999, -999, -999, -999, -999, -999, -999, -999, -999, -999
20030813, 0600,  , TD, 11.0N, 145.0W,  25, 1009, -999, -999, -999, -999, -999, -999, -999, -999, -999, -999, -999, -999, -999
20030813, 1200,  , TD, 11.6N, 144.4W,  25, 1009, -999, -999, -999, -999, -999, -999, -999, -999, -999, -999, -999, -999, -999
20030813, 1800,  , TD, 12.3N, 144.0W,  25, 1009, -999, -999, -999, -999, -999, -999, -999, -999, -999, -999, -999, -999, -999
20030814, 0000,  , TD, 13.1N, 143.8W,  25, 1009, -999, -999, -999, -999, -999, -999, -999, -999, -999, -999, -999, -999, -999
20030814, 0600,  , TD, 13.9N, 143.7W,  25, 1009, -999, -999, -999, -999, -999, -999, -999, -999, -999, -999, -999, -999, -999
20030814, 1200,  , TD, 14.2N, 144.1W,  25, 1009, -999, -999, -999, -999, -999, -999, -999, -999, -999, -999, -999, -999, -999
20030814, 1800,  , TD, 14.1N, 145.0W,  25, 1009, -999, -999, -999, -999, -999, -999, -999, -999, -999, -999, -999, -999, -999
20030815, 0000,  , TD, 14.0N, 146.6W,  25, 1009, -999, -999, -999, -999, -999, -999, -999, -999, -999, -999, -999, -999, -999
20030815, 0600,  , TD, 13.7N, 148.0W,  25, 1009, -999, -999, -999, -999, -999, -999, -999, -999, -999, -999, -999, -999, -999
20030815, 1200,  , TD, 13.6N, 149.3W,  25, 1009, -999, -999, -999, -999, -999, -999, -999, -999, -999, -999, -999, -999, -999
20030815, 1800,  , TD, 13.8N, 151.0W,  30, 1009, -999, -999, -999, -999, -999, -999, -999, -999, -999, -999, -999, -999, -999
20030816, 0000,  , TD, 13.9N, 152.9W,  30, 1009, -999, -999, -999, -999, -999, -999, -999, -999, -999, -999, -999, -999, -999
20030816, 0600,  , TD, 14.2N, 154.5W,  30, 1009, -999, -999, -999, -999, -999, -999, -999, -999, -999, -999, -999, -999, -999
20030816, 1200,  , TD, 14.4N, 155.7W,  30, 1009, -999, -999, -999, -999, -999, -999, -999, -999, -999, -999, -999, -999, -999
20030816, 1800,  , TD, 14.6N, 156.8W,  25, 1010, -999, -999, -999, -999, -999, -999, -999, -999, -999, -999, -999, -999, -999
20030817, 0000,  , TD, 14.7N, 158.1W,  25, 1010, -999, -999, -999, -999, -999, -999, -999, -999, -999, -999, -999, -999, -999
EP092003,            IGNACIO,     22,
20030822, 1200,  , TD, 20.5N, 107.0W,  30, 1008, -999, -999, -999, -999, -999, -999, -999, -999, -999, -999, -999, -999, -999
20030822, 1800,  , TD, 20.7N, 107.3W,  30, 1007, -999, -999, -999, -999, -999, -999, -999, -999, -999, -999, -999, -999, -999
20030823, 0000,  , TS, 21.0N, 107.5W,  35, 1005, -999, -999, -999, -999, -999, -999, -999, -999, -999, -999, -999, -999, -999
20030823, 0600,  , TS, 21.3N, 107.8W,  40, 1002, -999, -999, -999, -999, -999, -999, -999, -999, -999, -999, -999, -999, -999
20030823, 1200,  , TS, 21.5N, 108.2W,  45, 1000, -999, -999, -999, -999, -999, -999, -999, -999, -999, -999, -999, -999, -999
20030823, 1800,  , TS, 21.8N, 108.6W,  55,  992, -999, -999, -999, -999, -999, -999, -999, -999, -999, -999, -999, -999, -999
20030824, 0000,  , TS, 22.2N, 108.7W,  60,  989, -999, -999, -999, -999, -999, -999, -999, -999, -999, -999, -999, -999, -999
20030824, 0600,  , HU, 22.6N, 108.8W,  70,  984, -999, -999, -999, -999, -999, -999, -999, -999, -999, -999, -999, -999, -999
20030824, 1200,  , HU, 23.1N, 108.9W,  90,  970, -999, -999, -999, -999, -999, -999, -999, -999, -999, -999, -999, -999, -999
20030824, 1800,  , HU, 23.5N, 109.0W,  90,  970, -999, -999, -999, -999, -999, -999, -999, -999, -999, -999, -999, -999, -999
20030825, 0000,  , HU, 23.7N, 109.2W,  85,  973, -999, -999, -999, -999, -999, -999, -999, -999, -999, -999, -999, -999, -999
20030825, 0600,  , HU, 23.9N, 109.5W,  80,  976, -999, -999, -999, -999, -999, -999, -999, -999, -999, -999, -999, -999, -999
20030825, 1200,  , HU, 24.1N, 109.8W,  75,  980, -999, -999, -999, -999, -999, -999, -999, -999, -999, -999, -999, -999, -999
20030825, 1800, L, HU, 24.2N, 110.1W,  70,  985, -999, -999, -999, -999, -999, -999, -999, -999, -999, -999, -999, -999, -999
20030826, 0000,  , HU, 24.4N, 110.4W,  65,  989, -999, -999, -999, -999, -999, -999, -999, -999, -999, -999, -999, -999, -999
20030826, 0600,  , TS, 24.6N, 110.8W,  60,  991, -999, -999, -999, -999, -999, -999, -999, -999, -999, -999, -999, -999, -999
20030826, 1200,  , TS, 24.9N, 111.0W,  50,  998, -999, -999, -999, -999, -999, -999, -999, -999, -999, -999, -999, -999, -999
20030826, 1800,  , TD, 25.2N, 111.3W,  30, 1000, -999, -999, -999, -999, -999, -999, -999, -999, -999, -999, -999, -999, -999
20030827, 0000,  , TD, 25.5N, 111.6W,  30, 1001, -999, -999, -999, -999, -999, -999, -999, -999, -999, -999, -999, -999, -999
20030827, 0600,  , TD, 25.9N, 112.1W,  25, 1007, -999, -999, -999, -999, -999, -999, -999, -999, -999, -999, -999, -999, -999
20030827, 1200,  , TD, 26.4N, 112.5W,  25, 1007, -999, -999, -999, -999, -999, -999, -999, -999, -999, -999, -999, -999, -999
20030827, 1800,  , TD, 26.9N, 113.0W,  20, 1008, -999, -999, -999, -999, -999, -999, -999, -999, -999, -999, -999, -999, -999
EP102003,             JIMENA,     35,
20030828, 0600,  , TD, 14.0N, 129.6W,  30, 1008, -999, -999, -999, -999, -999, -999, -999, -999, -999, -999, -999, -999, -999
20030828, 1200,  , TS, 14.4N, 130.7W,  35, 1005, -999, -999, -999, -999, -999, -999, -999, -999, -999, -999, -999, -999, -999
20030828, 1800,  , TS, 14.8N, 131.9W,  40, 1002, -999, -999, -999, -999, -999, -999, -999, -999, -999, -999, -999, -999, -999
20030829, 0000,  , TS, 15.4N, 133.0W,  50,  997, -999, -999, -999, -999, -999, -999, -999, -999, -999, -999, -999, -999, -999
20030829, 0600,  , TS, 16.1N, 134.1W,  55,  994, -999, -999, -999, -999, -999, -999, -999, -999, -999, -999, -999, -999, -999
20030829, 1200,  , HU, 16.6N, 135.5W,  65,  987, -999, -999, -999, -999, -999, -999, -999, -999, -999, -999, -999, -999, -999
20030829, 1800,  , HU, 16.9N, 136.9W,  75,  981, -999, -999, -999, -999, -999, -999, -999, -999, -999, -999, -999, -999, -999
20030830, 0000,  , HU, 17.2N, 138.3W,  85,  973, -999, -999, -999, -999, -999, -999, -999, -999, -999, -999, -999, -999, -999
20030830, 0600,  , HU, 17.3N, 139.8W,  85,  973, -999, -999, -999, -999, -999, -999, -999, -999, -999, -999, -999, -999, -999
20030830, 1200,  , HU, 17.3N, 141.3W,  85,  972, -999, -999, -999, -999, -999, -999, -999, -999, -999, -999, -999, -999, -999
20030830, 1800,  , HU, 17.3N, 142.9W,  90,  970, -999, -999, -999, -999, -999, -999, -999, -999, -999, -999, -999, -999, -999
20030831, 0000,  , HU, 17.6N, 144.4W,  90,  976, -999, -999, -999, -999, -999, -999, -999, -999, -999, -999, -999, -999, -999
20030831, 0600,  , HU, 17.8N, 146.1W,  90,  980, -999, -999, -999, -999, -999, -999, -999, -999, -999, -999, -999, -999, -999
20030831, 1200,  , HU, 18.0N, 147.8W,  85,  984, -999, -999, -999, -999, -999, -999, -999, -999, -999, -999, -999, -999, -999
20030831, 1800,  , HU, 18.2N, 149.6W,  75,  991, -999, -999, -999, -999, -999, -999, -999, -999, -999, -999, -999, -999, -999
20030901, 0000,  , HU, 18.1N, 151.3W,  65, 1000, -999, -999, -999, -999, -999, -999, -999, -999, -999, -999, -999, -999, -999
20030901, 0600,  , TS, 17.8N, 153.0W,  55, 1000, -999, -999, -999, -999, -999, -999, -999, -999, -999, -999, -999, -999, -999
20030901, 1200,  , TS, 17.4N, 154.5W,  45, 1002, -999, -999, -999, -999, -999, -999, -999, -999, -999, -999, -999, -999, -999
20030901, 1800,  , TS, 17.0N, 156.1W,  40, 1002, -999, -999, -999, -999, -999, -999, -999, -999, -999, -999, -999, -999, -999
20030902, 0000,  , TS, 16.5N, 157.6W,  35, 1005, -999, -999, -999, -999, -999, -999, -999, -999, -999, -999, -999, -999, -999
20030902, 0600,  , TS, 16.1N, 159.0W,  35, 1005, -999, -999, -999, -999, -999, -999, -999, -999, -999, -999, -999, -999, -999
20030902, 1200,  , TS, 15.6N, 160.4W,  35, 1005, -999, -999, -999, -999, -999, -999, -999, -999, -999, -999, -999, -999, -999
20030902, 1800,  , TS, 15.3N, 161.9W,  35, 1005, -999, -999, -999, -999, -999, -999, -999, -999, -999, -999, -999, -999, -999
20030903, 0000,  , TD, 15.1N, 163.4W,  30, 1009, -999, -999, -999, -999, -999, -999, -999, -999, -999, -999, -999, -999, -999
20030903, 0600,  , TD, 14.9N, 164.9W,  30, 1009, -999, -999, -999, -999, -999, -999, -999, -999, -999, -999, -999, -999, -999
20030903, 1200,  , TD, 14.7N, 166.5W,  25, 1009, -999, -999, -999, -999, -999, -999, -999, -999, -999, -999, -999, -999, -999
20030903, 1800,  , TD, 14.7N, 168.2W,  25, 1009, -999, -999, -999, -999, -999, -999, -999, -999, -999, -999, -999, -999, -999
20030904, 0000,  , TD, 14.7N, 170.0W,  25, 1009, -999, -999, -999, -999, -999, -999, -999, -999, -999, -999, -999, -999, -999
20030904, 0600,  , TD, 14.7N, 171.8W,  30, 1009, -999, -999, -999, -999, -999, -999, -999, -999, -999, -999, -999, -999, -999
20030904, 1200,  , TD, 14.6N, 173.6W,  30, 1009, -999, -999, -999, -999, -999, -999, -999, -999, -999, -999, -999, -999, -999
20030904, 1800,  , TD, 14.2N, 175.5W,  30, 1010, -999, -999, -999, -999, -999, -999, -999, -999, -999, -999, -999, -999, -999
20030905, 0000,  , TD, 13.7N, 177.4W,  30, 1009, -999, -999, -999, -999, -999, -999, -999, -999, -999, -999, -999, -999, -999
20030905, 0600,  , TD, 13.6N, 179.4W,  30, 1009, -999, -999, -999, -999, -999, -999, -999, -999, -999, -999, -999, -999, -999
20030905, 1200,  , TD, 13.4N, 179.2E,  25, 1009, -999, -999, -999, -999, -999, -999, -999, -999, -999, -999, -999, -999, -999
20030905, 1800,  , TD, 13.2N, 177.4E,  25, 1009, -999, -999, -999, -999, -999, -999, -999, -999, -999, -999, -999, -999, -999
EP112003,              KEVIN,     28,
20030903, 1200,  , TD, 19.0N, 111.5W,  30, 1001, -999, -999, -999, -999, -999, -999, -999, -999, -999, -999, -999, -999, -999
20030903, 1800,  , TD, 19.3N, 112.0W,  30, 1001, -999, -999, -999, -999, -999, -999, -999, -999, -999, -999, -999, -999, -999
20030904, 0000,  , TD, 19.5N, 112.5W,  30, 1001, -999, -999, -999, -999, -999, -999, -999, -999, -999, -999, -999, -999, -999
20030904, 0600,  , TD, 19.8N, 113.0W,  30, 1001, -999, -999, -999, -999, -999, -999, -999, -999, -999, -999, -999, -999, -999
20030904, 1200,  , TD, 20.4N, 113.8W,  30, 1001, -999, -999, -999, -999, -999, -999, -999, -999, -999, -999, -999, -999, -999
20030904, 1800,  , TS, 21.2N, 114.6W,  35, 1000, -999, -999, -999, -999, -999, -999, -999, -999, -999, -999, -999, -999, -999
20030905, 0000,  , TD, 21.9N, 115.4W,  30, 1002, -999, -999, -999, -999, -999, -999, -999, -999, -999, -999, -999, -999, -999
20030905, 0600,  , TD, 22.3N, 116.0W,  30, 1003, -999, -999, -999, -999, -999, -999, -999, -999, -999, -999, -999, -999, -999
20030905, 1200,  , TD, 23.0N, 117.0W,  30, 1004, -999, -999, -999, -999, -999, -999, -999, -999, -999, -999, -999, -999, -999
20030905, 1800,  , TD, 23.1N, 117.9W,  30, 1005, -999, -999, -999, -999, -999, -999, -999, -999, -999, -999, -999, -999, -999
20030906, 0000,  , TD, 23.6N, 118.5W,  30, 1006, -999, -999, -999, -999, -999, -999, -999, -999, -999, -999, -999, -999, -999
20030906, 0600,  , LO, 23.8N, 119.0W,  25, 1007, -999, -999, -999, -999, -999, -999, -999, -999, -999, -999, -999, -999, -999
20030906, 1200,  , LO, 23.9N, 119.5W,  25, 1008, -999, -999, -999, -999, -999, -999, -999, -999, -999, -999, -999, -999, -999
20030906, 1800,  , LO, 24.3N, 119.8W,  25, 1009, -999, -999, -999, -999, -999, -999, -999, -999, -999, -999, -999, -999, -999
20030907, 0000,  , LO, 24.6N, 120.0W,  25, 1009, -999, -999, -999, -999, -999, -999, -999, -999, -999, -999, -999, -999, -999
20030907, 0600,  , LO, 24.9N, 120.1W,  20, 1010, -999, -999, -999, -999, -999, -999, -999, -999, -999, -999, -999, -999, -999
20030907, 1200,  , LO, 25.3N, 120.3W,  20, 1010, -999, -999, -999, -999, -999, -999, -999, -999, -999, -999, -999, -999, -999
20030907, 1800,  , LO, 25.7N, 120.0W,  20, 1010, -999, -999, -999, -999, -999, -999, -999, -999, -999, -999, -999, -999, -999
20030908, 0000,  , LO, 26.0N, 119.5W,  20, 1011, -999, -999, -999, -999, -999, -999, -999, -999, -999, -999, -999, -999, -999
20030908, 0600,  , LO, 25.8N, 118.9W,  20, 1011, -999, -999, -999, -999, -999, -999, -999, -999, -999, -999, -999, -999, -999
20030908, 1200,  , LO, 25.4N, 118.4W,  20, 1011, -999, -999, -999, -999, -999, -999, -999, -999, -999, -999, -999, -999, -999
20030908, 1800,  , LO, 24.8N, 118.2W,  20, 1011, -999, -999, -999, -999, -999, -999, -999, -999, -999, -999, -999, -999, -999
20030909, 0000,  , LO, 24.3N, 118.0W,  15, 1012, -999, -999, -999, -999, -999, -999, -999, -999, -999, -999, -999, -999, -999
20030909, 0600,  , LO, 23.9N, 117.9W,  15, 1012, -999, -999, -999, -999, -999, -999, -999, -999, -999, -999, -999, -999, -999
20030909, 1200,  , LO, 23.5N, 117.8W,  15, 1012, -999, -999, -999, -999, -999, -999, -999, -999, -999, -999, -999, -999, -999
20030909, 1800,  , LO, 23.3N, 117.4W,  15, 1013, -999, -999, -999, -999, -999, -999, -999, -999, -999, -999, -999, -999, -999
20030910, 0000,  , LO, 23.2N, 117.0W,  15, 1013, -999, -999, -999, -999, -999, -999, -999, -999, -999, -999, -999, -999, -999
20030910, 0600,  , LO, 23.1N, 116.6W,  15, 1013, -999, -999, -999, -999, -999, -999, -999, -999, -999, -999, -999, -999, -999
EP122003,              LINDA,     39,
20030913, 1800,  , TD, 14.7N, 108.2W,  25, 1007, -999, -999, -999, -999, -999, -999, -999, -999, -999, -999, -999, -999, -999
20030914, 0000,  , TD, 15.2N, 108.6W,  30, 1005, -999, -999, -999, -999, -999, -999, -999, -999, -999, -999, -999, -999, -999
20030914, 0600,  , TD, 15.8N, 109.1W,  30, 1005, -999, -999, -999, -999, -999, -999, -999, -999, -999, -999, -999, -999, -999
20030914, 1200,  , TS, 16.5N, 109.6W,  35, 1004, -999, -999, -999, -999, -999, -999, -999, -999, -999, -999, -999, -999, -999
20030914, 1800,  , TS, 17.1N, 110.3W,  40, 1001, -999, -999, -999, -999, -999, -999, -999, -999, -999, -999, -999, -999, -999
20030915, 0000,  , TS, 17.7N, 111.0W,  45, 1000, -999, -999, -999, -999, -999, -999, -999, -999, -999, -999, -999, -999, -999
20030915, 0600,  , TS, 18.3N, 111.8W,  55,  994, -999, -999, -999, -999, -999, -999, -999, -999, -999, -999, -999, -999, -999
20030915, 1200,  , HU, 19.0N, 112.5W,  65,  987, -999, -999, -999, -999, -999, -999, -999, -999, -999, -999, -999, -999, -999
20030915, 1800,  , HU, 19.7N, 113.2W,  65,  987, -999, -999, -999, -999, -999, -999, -999, -999, -999, -999, -999, -999, -999
20030916, 0000,  , TS, 20.1N, 114.0W,  60,  990, -999, -999, -999, -999, -999, -999, -999, -999, -999, -999, -999, -999, -999
20030916, 0600,  , TS, 20.5N, 114.8W,  55,  994, -999, -999, -999, -999, -999, -999, -999, -999, -999, -999, -999, -999, -999
20030916, 1200,  , TS, 20.7N, 115.3W,  45, 1000, -999, -999, -999, -999, -999, -999, -999, -999, -999, -999, -999, -999, -999
20030916, 1800,  , TS, 20.7N, 115.9W,  40, 1002, -999, -999, -999, -999, -999, -999, -999, -999, -999, -999, -999, -999, -999
20030917, 0000,  , TS, 20.5N, 116.4W,  35, 1004, -999, -999, -999, -999, -999, -999, -999, -999, -999, -999, -999, -999, -999
20030917, 0600,  , TD, 20.4N, 116.6W,  30, 1005, -999, -999, -999, -999, -999, -999, -999, -999, -999, -999, -999, -999, -999
20030917, 1200,  , TD, 20.3N, 116.8W,  30, 1007, -999, -999, -999, -999, -999, -999, -999, -999, -999, -999, -999, -999, -999
20030917, 1800,  , TD, 20.2N, 117.0W,  25, 1007, -999, -999, -999, -999, -999, -999, -999, -999, -999, -999, -999, -999, -999
20030918, 0000,  , LO, 20.0N, 117.2W,  25, 1007, -999, -999, -999, -999, -999, -999, -999, -999, -999, -999, -999, -999, -999
20030918, 0600,  , LO, 19.6N, 117.4W,  25, 1007, -999, -999, -999, -999, -999, -999, -999, -999, -999, -999, -999, -999, -999
20030918, 1200,  , LO, 19.2N, 117.6W,  25, 1007, -999, -999, -999, -999, -999, -999, -999, -999, -999, -999, -999, -999, -999
20030918, 1800,  , LO, 18.9N, 117.8W,  25, 1007, -999, -999, -999, -999, -999, -999, -999, -999, -999, -999, -999, -999, -999
20030919, 0000,  , LO, 18.7N, 118.1W,  25, 1007, -999, -999, -999, -999, -999, -999, -999, -999, -999, -999, -999, -999, -999
20030919, 0600,  , LO, 18.6N, 118.5W,  25, 1007, -999, -999, -999, -999, -999, -999, -999, -999, -999, -999, -999, -999, -999
20030919, 1200,  , LO, 18.5N, 118.9W,  25, 1007, -999, -999, -999, -999, -999, -999, -999, -999, -999, -999, -999, -999, -999
20030919, 1800,  , LO, 18.4N, 119.3W,  25, 1007, -999, -999, -999, -999, -999, -999, -999, -999, -999, -999, -999, -999, -999
20030920, 0000,  , LO, 18.2N, 119.7W,  25, 1007, -999, -999, -999, -999, -999, -999, -999, -999, -999, -999, -999, -999, -999
20030920, 0600,  , LO, 18.0N, 120.0W,  25, 1007, -999, -999, -999, -999, -999, -999, -999, -999, -999, -999, -999, -999, -999
20030920, 1200,  , LO, 17.8N, 120.1W,  25, 1006, -999, -999, -999, -999, -999, -999, -999, -999, -999, -999, -999, -999, -999
20030920, 1800,  , LO, 17.6N, 120.2W,  25, 1006, -999, -999, -999, -999, -999, -999, -999, -999, -999, -999, -999, -999, -999
20030921, 0000,  , LO, 17.3N, 120.2W,  25, 1007, -999, -999, -999, -999, -999, -999, -999, -999, -999, -999, -999, -999, -999
20030921, 0600,  , LO, 17.0N, 120.3W,  20, 1008, -999, -999, -999, -999, -999, -999, -999, -999, -999, -999, -999, -999, -999
20030921, 1200,  , LO, 16.8N, 120.4W,  20, 1009, -999, -999, -999, -999, -999, -999, -999, -999, -999, -999, -999, -999, -999
20030921, 1800,  , LO, 16.6N, 120.5W,  20, 1009, -999, -999, -999, -999, -999, -999, -999, -999, -999, -999, -999, -999, -999
20030922, 0000,  , LO, 16.4N, 120.7W,  20, 1009, -999, -999, -999, -999, -999, -999, -999, -999, -999, -999, -999, -999, -999
20030922, 0600,  , LO, 16.2N, 120.8W,  20, 1009, -999, -999, -999, -999, -999, -999, -999, -999, -999, -999, -999, -999, -999
20030922, 1200,  , LO, 16.0N, 120.8W,  20, 1009, -999, -999, -999, -999, -999, -999, -999, -999, -999, -999, -999, -999, -999
20030922, 1800,  , LO, 15.7N, 120.8W,  20, 1009, -999, -999, -999, -999, -999, -999, -999, -999, -999, -999, -999, -999, -999
20030923, 0000,  , LO, 15.5N, 120.6W,  20, 1009, -999, -999, -999, -999, -999, -999, -999, -999, -999, -999, -999, -999, -999
20030923, 0600,  , LO, 15.5N, 120.6W,  20, 1009, -999, -999, -999, -999, -999, -999, -999, -999, -999, -999, -999, -999, -999
EP132003,              MARTY,     31,
20030918, 1800,  , TD, 16.5N, 105.7W,  25, 1004, -999, -999, -999, -999, -999, -999, -999, -999, -999, -999, -999, -999, -999
20030919, 0000,  , TD, 16.8N, 106.3W,  30, 1002, -999, -999, -999, -999, -999, -999, -999, -999, -999, -999, -999, -999, -999
20030919, 0600,  , TS, 16.9N, 106.8W,  35, 1000, -999, -999, -999, -999, -999, -999, -999, -999, -999, -999, -999, -999, -999
20030919, 1200,  , TS, 17.1N, 107.1W,  35,  999, -999, -999, -999, -999, -999, -999, -999, -999, -999, -999, -999, -999, -999
20030919, 1800,  , TS, 17.3N, 107.2W,  40,  998, -999, -999, -999, -999, -999, -999, -999, -999, -999, -999, -999, -999, -999
20030920, 0000,  , TS, 17.5N, 107.3W,  40,  998, -999, -999, -999, -999, -999, -999, -999, -999, -999, -999, -999, -999, -999
20030920, 0600,  , TS, 17.7N, 107.5W,  45,  997, -999, -999, -999, -999, -999, -999, -999, -999, -999, -999, -999, -999, -999
20030920, 1200,  , TS, 18.0N, 107.9W,  45,  997, -999, -999, -999, -999, -999, -999, -999, -999, -999, -999, -999, -999, -999
20030920, 1800,  , TS, 18.3N, 108.3W,  55,  994, -999, -999, -999, -999, -999, -999, -999, -999, -999, -999, -999, -999, -999
20030921, 0000,  , HU, 18.6N, 108.6W,  65,  987, -999, -999, -999, -999, -999, -999, -999, -999, -999, -999, -999, -999, -999
20030921, 0600,  , HU, 18.9N, 108.8W,  65,  987, -999, -999, -999, -999, -999, -999, -999, -999, -999, -999, -999, -999, -999
20030921, 1200,  , HU, 19.3N, 109.1W,  65,  987, -999, -999, -999, -999, -999, -999, -999, -999, -999, -999, -999, -999, -999
20030921, 1800,  , HU, 20.1N, 109.4W,  65,  987, -999, -999, -999, -999, -999, -999, -999, -999, -999, -999, -999, -999, -999
20030922, 0000,  , HU, 21.0N, 109.5W,  75,  980, -999, -999, -999, -999, -999, -999, -999, -999, -999, -999, -999, -999, -999
20030922, 0600,  , HU, 22.0N, 109.6W,  85,  970, -999, -999, -999, -999, -999, -999, -999, -999, -999, -999, -999, -999, -999
20030922, 0930, L, HU, 23.0N, 109.7W,  85,  970, -999, -999, -999, -999, -999, -999, -999, -999, -999, -999, -999, -999, -999
20030922, 1200,  , HU, 23.7N, 109.9W,  80,  971, -999, -999, -999, -999, -999, -999, -999, -999, -999, -999, -999, -999, -999
20030922, 1800,  , HU, 25.4N, 110.8W,  70,  980, -999, -999, -999, -999, -999, -999, -999, -999, -999, -999, -999, -999, -999
20030923, 0000,  , TS, 27.0N, 111.8W,  60,  985, -999, -999, -999, -999, -999, -999, -999, -999, -999, -999, -999, -999, -999
20030923, 0600,  , TS, 28.3N, 112.5W,  50,  993, -999, -999, -999, -999, -999, -999, -999, -999, -999, -999, -999, -999, -999
20030923, 1200,  , TS, 29.4N, 113.2W,  35,  999, -999, -999, -999, -999, -999, -999, -999, -999, -999, -999, -999, -999, -999
20030923, 1800,  , TD, 29.9N, 113.5W,  30, 1002, -999, -999, -999, -999, -999, -999, -999, -999, -999, -999, -999, -999, -999
20030924, 0000,  , TD, 30.5N, 113.7W,  30, 1003, -999, -999, -999, -999, -999, -999, -999, -999, -999, -999, -999, -999, -999
20030924, 0600,  , TD, 30.8N, 113.5W,  30, 1004, -999, -999, -999, -999, -999, -999, -999, -999, -999, -999, -999, -999, -999
20030924, 1200,  , TD, 31.1N, 113.3W,  25, 1007, -999, -999, -999, -999, -999, -999, -999, -999, -999, -999, -999, -999, -999
20030924, 1800,  , TD, 31.5N, 113.6W,  20, 1007, -999, -999, -999, -999, -999, -999, -999, -999, -999, -999, -999, -999, -999
20030925, 0000,  , LO, 31.5N, 114.1W,  20, 1007, -999, -999, -999, -999, -999, -999, -999, -999, -999, -999, -999, -999, -999
20030925, 0600,  , LO, 31.1N, 114.2W,  20, 1008, -999, -999, -999, -999, -999, -999, -999, -999, -999, -999, -999, -999, -999
20030925, 1200,  , LO, 30.7N, 114.3W,  20, 1010, -999, -999, -999, -999, -999, -999, -999, -999, -999, -999, -999, -999, -999
20030925, 1800,  , LO, 30.2N, 114.5W,  20, 1012, -999, -999, -999, -999, -999, -999, -999, -999, -999, -999, -999, -999, -999
20030926, 0000,  , LO, 29.9N, 114.7W,  20, 1012, -999, -999, -999, -999, -999, -999, -999, -999, -999, -999, -999, -999, -999
EP142003,               NORA,     31,
20031001, 1800,  , TD, 15.7N, 108.1W,  25, 1007, -999, -999, -999, -999, -999, -999, -999, -999, -999, -999, -999, -999, -999
20031002, 0000,  , TD, 15.7N, 108.4W,  30, 1005, -999, -999, -999, -999, -999, -999, -999, -999, -999, -999, -999, -999, -999
20031002, 0600,  , TS, 15.6N, 108.7W,  35, 1005, -999, -999, -999, -999, -999, -999, -999, -999, -999, -999, -999, -999, -999
20031002, 1200,  , TS, 15.4N, 108.9W,  35, 1005, -999, -999, -999, -999, -999, -999, -999, -999, -999, -999, -999, -999, -999
20031002, 1800,  , TS, 15.3N, 109.0W,  40, 1002, -999, -999, -999, -999, -999, -999, -999, -999, -999, -999, -999, -999, -999
20031003, 0000,  , TS, 15.1N, 109.1W,  50,  997, -999, -999, -999, -999, -999, -999, -999, -999, -999, -999, -999, -999, -999
20031003, 0600,  , TS, 15.1N, 109.2W,  55,  997, -999, -999, -999, -999, -999, -999, -999, -999, -999, -999, -999, -999, -999
20031003, 1200,  , TS, 15.4N, 109.3W,  55,  994, -999, -999, -999, -999, -999, -999, -999, -999, -999, -999, -999, -999, -999
20031003, 1800,  , TS, 16.0N, 109.7W,  60,  992, -999, -999, -999, -999, -999, -999, -999, -999, -999, -999, -999, -999, -999
20031004, 0000,  , HU, 16.2N, 110.3W,  65,  987, -999, -999, -999, -999, -999, -999, -999, -999, -999, -999, -999, -999, -999
20031004, 0600,  , HU, 16.5N, 110.9W,  75,  981, -999, -999, -999, -999, -999, -999, -999, -999, -999, -999, -999, -999, -999
20031004, 1200,  , HU, 16.9N, 111.5W,  90,  969, -999, -999, -999, -999, -999, -999, -999, -999, -999, -999, -999, -999, -999
20031004, 1800,  , HU, 17.4N, 112.0W,  90,  970, -999, -999, -999, -999, -999, -999, -999, -999, -999, -999, -999, -999, -999
20031005, 0000,  , HU, 18.0N, 112.6W,  90,  970, -999, -999, -999, -999, -999, -999, -999, -999, -999, -999, -999, -999, -999
20031005, 0600,  , HU, 18.5N, 113.0W,  90,  970, -999, -999, -999, -999, -999, -999, -999, -999, -999, -999, -999, -999, -999
20031005, 1200,  , HU, 19.0N, 113.4W,  85,  973, -999, -999, -999, -999, -999, -999, -999, -999, -999, -999, -999, -999, -999
20031005, 1800,  , HU, 19.3N, 113.6W,  80,  976, -999, -999, -999, -999, -999, -999, -999, -999, -999, -999, -999, -999, -999
20031006, 0000,  , HU, 19.7N, 113.8W,  80,  976, -999, -999, -999, -999, -999, -999, -999, -999, -999, -999, -999, -999, -999
20031006, 0600,  , HU, 20.1N, 113.9W,  65,  987, -999, -999, -999, -999, -999, -999, -999, -999, -999, -999, -999, -999, -999
20031006, 1200,  , TS, 20.1N, 113.9W,  50,  997, -999, -999, -999, -999, -999, -999, -999, -999, -999, -999, -999, -999, -999
20031006, 1800,  , TS, 20.1N, 113.9W,  40, 1000, -999, -999, -999, -999, -999, -999, -999, -999, -999, -999, -999, -999, -999
20031007, 0000,  , TS, 20.3N, 113.6W,  35, 1001, -999, -999, -999, -999, -999, -999, -999, -999, -999, -999, -999, -999, -999
20031007, 0600,  , TD, 20.3N, 113.3W,  30, 1002, -999, -999, -999, -999, -999, -999, -999, -999, -999, -999, -999, -999, -999
20031007, 1200,  , TD, 20.1N, 112.6W,  30, 1002, -999, -999, -999, -999, -999, -999, -999, -999, -999, -999, -999, -999, -999
20031007, 1800,  , TD, 20.1N, 111.6W,  30, 1002, -999, -999, -999, -999, -999, -999, -999, -999, -999, -999, -999, -999, -999
20031008, 0000,  , TD, 20.3N, 110.4W,  30, 1002, -999, -999, -999, -999, -999, -999, -999, -999, -999, -999, -999, -999, -999
20031008, 0600,  , TD, 21.0N, 108.0W,  25, 1004, -999, -999, -999, -999, -999, -999, -999, -999, -999, -999, -999, -999, -999
20031008, 1200,  , TD, 21.0N, 108.0W,  25, 1004, -999, -999, -999, -999, -999, -999, -999, -999, -999, -999, -999, -999, -999
20031008, 1800,  , TD, 22.3N, 107.2W,  25, 1004, -999, -999, -999, -999, -999, -999, -999, -999, -999, -999, -999, -999, -999
20031009, 0000,  , TD, 23.1N, 106.9W,  25, 1003, -999, -999, -999, -999, -999, -999, -999, -999, -999, -999, -999, -999, -999
20031009, 0600, L, TD, 23.8N, 106.7W,  25, 1004, -999, -999, -999, -999, -999, -999, -999, -999, -999, -999, -999, -999, -999
EP152003,               OLAF,     21,
20031003, 0600,  , TD, 11.7N,  98.4W,  30, 1006, -999, -999, -999, -999, -999, -999, -999, -999, -999, -999, -999, -999, -999
20031003, 1200,  , TS, 12.1N,  98.9W,  40, 1002, -999, -999, -999, -999, -999, -999, -999, -999, -999, -999, -999, -999, -999
20031003, 1800,  , TS, 12.4N,  99.5W,  50, 1000, -999, -999, -999, -999, -999, -999, -999, -999, -999, -999, -999, -999, -999
20031004, 0000,  , TS, 13.1N, 100.0W,  45, 1000, -999, -999, -999, -999, -999, -999, -999, -999, -999, -999, -999, -999, -999
20031004, 0600,  , TS, 13.8N, 100.6W,  45, 1000, -999, -999, -999, -999, -999, -999, -999, -999, -999, -999, -999, -999, -999
20031004, 1200,  , TS, 14.5N, 101.3W,  50,  997, -999, -999, -999, -999, -999, -999, -999, -999, -999, -999, -999, -999, -999
20031004, 1800,  , TS, 15.0N, 102.1W,  55,  994, -999, -999, -999, -999, -999, -999, -999, -999, -999, -999, -999, -999, -999
20031005, 0000,  , TS, 15.5N, 102.9W,  55,  994, -999, -999, -999, -999, -999, -999, -999, -999, -999, -999, -999, -999, -999
20031005, 0600,  , TS, 15.9N, 103.6W,  55,  992, -999, -999, -999, -999, -999, -999, -999, -999, -999, -999, -999, -999, -999
20031005, 1200,  , HU, 16.5N, 104.2W,  65,  987, -999, -999, -999, -999, -999, -999, -999, -999, -999, -999, -999, -999, -999
20031005, 1800,  , TS, 17.1N, 104.8W,  55,  990, -999, -999, -999, -999, -999, -999, -999, -999, -999, -999, -999, -999, -999
20031006, 0000,  , TS, 17.4N, 105.0W,  50,  995, -999, -999, -999, -999, -999, -999, -999, -999, -999, -999, -999, -999, -999
20031006, 0600,  , TS, 17.5N, 104.9W,  45, 1000, -999, -999, -999, -999, -999, -999, -999, -999, -999, -999, -999, -999, -999
20031006, 1200,  , TS, 17.4N, 104.5W,  35, 1000, -999, -999, -999, -999, -999, -999, -999, -999, -999, -999, -999, -999, -999
20031006, 1800,  , TS, 17.9N, 104.4W,  40,  998, -999, -999, -999, -999, -999, -999, -999, -999, -999, -999, -999, -999, -999
20031007, 0000,  , TS, 18.4N, 104.5W,  45,  997, -999, -999, -999, -999, -999, -999, -999, -999, -999, -999, -999, -999, -999
20031007, 0600,  , TS, 19.0N, 104.6W,  50,  997, -999, -999, -999, -999, -999, -999, -999, -999, -999, -999, -999, -999, -999
20031007, 0800, L, TS, 19.2N, 104.6W,  50,  997, -999, -999, -999, -999, -999, -999, -999, -999, -999, -999, -999, -999, -999
20031007, 1200,  , TS, 19.6N, 104.6W,  40,  999, -999, -999, -999, -999, -999, -999, -999, -999, -999, -999, -999, -999, -999
20031007, 1800,  , TD, 20.3N, 104.5W,  30, 1002, -999, -999, -999, -999, -999, -999, -999, -999, -999, -999, -999, -999, -999
20031008, 0000,  , TD, 20.8N, 103.8W,  25, 1004, -999, -999, -999, -999, -999, -999, -999, -999, -999, -999, -999, -999, -999
EP162003,           PATRICIA,     25,
20031020, 1200,  , TD, 10.0N, 100.3W,  30, 1007, -999, -999, -999, -999, -999, -999, -999, -999, -999, -999, -999, -999, -999
20031020, 1800,  , TS, 10.3N, 101.2W,  35, 1002, -999, -999, -999, -999, -999, -999, -999, -999, -999, -999, -999, -999, -999
20031021, 0000,  , TS, 10.6N, 101.9W,  45, 1000, -999, -999, -999, -999, -999, -999, -999, -999, -999, -999, -999, -999, -999
20031021, 0600,  , TS, 10.9N, 102.6W,  55,  994, -999, -999, -999, -999, -999, -999, -999, -999, -999, -999, -999, -999, -999
20031021, 1200,  , HU, 11.3N, 103.4W,  65,  987, -999, -999, -999, -999, -999, -999, -999, -999, -999, -999, -999, -999, -999
20031021, 1800,  , HU, 11.6N, 104.2W,  65,  987, -999, -999, -999, -999, -999, -999, -999, -999, -999, -999, -999, -999, -999
20031022, 0000,  , HU, 11.7N, 105.0W,  70,  984, -999, -999, -999, -999, -999, -999, -999, -999, -999, -999, -999, -999, -999
20031022, 0600,  , HU, 11.9N, 105.8W,  65,  987, -999, -999, -999, -999, -999, -999, -999, -999, -999, -999, -999, -999, -999
20031022, 1200,  , TS, 12.0N, 106.7W,  60,  990, -999, -999, -999, -999, -999, -999, -999, -999, -999, -999, -999, -999, -999
20031022, 1800,  , TS, 12.2N, 107.8W,  55,  994, -999, -999, -999, -999, -999, -999, -999, -999, -999, -999, -999, -999, -999
20031023, 0000,  , TS, 12.4N, 108.6W,  45, 1000, -999, -999, -999, -999, -999, -999, -999, -999, -999, -999, -999, -999, -999
20031023, 0600,  , TS, 12.8N, 109.5W,  40, 1002, -999, -999, -999, -999, -999, -999, -999, -999, -999, -999, -999, -999, -999
20031023, 1200,  , TS, 13.2N, 110.7W,  40, 1003, -999, -999, -999, -999, -999, -999, -999, -999, -999, -999, -999, -999, -999
20031023, 1800,  , TS, 13.3N, 111.7W,  35, 1005, -999, -999, -999, -999, -999, -999, -999, -999, -999, -999, -999, -999, -999
20031024, 0000,  , TS, 13.6N, 112.3W,  35, 1005, -999, -999, -999, -999, -999, -999, -999, -999, -999, -999, -999, -999, -999
20031024, 0600,  , TS, 13.7N, 112.6W,  35, 1005, -999, -999, -999, -999, -999, -999, -999, -999, -999, -999, -999, -999, -999
20031024, 1200,  , TS, 13.9N, 112.9W,  40, 1002, -999, -999, -999, -999, -999, -999, -999, -999, -999, -999, -999, -999, -999
20031024, 1800,  , TS, 14.3N, 113.2W,  40, 1002, -999, -999, -999, -999, -999, -999, -999, -999, -999, -999, -999, -999, -999
20031025, 0000,  , TS, 14.6N, 113.5W,  35, 1005, -999, -999, -999, -999, -999, -999, -999, -999, -999, -999, -999, -999, -999
20031025, 0600,  , TS, 14.9N, 113.8W,  35, 1005, -999, -999, -999, -999, -999, -999, -999, -999, -999, -999, -999, -999, -999
20031025, 1200,  , TD, 15.2N, 114.1W,  30, 1008, -999, -999, -999, -999, -999, -999, -999, -999, -999, -999, -999, -999, -999
20031025, 1800,  , TD, 15.5N, 114.4W,  30, 1008, -999, -999, -999, -999, -999, -999, -999, -999, -999, -999, -999, -999, -999
20031026, 0000,  , TD, 15.7N, 114.7W,  25, 1008, -999, -999, -999, -999, -999, -999, -999, -999, -999, -999, -999, -999, -999
20031026, 0600,  , LO, 15.8N, 115.1W,  20, 1009, -999, -999, -999, -999, -999, -999, -999, -999, -999, -999, -999, -999, -999
20031026, 1200,  , LO, 15.8N, 115.5W,  20, 1009, -999, -999, -999, -999, -999, -999, -999, -999, -999, -999, -999, -999, -999
