EP012017,             ADRIAN,     11,
20170509, 1800,  , TD,  9.3N,  91.2W,  30, 1006,    0,    0,    0,    0,    0,    0,    0,    0,    0,    0,    0,    0, -999
20170510, 0000,  , TS,  9.5N,  91.7W,  35, 1005,    0,    0,   40,   50,    0,    0,    0,    0,    0,    0,    0,    0, -999
20170510, 0600,  , TS,  9.7N,  92.0W,  40, 1004,    0,    0,   40,   50,    0,    0,    0,    0,    0,    0,    0,    0, -999
20170510, 1200,  , TS,  9.9N,  92.3W,  35, 1004,    0,    0,   40,   50,    0,    0,    0,    0,    0,    0,    0,    0, -999
20170510, 1800,  , TS, 10.2N,  92.6W,  35, 1004,    0,    0,   40,   50,    0,    0,    0,    0,    0,    0,    0,    0, -999
20170511, 0000,  , LO, 10.5N,  92.9W,  30, 1006,    0,    0,    0,    0,    0,    0,    0,    0,    0,    0,    0,    0, -999
20170511, 0600,  , LO, 10.8N,  93.1W,  25, 1007,    0,    0,    0,    0,    0,    0,    0,    0,    0,    0,    0,    0, -999
20170511, 1200,  , LO, 11.2N,  93.3W,  25, 1008,    0,    0,    0,    0,    0,    0,    0,    0,    0,    0,    0,    0, -999
20170511, 1800,  , LO, 11.6N,  93.8W,  20, 1008,    0,    0,    0,    0,    0,    0,    0,    0,    0,    0,    0,    0, -999
20170512, 0000,  , LO, 12.3N,  94.6W,  20, 1008,    0,    0,    0,    0,    0,    0,    0,    0,    0,    0,    0,    0, -999
20170512, 0600,  , LO, 12.9N,  95.6W,  20, 1008,    0,    0,    0,    0,    0,    0,    0,    0,    0,    0,    0,    0, -999
EP022017,            BEATRIZ,      8,
20170531, 1200,  , TD, 13.8N,  97.9W,  25, 1007,    0,    0,    0,    0,    0,    0,    0,    0,    0,    0,    0,    0, -999
20170531, 1800,  , TD, 14.0N,  97.7W,  30, 1006,    0,    0,    0,    0,    0,    0,    0,    0,    0,    0,    0,    0, -999
20170601, 0000,  , TD, 14.2N,  97.5W,  30, 1004,    0,    0,    0,    0,    0,    0,    0,    0,    0,    0,    0,    0, -999
20170601, 0600,  , TS, 14.5N,  97.3W,  35, 1003,   20,   20,   30,   30,    0,    0,    0,    0,    0,    0,    0,    0, -999
20170601, 1200,  , TS, 14.8N,  97.1W,  40, 1001,   20,   20,   30,   30,    0,    0,    0,    0,    0,    0,    0,    0, -999
20170601, 1800,  , TS, 15.1N,  96.9W,  40, 1001,   20,   20,   30,   30,    0,    0,    0,    0,    0,    0,    0,    0, -999
20170602, 0000, L, TS, 15.7N,  96.6W,  40, 1001,    0,   20,   30,   20,    0,    0,    0,    0,    0,    0,    0,    0, -999
20170602, 0600,  , TD, 16.3N,  96.3W,  30, 1006,    0,    0,    0,    0,    0,    0,    0,    0,    0,    0,    0,    0, -999
EP032017,             CALVIN,      8,
20170611, 1200,  , TD, 14.0N,  94.7W,  30, 1006,    0,    0,    0,    0,    0,    0,    0,    0,    0,    0,    0,    0, -999
20170611, 1800,  , TD, 14.5N,  94.8W,  30, 1006,    0,    0,    0,    0,    0,    0,    0,    0,    0,    0,    0,    0, -999
20170612, 0000,  , TD, 14.9N,  94.9W,  30, 1006,    0,    0,    0,    0,    0,    0,    0,    0,    0,    0,    0,    0, -999
20170612, 0600,  , TD, 15.2N,  95.0W,  30, 1006,    0,    0,    0,    0,    0,    0,    0,    0,    0,    0,    0,    0, -999
20170612, 1200,  , TD, 15.4N,  95.2W,  30, 1006,    0,    0,    0,    0,    0,    0,    0,    0,    0,    0,    0,    0, -999
20170612, 1800,  , TS, 15.6N,  95.4W,  35, 1005,   50,   50,   50,    0,    0,    0,    0,    0,    0,    0,    0,    0, -999
20170613, 0000, L, TS, 15.9N,  95.7W,  40, 1004,    0,   50,   50,    0,    0,    0,    0,    0,    0,    0,    0,    0, -999
20170613, 0600,  , TD, 16.2N,  96.1W,  30, 1007,    0,    0,    0,    0,    0,    0,    0,    0,    0,    0,    0,    0, -999
EP042017,               DORA,     29,
20170624, 0000,  , LO, 12.8N,  96.5W,  25, 1008,    0,    0,    0,    0,    0,    0,    0,    0,    0,    0,    0,    0, -999
20170624, 0600,  , LO, 13.0N,  97.2W,  25, 1008,    0,    0,    0,    0,    0,    0,    0,    0,    0,    0,    0,    0, -999
20170624, 1200,  , LO, 13.2N,  97.9W,  25, 1008,    0,    0,    0,    0,    0,    0,    0,    0,    0,    0,    0,    0, -999
20170624, 1800,  , TD, 13.6N,  98.7W,  25, 1007,    0,    0,    0,    0,    0,    0,    0,    0,    0,    0,    0,    0, -999
20170625, 0000,  , TD, 14.0N,  99.5W,  30, 1006,    0,    0,    0,    0,    0,    0,    0,    0,    0,    0,    0,    0, -999
20170625, 0600,  , TS, 14.4N, 100.4W,  35, 1005,   40,    0,    0,    0,    0,    0,    0,    0,    0,    0,    0,    0, -999
20170625, 1200,  , TS, 14.9N, 101.4W,  40, 1003,   40,   40,    0,   40,    0,    0,    0,    0,    0,    0,    0,    0, -999
20170625, 1800,  , TS, 15.5N, 102.6W,  45, 1001,   40,   40,    0,   40,    0,    0,    0,    0,    0,    0,    0,    0, -999
20170626, 0000,  , TS, 16.1N, 103.8W,  55,  999,   50,   50,   30,   50,   30,   30,    0,   20,    0,    0,    0,    0, -999
20170626, 0600,  , HU, 16.6N, 104.8W,  65,  993,   60,   50,   40,   50,   30,   30,   20,   30,   15,   10,    0,   15, -999
20170626, 1200,  , HU, 17.1N, 105.8W,  85,  978,   70,   50,   40,   50,   40,   30,   20,   30,   20,   15,   10,   15, -999
20170626, 1800,  , HU, 17.6N, 106.8W,  90,  974,   70,   50,   40,   50,   40,   30,   20,   30,   20,   15,   10,   15, -999
20170627, 0000,  , HU, 18.1N, 107.8W,  85,  977,   60,   50,   40,   50,   40,   30,   20,   30,   20,   15,   15,   20, -999
20170627, 0600,  , HU, 18.6N, 108.7W,  75,  984,   50,   50,   40,   40,   30,   30,   20,   20,   15,   15,   10,   15, -999
20170627, 1200,  , HU, 19.0N, 109.7W,  65,  990,   40,   40,   40,   40,   20,   20,   20,   20,   15,   15,    0,   15, -999
20170627, 1800,  , TS, 19.3N, 110.7W,  55,  995,   30,   30,   30,   40,    0,    0,    0,   20,    0,    0,    0,    0, -999
20170628, 0000,  , TS, 19.5N, 111.7W,  45, 1000,   30,   30,   30,   40,    0,    0,    0,    0,    0,    0,    0,    0, -999
20170628, 0600,  , LO, 19.7N, 112.6W,  35, 1005,   30,    0,    0,   30,    0,    0,    0,    0,    0,    0,    0,    0, -999
20170628, 1200,  , LO, 19.9N, 113.5W,  30, 1007,    0,    0,    0,    0,    0,    0,    0,    0,    0,    0,    0,    0, -999
20170628, 1800,  , LO, 20.1N, 114.4W,  25, 1007,    0,    0,    0,    0,    0,    0,    0,    0,    0,    0,    0,    0, -999
20170629, 0000,  , LO, 20.4N, 115.3W,  25, 1007,    0,    0,    0,    0,    0,    0,    0,    0,    0,    0,    0,    0, -999
20170629, 0600,  , LO, 20.7N, 116.0W,  20, 1008,    0,    0,    0,    0,    0,    0,    0,    0,    0,    0,    0,    0, -999
20170629, 1200,  , LO, 21.0N, 116.6W,  20, 1008,    0,    0,    0,    0,    0,    0,    0,    0,    0,    0,    0,    0, -999
20170629, 1800,  , LO, 21.4N, 117.1W,  20, 1008,    0,    0,    0,    0,    0,    0,    0,    0,    0,    0,    0,    0, -999
20170630, 0000,  , LO, 21.4N, 117.4W,  15, 1009,    0,    0,    0,    0,    0,    0,    0,    0,    0,    0,    0,    0, -999
20170630, 0600,  , LO, 21.3N, 117.5W,  15, 1009,    0,    0,    0,    0,    0,    0,    0,    0,    0,    0,    0,    0, -999
20170630, 1200,  , LO, 21.1N, 117.6W,  15, 1009,    0,    0,    0,    0,    0,    0,    0,    0,    0,    0,    0,    0, -999
20170630, 1800,  , LO, 20.6N, 117.6W,  15, 1010,    0,    0,    0,    0,    0,    0,    0,    0,    0,    0,    0,    0, -999
20170701, 0000,  , LO, 19.9N, 117.8W,  15, 1010,    0,    0,    0,    0,    0,    0,    0,    0,    0,    0,    0,    0, -999
EP052017,             EUGENE,     28,
20170707, 1200,  , TD, 11.2N, 110.0W,  30, 1008,    0,    0,    0,    0,    0,    0,    0,    0,    0,    0,    0,    0, -999
20170707, 1800,  , TS, 11.6N, 110.8W,  35, 1007,   60,   40,    0,    0,    0,    0,    0,    0,    0,    0,    0,    0, -999
20170708, 0000,  , TS, 12.1N, 111.3W,  35, 1007,   60,   40,    0,    0,    0,    0,    0,    0,    0,    0,    0,    0, -999
20170708, 0600,  , TS, 12.7N, 111.9W,  40, 1006,   60,   40,    0,   50,    0,    0,    0,    0,    0,    0,    0,    0, -999
20170708, 1200,  , TS, 13.2N, 112.5W,  50, 1002,   70,   60,   30,   50,   20,    0,    0,   20,    0,    0,    0,    0, -999
20170708, 1800,  , TS, 13.6N, 113.0W,  60,  997,   80,   70,   40,   60,   30,   20,    0,   20,    0,    0,    0,    0, -999
20170709, 0000,  , HU, 14.1N, 113.4W,  70,  989,   90,   90,   50,   70,   40,   30,   20,   30,   20,    0,    0,    0, -999
20170709, 0600,  , HU, 14.8N, 113.8W,  85,  976,  100,  110,   60,   80,   50,   40,   30,   40,   30,   20,   20,   20, -999
20170709, 1200,  , HU, 15.5N, 114.4W,  95,  969,  110,  110,   60,   80,   50,   40,   30,   40,   30,   20,   20,   20, -999
20170709, 1800,  , HU, 16.3N, 115.0W, 100,  966,  110,  110,   60,   80,   50,   40,   30,   40,   30,   20,   20,   20, -999
20170710, 0000,  , HU, 17.1N, 115.6W,  90,  971,  100,   90,   60,   80,   50,   50,   40,   40,   30,   20,   20,   20, -999
20170710, 0600,  , HU, 17.7N, 116.2W,  85,  976,   90,   80,   60,   70,   50,   50,   30,   40,   30,   20,   20,   20, -999
20170710, 1200,  , HU, 18.3N, 116.9W,  75,  981,   90,   80,   60,   70,   50,   50,   30,   40,   30,   20,   20,   20, -999
20170710, 1800,  , HU, 19.0N, 117.5W,  70,  984,   90,   80,   70,   70,   50,   50,   30,   30,   20,   20,    0,    0, -999
20170711, 0000,  , TS, 19.6N, 118.0W,  60,  991,   90,   80,   70,   70,   50,   50,   30,   30,    0,    0,    0,    0, -999
20170711, 0600,  , TS, 20.3N, 118.6W,  55,  995,   90,   70,   60,   70,   40,   30,    0,   30,    0,    0,    0,    0, -999
20170711, 1200,  , TS, 20.9N, 119.2W,  50,  998,   90,   70,   60,   70,   30,   20,    0,    0,    0,    0,    0,    0, -999
20170711, 1800,  , TS, 21.5N, 119.8W,  45, 1001,   80,   70,   60,   70,    0,    0,    0,    0,    0,    0,    0,    0, -999
20170712, 0000,  , TS, 22.0N, 120.3W,  40, 1004,   70,   60,   50,   60,    0,    0,    0,    0,    0,    0,    0,    0, -999
20170712, 0600,  , TS, 22.6N, 120.8W,  35, 1005,   50,   50,    0,   40,    0,    0,    0,    0,    0,    0,    0,    0, -999
20170712, 1200,  , TD, 23.2N, 121.5W,  30, 1006,    0,    0,    0,    0,    0,    0,    0,    0,    0,    0,    0,    0, -999
20170712, 1800,  , LO, 23.7N, 122.2W,  30, 1006,    0,    0,    0,    0,    0,    0,    0,    0,    0,    0,    0,    0, -999
20170713, 0000,  , LO, 24.2N, 122.9W,  30, 1006,    0,    0,    0,    0,    0,    0,    0,    0,    0,    0,    0,    0, -999
20170713, 0600,  , LO, 24.7N, 123.6W,  25, 1007,    0,    0,    0,    0,    0,    0,    0,    0,    0,    0,    0,    0, -999
20170713, 1200,  , LO, 25.1N, 124.2W,  25, 1008,    0,    0,    0,    0,    0,    0,    0,    0,    0,    0,    0,    0, -999
20170713, 1800,  , LO, 25.5N, 124.9W,  20, 1009,    0,    0,    0,    0,    0,    0,    0,    0,    0,    0,    0,    0, -999
20170714, 0000,  , LO, 26.0N, 125.7W,  20, 1009,    0,    0,    0,    0,    0,    0,    0,    0,    0,    0,    0,    0, -999
20170714, 0600,  , LO, 26.5N, 126.5W,  20, 1009,    0,    0,    0,    0,    0,    0,    0,    0,    0,    0,    0,    0, -999
EP062017,           FERNANDA,     46,
20170711, 1800,  , TD, 12.2N, 108.4W,  25, 1007,    0,    0,    0,    0,    0,    0,    0,    0,    0,    0,    0,    0, -999
20170712, 0000,  , TD, 12.2N, 109.4W,  30, 1007,    0,    0,    0,    0,    0,    0,    0,    0,    0,    0,    0,    0, -999
20170712, 0600,  , TD, 12.1N, 110.2W,  30, 1007,    0,    0,    0,    0,    0,    0,    0,    0,    0,    0,    0,    0, -999
20170712, 1200,  , TD, 12.0N, 111.0W,  30, 1006,    0,    0,    0,    0,    0,    0,    0,    0,    0,    0,    0,    0, -999
20170712, 1800,  , TS, 11.9N, 111.8W,  35, 1005,    0,   20,   20,   20,    0,    0,    0,    0,    0,    0,    0,    0, -999
20170713, 0000,  , TS, 11.8N, 112.6W,  40, 1004,   20,   20,   30,   30,    0,    0,    0,    0,    0,    0,    0,    0, -999
20170713, 0600,  , TS, 11.7N, 113.5W,  45, 1003,   20,   30,   40,   40,    0,    0,    0,    0,    0,    0,    0,    0, -999
20170713, 1200,  , TS, 11.5N, 114.5W,  55, 1000,   20,   40,   40,   40,    0,   20,   20,    0,    0,    0,    0,    0, -999
20170713, 1800,  , HU, 11.3N, 115.5W,  65,  995,   40,   50,   50,   50,   20,   30,   20,   20,   15,    0,    0,   15, -999
20170714, 0000,  , HU, 11.1N, 116.5W,  75,  987,   50,   50,   50,   50,   30,   30,   20,   20,   20,   15,    0,   15, -999
20170714, 0600,  , HU, 11.0N, 117.4W,  85,  980,   50,   50,   50,   50,   30,   30,   20,   20,   20,   15,    0,   15, -999
20170714, 1200,  , HU, 10.8N, 118.3W,  95,  972,   50,   60,   50,   60,   30,   30,   20,   20,   20,   15,    0,   15, -999
20170714, 1800,  , HU, 10.7N, 119.3W, 110,  961,   60,   60,   50,   60,   40,   40,   20,   30,   25,   20,   15,   20, -999
20170715, 0000,  , HU, 10.7N, 120.3W, 125,  948,   60,   60,   60,   60,   40,   40,   20,   30,   25,   20,   15,   20, -999
20170715, 0600,  , HU, 10.8N, 121.3W, 125,  948,   60,   60,   60,   60,   40,   40,   20,   30,   25,   20,   15,   20, -999
20170715, 1200,  , HU, 11.0N, 122.3W, 120,  953,   70,   60,   60,   70,   40,   40,   20,   30,   25,   20,   15,   20, -999
20170715, 1800,  , HU, 11.3N, 123.5W, 115,  955,   80,   70,   60,   70,   40,   40,   20,   30,   25,   20,   15,   20, -999
20170716, 0000,  , HU, 11.6N, 124.7W, 115,  955,   90,   70,   60,   70,   40,   40,   20,   30,   25,   20,   15,   20, -999
20170716, 0600,  , HU, 11.9N, 125.8W, 115,  955,  100,   80,   60,   70,   40,   40,   20,   30,   25,   20,   15,   20, -999
20170716, 1200,  , HU, 12.2N, 126.9W, 115,  955,  100,   80,   60,   70,   40,   40,   30,   40,   25,   20,   15,   20, -999
20170716, 1800,  , HU, 12.5N, 127.9W, 115,  955,  100,   90,   60,   80,   50,   50,   40,   50,   25,   25,   20,   20, -999
20170717, 0000,  , HU, 12.8N, 128.8W, 110,  956,  100,   90,   70,   80,   50,   50,   40,   40,   25,   25,   20,   20, -999
20170717, 0600,  , HU, 13.1N, 129.7W, 110,  957,  100,   90,   70,   80,   50,   50,   40,   40,   25,   25,   20,   20, -999
20170717, 1200,  , HU, 13.5N, 130.5W, 105,  959,  100,  100,   70,   80,   50,   50,   40,   40,   25,   25,   20,   20, -999
20170717, 1800,  , HU, 13.9N, 131.2W, 100,  963,  100,  100,   70,   80,   50,   50,   40,   40,   25,   25,   20,   20, -999
20170718, 0000,  , HU, 14.4N, 131.8W,  95,  967,  100,  100,   70,   80,   50,   50,   40,   40,   25,   25,   20,   20, -999
20170718, 0600,  , HU, 14.9N, 132.4W,  90,  971,  100,  100,   70,   80,   50,   50,   40,   40,   25,   25,   20,   20, -999
20170718, 1200,  , HU, 15.4N, 132.9W,  90,  971,  100,   90,   70,   80,   50,   50,   40,   40,   25,   25,   20,   20, -999
20170718, 1800,  , HU, 15.9N, 133.5W,  90,  971,   90,   80,   70,   80,   50,   50,   40,   40,   25,   25,   20,   20, -999
20170719, 0000,  , HU, 16.4N, 134.1W,  85,  976,   80,   70,   70,   80,   50,   50,   40,   40,   25,   25,   20,   20, -999
20170719, 0600,  , HU, 16.8N, 134.7W,  80,  980,   70,   60,   60,   80,   40,   40,   30,   40,   20,   20,   15,   20, -999
20170719, 1200,  , HU, 17.1N, 135.3W,  75,  983,   70,   60,   60,   80,   40,   40,   30,   40,   20,   20,   15,   20, -999
20170719, 1800,  , HU, 17.4N, 135.9W,  70,  987,   70,   60,   60,   70,   30,   30,   30,   30,   20,   20,   15,   15, -999
20170720, 0000,  , HU, 17.7N, 136.6W,  65,  990,   70,   60,   60,   70,   30,   30,   30,   30,   20,   20,   15,   15, -999
20170720, 0600,  , TS, 18.0N, 137.5W,  60,  993,   70,   60,   60,   70,   30,   20,   20,   30,    0,    0,    0,    0, -999
20170720, 1200,  , TS, 18.1N, 138.7W,  55,  999,   80,   60,   50,   70,   30,   20,    0,   30,    0,    0,    0,    0, -999
20170720, 1800,  , TS, 18.1N, 139.9W,  45, 1004,   80,   60,   50,   60,    0,    0,    0,    0,    0,    0,    0,    0, -999
20170721, 0000,  , TS, 18.3N, 140.9W,  45, 1000,   70,   40,   30,   70,    0,    0,    0,    0,    0,    0,    0,    0, -999
20170721, 0600,  , TS, 18.4N, 142.1W,  45, 1000,   70,   40,   30,   70,    0,    0,    0,    0,    0,    0,    0,    0, -999
20170721, 1200,  , TS, 18.5N, 143.2W,  40, 1002,   70,   30,   20,   70,    0,    0,    0,    0,    0,    0,    0,    0, -999
20170721, 1800,  , TS, 18.6N, 143.9W,  35, 1004,   70,   30,   20,   70,    0,    0,    0,    0,    0,    0,    0,    0, -999
20170722, 0000,  , TS, 18.7N, 144.4W,  35, 1004,   50,    0,    0,   50,    0,    0,    0,    0,    0,    0,    0,    0, -999
20170722, 0600,  , TS, 18.9N, 144.9W,  35, 1004,   50,    0,    0,   50,    0,    0,    0,    0,    0,    0,    0,    0, -999
20170722, 1200,  , TS, 19.1N, 145.9W,  35, 1005,   40,    0,    0,   40,    0,    0,    0,    0,    0,    0,    0,    0, -999
20170722, 1800,  , LO, 19.4N, 146.9W,  30, 1009,    0,    0,    0,    0,    0,    0,    0,    0,    0,    0,    0,    0, -999
20170723, 0000,  , LO, 19.9N, 147.9W,  30, 1009,    0,    0,    0,    0,    0,    0,    0,    0,    0,    0,    0,    0, -999
EP072017,               GREG,     40,
20170717, 1200,  , TD, 14.1N, 105.0W,  30, 1008,    0,    0,    0,    0,    0,    0,    0,    0,    0,    0,    0,    0, -999
20170717, 1800,  , TD, 14.1N, 105.7W,  30, 1007,    0,    0,    0,    0,    0,    0,    0,    0,    0,    0,    0,    0, -999
20170718, 0000,  , TD, 14.2N, 106.4W,  30, 1007,    0,    0,    0,    0,    0,    0,    0,    0,    0,    0,    0,    0, -999
20170718, 0600,  , TD, 14.4N, 107.1W,  30, 1007,    0,    0,    0,    0,    0,    0,    0,    0,    0,    0,    0,    0, -999
20170718, 1200,  , TS, 14.5N, 107.9W,  35, 1006,    0,    0,    0,   30,    0,    0,    0,    0,    0,    0,    0,    0, -999
20170718, 1800,  , TS, 14.5N, 108.7W,  35, 1006,    0,    0,    0,   30,    0,    0,    0,    0,    0,    0,    0,    0, -999
20170719, 0000,  , TS, 14.4N, 109.6W,  35, 1006,    0,    0,    0,   30,    0,    0,    0,    0,    0,    0,    0,    0, -999
20170719, 0600,  , TS, 14.2N, 110.5W,  35, 1006,    0,    0,    0,   30,    0,    0,    0,    0,    0,    0,    0,    0, -999
20170719, 1200,  , TS, 14.1N, 111.4W,  40, 1005,    0,    0,    0,   30,    0,    0,    0,    0,    0,    0,    0,    0, -999
20170719, 1800,  , TS, 14.0N, 112.3W,  40, 1005,   50,    0,    0,   40,    0,    0,    0,    0,    0,    0,    0,    0, -999
20170720, 0000,  , TS, 14.0N, 113.3W,  35, 1006,   50,    0,    0,   40,    0,    0,    0,    0,    0,    0,    0,    0, -999
20170720, 0600,  , TS, 14.0N, 114.3W,  35, 1006,   50,    0,    0,   50,    0,    0,    0,    0,    0,    0,    0,    0, -999
20170720, 1200,  , TS, 14.0N, 115.2W,  40, 1005,   50,    0,    0,   50,    0,    0,    0,    0,    0,    0,    0,    0, -999
20170720, 1800,  , TS, 14.1N, 116.1W,  45, 1003,   50,    0,    0,   50,    0,    0,    0,    0,    0,    0,    0,    0, -999
20170721, 0000,  , TS, 14.2N, 117.0W,  50, 1000,   50,   30,   30,   50,   30,    0,    0,   30,    0,    0,    0,    0, -999
20170721, 0600,  , TS, 14.3N, 117.9W,  50, 1000,   50,   30,   30,   50,   30,    0,    0,   30,    0,    0,    0,    0, -999
20170721, 1200,  , TS, 14.5N, 119.0W,  45, 1001,   50,   30,   30,   50,    0,    0,    0,    0,    0,    0,    0,    0, -999
20170721, 1800,  , TS, 14.7N, 120.1W,  45, 1001,   50,   30,   30,   50,    0,    0,    0,    0,    0,    0,    0,    0, -999
20170722, 0000,  , TS, 14.9N, 121.2W,  45, 1001,   50,   30,   30,   50,    0,    0,    0,    0,    0,    0,    0,    0, -999
20170722, 0600,  , TS, 15.0N, 122.3W,  45, 1001,   50,   30,   30,   50,    0,    0,    0,    0,    0,    0,    0,    0, -999
20170722, 1200,  , TS, 15.0N, 123.5W,  45, 1001,   50,   30,   30,   50,    0,    0,    0,    0,    0,    0,    0,    0, -999
20170722, 1800,  , TS, 14.9N, 124.7W,  45, 1001,   50,   30,   30,   50,    0,    0,    0,    0,    0,    0,    0,    0, -999
20170723, 0000,  , TS, 14.7N, 125.9W,  45, 1001,   50,   30,   30,   50,    0,    0,    0,    0,    0,    0,    0,    0, -999
20170723, 0600,  , TS, 14.4N, 127.2W,  45, 1001,   50,   30,   30,   50,    0,    0,    0,    0,    0,    0,    0,    0, -999
20170723, 1200,  , TS, 14.3N, 128.4W,  45, 1001,   60,   30,   30,   70,    0,    0,    0,    0,    0,    0,    0,    0, -999
20170723, 1800,  , TS, 14.3N, 129.6W,  45, 1001,   70,   30,   30,   90,    0,    0,    0,    0,    0,    0,    0,    0, -999
20170724, 0000,  , TS, 14.3N, 130.7W,  45, 1001,   70,   30,   30,   90,    0,    0,    0,    0,    0,    0,    0,    0, -999
20170724, 0600,  , TS, 14.3N, 131.8W,  40, 1003,    0,    0,    0,   70,    0,    0,    0,    0,    0,    0,    0,    0, -999
20170724, 1200,  , TS, 14.3N, 132.8W,  40, 1003,    0,    0,    0,   70,    0,    0,    0,    0,    0,    0,    0,    0, -999
20170724, 1800,  , TS, 14.4N, 133.8W,  40, 1003,    0,    0,    0,   60,    0,    0,    0,    0,    0,    0,    0,    0, -999
20170725, 0000,  , TS, 14.6N, 134.8W,  40, 1003,    0,    0,    0,   60,    0,    0,    0,    0,    0,    0,    0,    0, -999
20170725, 0600,  , TS, 14.9N, 135.8W,  40, 1003,    0,    0,    0,   60,    0,    0,    0,    0,    0,    0,    0,    0, -999
20170725, 1200,  , TS, 15.3N, 136.7W,  35, 1005,    0,    0,    0,   60,    0,    0,    0,    0,    0,    0,    0,    0, -999
20170725, 1800,  , TS, 15.9N, 137.6W,  35, 1005,    0,    0,    0,   60,    0,    0,    0,    0,    0,    0,    0,    0, -999
20170726, 0000,  , TD, 16.8N, 138.3W,  30, 1006,    0,    0,    0,    0,    0,    0,    0,    0,    0,    0,    0,    0, -999
20170726, 0600,  , TD, 17.5N, 139.3W,  30, 1007,    0,    0,    0,    0,    0,    0,    0,    0,    0,    0,    0,    0, -999
20170726, 1200,  , TD, 18.0N, 140.5W,  25, 1008,    0,    0,    0,    0,    0,    0,    0,    0,    0,    0,    0,    0, -999
20170726, 1800,  , LO, 18.3N, 141.6W,  25, 1008,    0,    0,    0,    0,    0,    0,    0,    0,    0,    0,    0,    0, -999
20170727, 0000,  , LO, 18.1N, 142.6W,  25, 1009,    0,    0,    0,    0,    0,    0,    0,    0,    0,    0,    0,    0, -999
20170727, 0600,  , LO, 17.7N, 143.6W,  25, 1009,    0,    0,    0,    0,    0,    0,    0,    0,    0,    0,    0,    0, -999
EP082017,              EIGHT,     18,
20170716, 1800,  , LO, 12.5N, 114.9W,  25, 1010,    0,    0,    0,    0,    0,    0,    0,    0,    0,    0,    0,    0, -999
20170717, 0000,  , LO, 12.8N, 115.4W,  25, 1010,    0,    0,    0,    0,    0,    0,    0,    0,    0,    0,    0,    0, -999
20170717, 0600,  , TD, 13.1N, 115.9W,  25, 1009,    0,    0,    0,    0,    0,    0,    0,    0,    0,    0,    0,    0, -999
20170717, 1200,  , TD, 13.4N, 116.3W,  25, 1008,    0,    0,    0,    0,    0,    0,    0,    0,    0,    0,    0,    0, -999
20170717, 1800,  , TD, 13.7N, 116.8W,  30, 1007,    0,    0,    0,    0,    0,    0,    0,    0,    0,    0,    0,    0, -999
20170718, 0000,  , TD, 14.1N, 117.4W,  30, 1007,    0,    0,    0,    0,    0,    0,    0,    0,    0,    0,    0,    0, -999
20170718, 0600,  , TD, 14.5N, 118.0W,  30, 1007,    0,    0,    0,    0,    0,    0,    0,    0,    0,    0,    0,    0, -999
20170718, 1200,  , TD, 14.8N, 118.6W,  30, 1007,    0,    0,    0,    0,    0,    0,    0,    0,    0,    0,    0,    0, -999
20170718, 1800,  , TD, 14.9N, 119.2W,  30, 1007,    0,    0,    0,    0,    0,    0,    0,    0,    0,    0,    0,    0, -999
20170719, 0000,  , TD, 14.9N, 119.9W,  30, 1007,    0,    0,    0,    0,    0,    0,    0,    0,    0,    0,    0,    0, -999
20170719, 0600,  , TD, 14.7N, 120.5W,  30, 1007,    0,    0,    0,    0,    0,    0,    0,    0,    0,    0,    0,    0, -999
20170719, 1200,  , TD, 14.5N, 121.0W,  25, 1008,    0,    0,    0,    0,    0,    0,    0,    0,    0,    0,    0,    0, -999
20170719, 1800,  , TD, 14.3N, 121.5W,  25, 1009,    0,    0,    0,    0,    0,    0,    0,    0,    0,    0,    0,    0, -999
20170720, 0000,  , TD, 14.1N, 122.0W,  25, 1009,    0,    0,    0,    0,    0,    0,    0,    0,    0,    0,    0,    0, -999
20170720, 0600,  , LO, 13.9N, 122.5W,  25, 1009,    0,    0,    0,    0,    0,    0,    0,    0,    0,    0,    0,    0, -999
20170720, 1200,  , LO, 13.7N, 123.0W,  25, 1009,    0,    0,    0,    0,    0,    0,    0,    0,    0,    0,    0,    0, -999
20170720, 1800,  , LO, 13.4N, 123.7W,  25, 1009,    0,    0,    0,    0,    0,    0,    0,    0,    0,    0,    0,    0, -999
20170721, 0000,  , LO, 12.9N, 124.5W,  25, 1009,    0,    0,    0,    0,    0,    0,    0,    0,    0,    0,    0,    0, -999
EP092017,             HILARY,     47,
20170720, 1200,  , LO,  7.8N,  85.9W,  20, 1010,    0,    0,    0,    0,    0,    0,    0,    0,    0,    0,    0,    0, -999
20170720, 1800,  , LO,  8.0N,  87.5W,  20, 1010,    0,    0,    0,    0,    0,    0,    0,    0,    0,    0,    0,    0, -999
20170721, 0000,  , LO,  8.3N,  89.1W,  20, 1009,    0,    0,    0,    0,    0,    0,    0,    0,    0,    0,    0,    0, -999
20170721, 0600,  , LO,  8.5N,  90.7W,  25, 1009,    0,    0,    0,    0,    0,    0,    0,    0,    0,    0,    0,    0, -999
20170721, 1200,  , TD,  8.8N,  92.3W,  30, 1008,    0,    0,    0,    0,    0,    0,    0,    0,    0,    0,    0,    0, -999
20170721, 1800,  , TD,  9.0N,  93.9W,  30, 1007,    0,    0,    0,    0,    0,    0,    0,    0,    0,    0,    0,    0, -999
20170722, 0000,  , TD,  9.2N,  95.4W,  30, 1006,    0,    0,    0,    0,    0,    0,    0,    0,    0,    0,    0,    0, -999
20170722, 0600,  , TD,  9.6N,  96.9W,  30, 1006,    0,    0,    0,    0,    0,    0,    0,    0,    0,    0,    0,    0, -999
20170722, 1200,  , TS, 10.0N,  98.3W,  35, 1005,   40,    0,    0,   30,    0,    0,    0,    0,    0,    0,    0,    0, -999
20170722, 1800,  , TS, 10.7N,  99.4W,  35, 1005,   40,    0,    0,   30,    0,    0,    0,    0,    0,    0,    0,    0, -999
20170723, 0000,  , TS, 11.6N, 100.1W,  35, 1005,   40,    0,    0,   30,    0,    0,    0,    0,    0,    0,    0,    0, -999
20170723, 0600,  , TS, 12.2N, 101.0W,  35, 1004,   40,   20,    0,   40,    0,    0,    0,    0,    0,    0,    0,    0, -999
20170723, 1200,  , TS, 12.6N, 101.7W,  40, 1003,   40,   20,    0,   40,    0,    0,    0,    0,    0,    0,    0,    0, -999
20170723, 1800,  , TS, 13.0N, 102.4W,  45, 1001,   50,   30,    0,   50,    0,    0,    0,    0,    0,    0,    0,    0, -999
20170724, 0000,  , TS, 13.4N, 103.0W,  55,  998,   50,   40,   20,   50,   20,   20,    0,   20,    0,    0,    0,    0, -999
20170724, 0600,  , HU, 13.7N, 103.5W,  65,  992,   60,   40,   20,   60,   20,   20,   10,   20,   10,    0,    0,   10, -999
20170724, 1200,  , HU, 14.0N, 104.0W,  70,  989,   60,   40,   30,   60,   30,   20,   10,   30,   10,    0,    0,   10, -999
20170724, 1800,  , HU, 14.4N, 104.6W,  75,  985,   60,   40,   30,   60,   20,   20,   10,   20,   10,   10,    0,   10, -999
20170725, 0000,  , HU, 14.8N, 105.4W,  80,  981,   60,   50,   40,   60,   30,   20,   20,   30,   10,   10,    5,   10, -999
20170725, 0600,  , HU, 15.0N, 106.3W,  85,  976,   70,   60,   40,   60,   30,   20,   20,   30,   15,   10,   10,   15, -999
20170725, 1200,  , HU, 15.2N, 107.3W,  90,  974,   70,   60,   40,   60,   30,   30,   20,   30,   15,   15,   10,   15, -999
20170725, 1800,  , HU, 15.5N, 108.3W,  90,  973,   80,   50,   50,   70,   30,   30,   20,   30,   15,   10,   10,   15, -999
20170726, 0000,  , HU, 15.9N, 109.3W,  95,  969,   80,   50,   50,   70,   30,   30,   20,   30,   20,   10,   10,   20, -999
20170726, 0600,  , HU, 16.1N, 110.4W,  90,  972,   80,   50,   50,   70,   30,   30,   20,   30,   20,   10,   10,   20, -999
20170726, 1200,  , HU, 16.4N, 111.6W,  90,  972,   80,   50,   50,   70,   30,   30,   20,   30,   20,   10,   10,   20, -999
20170726, 1800,  , HU, 16.6N, 112.6W,  85,  974,   90,   80,   60,   80,   50,   40,   20,   40,   20,   15,   10,   20, -999
20170727, 0000,  , HU, 16.8N, 113.6W,  85,  976,   90,   80,   60,   80,   50,   40,   20,   40,   20,   15,   10,   20, -999
20170727, 0600,  , HU, 17.1N, 114.6W,  80,  977,   90,   80,   50,   80,   50,   40,   20,   40,   20,   15,    0,   15, -999
20170727, 1200,  , HU, 17.4N, 115.4W,  70,  986,   90,   80,   50,   80,   50,   40,   20,   40,   15,   15,    0,   15, -999
20170727, 1800,  , HU, 17.7N, 116.2W,  65,  988,   90,   80,   60,   80,   50,   40,   20,   40,   15,   15,    0,   15, -999
20170728, 0000,  , TS, 18.1N, 116.9W,  60,  990,   90,   80,   60,   80,   50,   40,   20,   40,    0,    0,    0,    0, -999
20170728, 0600,  , TS, 18.5N, 117.5W,  60,  992,   90,   80,   60,   80,   50,   40,   20,   30,    0,    0,    0,    0, -999
20170728, 1200,  , TS, 18.9N, 118.0W,  55,  994,   90,   80,   60,   80,   50,   40,    0,   30,    0,    0,    0,    0, -999
20170728, 1800,  , TS, 19.4N, 118.6W,  55,  995,   90,   80,   60,   80,   40,   30,    0,   30,    0,    0,    0,    0, -999
20170729, 0000,  , TS, 20.0N, 119.5W,  55,  995,   80,   70,   50,   80,   40,   30,    0,   30,    0,    0,    0,    0, -999
20170729, 0600,  , TS, 20.5N, 120.4W,  55,  996,   80,   70,   40,   70,   40,    0,    0,   30,    0,    0,    0,    0, -999
20170729, 1200,  , TS, 21.1N, 121.2W,  55,  996,   70,   60,   40,   60,   30,    0,    0,   30,    0,    0,    0,    0, -999
20170729, 1800,  , TS, 21.8N, 122.0W,  50,  998,   70,   50,   30,   60,   30,    0,    0,   30,    0,    0,    0,    0, -999
20170730, 0000,  , TS, 22.5N, 123.0W,  50,  999,   70,   50,   30,   60,   30,    0,    0,   30,    0,    0,    0,    0, -999
20170730, 0600,  , TS, 23.2N, 124.1W,  50, 1000,   60,   40,   30,   50,   30,    0,    0,   30,    0,    0,    0,    0, -999
20170730, 1200,  , TS, 24.0N, 125.3W,  50, 1002,   60,   40,   30,   60,   30,    0,    0,   30,    0,    0,    0,    0, -999
20170730, 1800,  , TS, 24.7N, 126.6W,  45, 1003,   50,   40,    0,   40,    0,    0,    0,    0,    0,    0,    0,    0, -999
20170731, 0000,  , LO, 25.3N, 127.9W,  35, 1006,   40,    0,    0,   40,    0,    0,    0,    0,    0,    0,    0,    0, -999
20170731, 0600,  , LO, 26.0N, 129.0W,  30, 1008,    0,    0,    0,    0,    0,    0,    0,    0,    0,    0,    0,    0, -999
20170731, 1200,  , LO, 26.7N, 130.0W,  25, 1009,    0,    0,    0,    0,    0,    0,    0,    0,    0,    0,    0,    0, -999
20170731, 1800,  , LO, 27.2N, 131.1W,  25, 1010,    0,    0,    0,    0,    0,    0,    0,    0,    0,    0,    0,    0, -999
20170801, 0000,  , LO, 27.6N, 132.1W,  25, 1010,    0,    0,    0,    0,    0,    0,    0,    0,    0,    0,    0,    0, -999
EP102017,              IRWIN,     50,
20170722, 0600,  , TD, 14.1N, 111.7W,  30, 1006,    0,    0,    0,    0,    0,    0,    0,    0,    0,    0,    0,    0, -999
20170722, 1200,  , TD, 14.3N, 112.4W,  30, 1006,    0,    0,    0,    0,    0,    0,    0,    0,    0,    0,    0,    0, -999
20170722, 1800,  , TD, 14.5N, 113.2W,  30, 1006,    0,    0,    0,    0,    0,    0,    0,    0,    0,    0,    0,    0, -999
20170723, 0000,  , TD, 14.6N, 114.0W,  30, 1006,    0,    0,    0,    0,    0,    0,    0,    0,    0,    0,    0,    0, -999
20170723, 0600,  , TS, 14.7N, 114.8W,  35, 1005,   30,    0,    0,    0,    0,    0,    0,    0,    0,    0,    0,    0, -999
20170723, 1200,  , TS, 14.8N, 115.5W,  35, 1004,   50,    0,    0,    0,    0,    0,    0,    0,    0,    0,    0,    0, -999
20170723, 1800,  , TS, 14.8N, 116.2W,  40, 1003,   70,    0,    0,   50,    0,    0,    0,    0,    0,    0,    0,    0, -999
20170724, 0000,  , TS, 14.8N, 116.7W,  45, 1001,   70,   30,   20,   50,    0,    0,    0,    0,    0,    0,    0,    0, -999
20170724, 0600,  , TS, 14.8N, 117.0W,  50,  999,   70,   30,   20,   50,   20,    0,    0,    0,    0,    0,    0,    0, -999
20170724, 1200,  , TS, 14.9N, 117.3W,  55,  996,   70,   30,   20,   50,   20,    0,    0,    0,    0,    0,    0,    0, -999
20170724, 1800,  , TS, 15.0N, 117.6W,  60,  993,   70,   40,   30,   50,   20,    0,    0,   20,    0,    0,    0,    0, -999
20170725, 0000,  , HU, 15.2N, 118.1W,  65,  990,   70,   40,   30,   50,   30,   20,    0,   30,   15,    0,    0,   15, -999
20170725, 0600,  , HU, 15.4N, 118.6W,  70,  986,   70,   40,   30,   50,   30,   20,    0,   30,   15,    0,    0,   15, -999
20170725, 1200,  , HU, 15.6N, 119.2W,  75,  983,   70,   40,   30,   60,   30,   20,   10,   30,   15,    0,    0,   15, -999
20170725, 1800,  , HU, 15.8N, 119.8W,  80,  979,   70,   40,   30,   60,   30,   20,   10,   30,   15,   10,    0,   15, -999
20170726, 0000,  , HU, 15.9N, 120.5W,  80,  979,   70,   40,   30,   60,   30,   20,   10,   30,   15,   10,    0,   15, -999
20170726, 0600,  , HU, 15.8N, 121.2W,  70,  987,   70,   30,   30,   70,   30,   20,   20,   30,   15,   10,    0,   15, -999
20170726, 1200,  , TS, 15.6N, 121.8W,  55,  994,   80,   30,   40,   70,   20,   20,   20,   30,    0,    0,    0,    0, -999
20170726, 1800,  , TS, 15.3N, 122.5W,  50,  999,   80,   30,   50,   70,    0,    0,   30,   30,    0,    0,    0,    0, -999
20170727, 0000,  , TS, 15.0N, 123.0W,  50,  999,   70,   40,   50,   70,    0,    0,   30,   30,    0,    0,    0,    0, -999
20170727, 0600,  , TS, 14.9N, 123.5W,  50,  999,   70,   50,   40,   70,    0,    0,   20,   20,    0,    0,    0,    0, -999
20170727, 1200,  , TS, 14.9N, 123.9W,  50,  999,   70,   50,   40,   70,    0,    0,   20,   20,    0,    0,    0,    0, -999
20170727, 1800,  , TS, 14.9N, 124.2W,  50,  999,   70,   50,   30,   60,   20,   20,    0,    0,    0,    0,    0,    0, -999
20170728, 0000,  , TS, 14.9N, 124.4W,  50,  999,   60,   50,   30,   50,   20,   20,    0,    0,    0,    0,    0,    0, -999
20170728, 0600,  , TS, 14.9N, 124.6W,  50,  998,   60,   60,    0,    0,   20,   20,    0,    0,    0,    0,    0,    0, -999
20170728, 1200,  , TS, 14.8N, 124.7W,  50,  998,   60,   60,    0,    0,   20,   20,    0,    0,    0,    0,    0,    0, -999
20170728, 1800,  , TS, 14.7N, 124.7W,  50,  998,   60,   60,   30,    0,   20,   20,    0,    0,    0,    0,    0,    0, -999
20170729, 0000,  , TS, 14.7N, 124.6W,  50,  998,   50,   60,   30,    0,   20,   20,    0,    0,    0,    0,    0,    0, -999
20170729, 0600,  , TS, 14.8N, 124.5W,  50,  998,   50,   60,   30,    0,   20,   20,    0,    0,    0,    0,    0,    0, -999
20170729, 1200,  , TS, 15.0N, 124.4W,  50,  998,   50,   60,   30,    0,   20,   20,    0,    0,    0,    0,    0,    0, -999
20170729, 1800,  , TS, 15.4N, 124.4W,  50,  998,   50,   60,   30,   30,   20,   20,    0,    0,    0,    0,    0,    0, -999
20170730, 0000,  , TS, 16.0N, 124.5W,  55,  997,   50,   60,   40,   30,   30,   30,    0,    0,    0,    0,    0,    0, -999
20170730, 0600,  , TS, 16.7N, 124.7W,  55,  997,   50,   60,   40,   30,   30,   30,    0,    0,    0,    0,    0,    0, -999
20170730, 1200,  , TS, 17.4N, 124.9W,  55,  997,   50,   60,   40,   30,   30,   30,    0,    0,    0,    0,    0,    0, -999
20170730, 1800,  , TS, 18.3N, 125.4W,  55,  998,   50,   60,   40,   30,   30,   30,    0,    0,    0,    0,    0,    0, -999
20170731, 0000,  , TS, 19.2N, 126.0W,  55,  999,   50,   60,   40,   30,   30,   30,    0,    0,    0,    0,    0,    0, -999
20170731, 0600,  , TS, 20.2N, 126.5W,  50, 1000,   50,   60,   40,   30,   30,   30,    0,    0,    0,    0,    0,    0, -999
20170731, 1200,  , TS, 21.2N, 127.0W,  50, 1001,   50,   50,   40,   30,   20,   20,    0,    0,    0,    0,    0,    0, -999
20170731, 1800,  , TS, 22.2N, 127.5W,  50, 1002,   40,   40,   30,   30,   20,    0,    0,    0,    0,    0,    0,    0, -999
20170801, 0000,  , TS, 23.3N, 128.0W,  45, 1004,   40,   40,   30,   30,    0,    0,    0,    0,    0,    0,    0,    0, -999
20170801, 0600,  , TS, 24.4N, 128.5W,  45, 1006,   30,   30,    0,   30,    0,    0,    0,    0,    0,    0,    0,    0, -999
20170801, 1200,  , TS, 25.5N, 129.0W,  35, 1008,   30,   30,    0,    0,    0,    0,    0,    0,    0,    0,    0,    0, -999
20170801, 1800,  , LO, 26.4N, 129.5W,  30, 1008,    0,    0,    0,    0,    0,    0,    0,    0,    0,    0,    0,    0, -999
20170802, 0000,  , LO, 27.3N, 130.1W,  30, 1009,    0,    0,    0,    0,    0,    0,    0,    0,    0,    0,    0,    0, -999
20170802, 0600,  , LO, 27.9N, 130.8W,  30, 1009,    0,    0,    0,    0,    0,    0,    0,    0,    0,    0,    0,    0, -999
20170802, 1200,  , LO, 28.3N, 131.4W,  25, 1010,    0,    0,    0,    0,    0,    0,    0,    0,    0,    0,    0,    0, -999
20170802, 1800,  , LO, 28.4N, 131.6W,  20, 1011,    0,    0,    0,    0,    0,    0,    0,    0,    0,    0,    0,    0, -999
20170803, 0000,  , LO, 28.4N, 131.6W,  20, 1012,    0,    0,    0,    0,    0,    0,    0,    0,    0,    0,    0,    0, -999
20170803, 0600,  , LO, 28.4N, 131.6W,  15, 1013,    0,    0,    0,    0,    0,    0,    0,    0,    0,    0,    0,    0, -999
20170803, 1200,  , LO, 28.4N, 131.3W,  15, 1013,    0,    0,    0,    0,    0,    0,    0,    0,    0,    0,    0,    0, -999
EP112017,             ELEVEN,     17,
20170804, 0000,  , LO, 15.9N, 106.0W,  25, 1009,    0,    0,    0,    0,    0,    0,    0,    0,    0,    0,    0,    0, -999
20170804, 0600,  , TD, 16.5N, 107.3W,  30, 1007,    0,    0,    0,    0,    0,    0,    0,    0,    0,    0,    0,    0, -999
20170804, 1200,  , TD, 17.1N, 108.6W,  30, 1007,    0,    0,    0,    0,    0,    0,    0,    0,    0,    0,    0,    0, -999
20170804, 1800,  , TD, 17.7N, 109.8W,  30, 1006,    0,    0,    0,    0,    0,    0,    0,    0,    0,    0,    0,    0, -999
20170805, 0000,  , TD, 18.3N, 110.6W,  30, 1006,    0,    0,    0,    0,    0,    0,    0,    0,    0,    0,    0,    0, -999
20170805, 0600,  , TD, 18.9N, 111.1W,  30, 1006,    0,    0,    0,    0,    0,    0,    0,    0,    0,    0,    0,    0, -999
20170805, 1200,  , TD, 19.4N, 111.4W,  30, 1006,    0,    0,    0,    0,    0,    0,    0,    0,    0,    0,    0,    0, -999
20170805, 1800,  , LO, 20.0N, 111.6W,  25, 1008,    0,    0,    0,    0,    0,    0,    0,    0,    0,    0,    0,    0, -999
20170806, 0000,  , LO, 20.4N, 112.0W,  25, 1009,    0,    0,    0,    0,    0,    0,    0,    0,    0,    0,    0,    0, -999
20170806, 0600,  , LO, 20.6N, 112.1W,  20, 1010,    0,    0,    0,    0,    0,    0,    0,    0,    0,    0,    0,    0, -999
20170806, 1200,  , LO, 20.7N, 112.2W,  20, 1010,    0,    0,    0,    0,    0,    0,    0,    0,    0,    0,    0,    0, -999
20170806, 1800,  , LO, 20.6N, 112.3W,  20, 1010,    0,    0,    0,    0,    0,    0,    0,    0,    0,    0,    0,    0, -999
20170807, 0000,  , LO, 20.5N, 112.4W,  15, 1010,    0,    0,    0,    0,    0,    0,    0,    0,    0,    0,    0,    0, -999
20170807, 0600,  , LO, 20.4N, 112.3W,  15, 1010,    0,    0,    0,    0,    0,    0,    0,    0,    0,    0,    0,    0, -999
20170807, 1200,  , LO, 20.4N, 112.1W,  15, 1010,    0,    0,    0,    0,    0,    0,    0,    0,    0,    0,    0,    0, -999
20170807, 1800,  , LO, 20.6N, 112.0W,  15, 1010,    0,    0,    0,    0,    0,    0,    0,    0,    0,    0,    0,    0, -999
20170808, 0000,  , LO, 20.6N, 112.0W,  15, 1010,    0,    0,    0,    0,    0,    0,    0,    0,    0,    0,    0,    0, -999
EP122017,               JOVA,     23,
20170811, 1200,  , TD, 18.5N, 106.7W,  30, 1004,    0,    0,    0,    0,    0,    0,    0,    0,    0,    0,    0,    0, -999
20170811, 1800,  , TS, 18.8N, 108.0W,  35, 1003,   40,   40,    0,    0,    0,    0,    0,    0,    0,    0,    0,    0, -999
20170812, 0000,  , TS, 19.1N, 109.2W,  35, 1003,   40,   40,    0,    0,    0,    0,    0,    0,    0,    0,    0,    0, -999
20170812, 0600,  , TS, 19.6N, 110.2W,  35, 1003,   40,   40,    0,    0,    0,    0,    0,    0,    0,    0,    0,    0, -999
20170812, 1200,  , TS, 20.0N, 111.3W,  35, 1003,   40,   40,    0,    0,    0,    0,    0,    0,    0,    0,    0,    0, -999
20170812, 1800,  , TD, 20.2N, 112.4W,  30, 1004,    0,    0,    0,    0,    0,    0,    0,    0,    0,    0,    0,    0, -999
20170813, 0000,  , TD, 20.4N, 113.7W,  30, 1005,    0,    0,    0,    0,    0,    0,    0,    0,    0,    0,    0,    0, -999
20170813, 0600,  , TD, 20.4N, 115.1W,  25, 1006,    0,    0,    0,    0,    0,    0,    0,    0,    0,    0,    0,    0, -999
20170813, 1200,  , TD, 20.4N, 116.6W,  25, 1006,    0,    0,    0,    0,    0,    0,    0,    0,    0,    0,    0,    0, -999
20170813, 1800,  , LO, 20.4N, 118.0W,  25, 1006,    0,    0,    0,    0,    0,    0,    0,    0,    0,    0,    0,    0, -999
20170814, 0000,  , LO, 20.4N, 119.3W,  25, 1006,    0,    0,    0,    0,    0,    0,    0,    0,    0,    0,    0,    0, -999
20170814, 0600,  , LO, 20.4N, 120.5W,  25, 1006,    0,    0,    0,    0,    0,    0,    0,    0,    0,    0,    0,    0, -999
20170814, 1200,  , LO, 20.3N, 121.6W,  25, 1007,    0,    0,    0,    0,    0,    0,    0,    0,    0,    0,    0,    0, -999
20170814, 1800,  , LO, 20.3N, 122.7W,  25, 1007,    0,    0,    0,    0,    0,    0,    0,    0,    0,    0,    0,    0, -999
20170815, 0000,  , LO, 20.2N, 123.8W,  25, 1007,    0,    0,    0,    0,    0,    0,    0,    0,    0,    0,    0,    0, -999
20170815, 0600,  , LO, 20.0N, 125.0W,  25, 1007,    0,    0,    0,    0,    0,    0,    0,    0,    0,    0,    0,    0, -999
20170815, 1200,  , LO, 19.8N, 126.1W,  20, 1008,    0,    0,    0,    0,    0,    0,    0,    0,    0,    0,    0,    0, -999
20170815, 1800,  , LO, 19.6N, 127.3W,  20, 1008,    0,    0,    0,    0,    0,    0,    0,    0,    0,    0,    0,    0, -999
20170816, 0000,  , LO, 19.4N, 128.4W,  20, 1008,    0,    0,    0,    0,    0,    0,    0,    0,    0,    0,    0,    0, -999
20170816, 0600,  , LO, 19.2N, 129.5W,  20, 1008,    0,    0,    0,    0,    0,    0,    0,    0,    0,    0,    0,    0, -999
20170816, 1200,  , LO, 19.0N, 130.6W,  20, 1008,    0,    0,    0,    0,    0,    0,    0,    0,    0,    0,    0,    0, -999
20170816, 1800,  , LO, 18.8N, 131.7W,  20, 1008,    0,    0,    0,    0,    0,    0,    0,    0,    0,    0,    0,    0, -999
20170817, 0000,  , LO, 18.6N, 132.7W,  20, 1008,    0,    0,    0,    0,    0,    0,    0,    0,    0,    0,    0,    0, -999
EP132017,            KENNETH,     42,
20170817, 1200,  , LO, 13.2N, 111.4W,  25, 1008,    0,    0,    0,    0,    0,    0,    0,    0,    0,    0,    0,    0, -999
20170817, 1800,  , LO, 13.5N, 112.4W,  25, 1008,    0,    0,    0,    0,    0,    0,    0,    0,    0,    0,    0,    0, -999
20170818, 0000,  , LO, 13.9N, 113.4W,  25, 1007,    0,    0,    0,    0,    0,    0,    0,    0,    0,    0,    0,    0, -999
20170818, 0600,  , TD, 14.2N, 114.6W,  30, 1006,    0,    0,    0,    0,    0,    0,    0,    0,    0,    0,    0,    0, -999
20170818, 1200,  , TD, 14.5N, 115.9W,  30, 1006,    0,    0,    0,    0,    0,    0,    0,    0,    0,    0,    0,    0, -999
20170818, 1800,  , TD, 14.7N, 117.2W,  30, 1006,    0,    0,    0,    0,    0,    0,    0,    0,    0,    0,    0,    0, -999
20170819, 0000,  , TS, 14.9N, 118.5W,  35, 1005,   40,   20,    0,   30,    0,    0,    0,    0,    0,    0,    0,    0, -999
20170819, 0600,  , TS, 15.1N, 119.9W,  40, 1004,   40,   20,    0,   30,    0,    0,    0,    0,    0,    0,    0,    0, -999
20170819, 1200,  , TS, 15.3N, 121.4W,  45, 1003,   40,   20,   20,   30,    0,    0,    0,    0,    0,    0,    0,    0, -999
20170819, 1800,  , TS, 15.5N, 122.9W,  50, 1001,   50,   30,   20,   40,   30,    0,    0,    0,    0,    0,    0,    0, -999
20170820, 0000,  , TS, 15.7N, 124.3W,  55,  999,   60,   40,   20,   40,   30,    0,    0,    0,    0,    0,    0,    0, -999
20170820, 0600,  , TS, 15.9N, 125.6W,  60,  995,   70,   50,   30,   50,   30,   30,   20,   30,    0,    0,    0,    0, -999
20170820, 1200,  , HU, 16.1N, 126.8W,  65,  990,   70,   60,   40,   60,   30,   30,   20,   30,   15,    0,    0,    0, -999
20170820, 1800,  , HU, 16.3N, 127.8W,  80,  980,   80,   70,   50,   70,   40,   30,   20,   30,   20,   15,    0,   15, -999
20170821, 0000,  , HU, 16.5N, 128.8W,  95,  967,   80,   80,   50,   70,   40,   30,   30,   30,   25,   20,   15,   20, -999
20170821, 0600,  , HU, 16.9N, 129.7W, 115,  951,   90,   80,   60,   80,   50,   40,   30,   40,   25,   20,   15,   20, -999
20170821, 1200,  , HU, 17.5N, 130.5W, 115,  951,   90,   80,   60,   80,   50,   40,   30,   40,   25,   20,   15,   20, -999
20170821, 1800,  , HU, 18.1N, 131.2W, 105,  959,   90,   80,   60,   80,   50,   40,   30,   40,   25,   20,   15,   20, -999
20170822, 0000,  , HU, 18.8N, 131.8W,  95,  966,   90,   80,   60,   80,   50,   40,   30,   40,   25,   20,   15,   20, -999
20170822, 0600,  , HU, 19.5N, 132.4W,  85,  974,   90,   70,   60,   80,   50,   40,   30,   40,   25,   20,   15,   20, -999
20170822, 1200,  , HU, 20.3N, 132.9W,  75,  980,   80,   70,   60,   70,   40,   40,   30,   40,   25,   20,   15,   20, -999
20170822, 1800,  , HU, 21.2N, 133.4W,  65,  987,   80,   60,   60,   70,   40,   40,   30,   40,   20,   20,    0,   20, -999
20170823, 0000,  , TS, 22.2N, 133.8W,  60,  993,   80,   60,   50,   70,   40,   30,   30,   40,    0,    0,    0,    0, -999
20170823, 0600,  , TS, 23.2N, 134.2W,  50,  999,   70,   50,   50,   70,   30,   20,    0,   30,    0,    0,    0,    0, -999
20170823, 1200,  , LO, 24.1N, 134.8W,  40, 1002,   70,   50,   50,   70,    0,    0,    0,    0,    0,    0,    0,    0, -999
20170823, 1800,  , LO, 24.9N, 135.4W,  35, 1004,   70,   50,   50,   70,    0,    0,    0,    0,    0,    0,    0,    0, -999
20170824, 0000,  , LO, 25.6N, 136.0W,  35, 1005,   60,   50,   50,   70,    0,    0,    0,    0,    0,    0,    0,    0, -999
20170824, 0600,  , LO, 26.3N, 136.5W,  35, 1006,   60,   50,    0,   60,    0,    0,    0,    0,    0,    0,    0,    0, -999
20170824, 1200,  , LO, 27.0N, 136.7W,  35, 1006,   50,   50,    0,   60,    0,    0,    0,    0,    0,    0,    0,    0, -999
20170824, 1800,  , LO, 27.6N, 136.6W,  35, 1006,    0,    0,    0,   60,    0,    0,    0,    0,    0,    0,    0,    0, -999
20170825, 0000,  , LO, 28.0N, 136.3W,  35, 1006,    0,    0,    0,   60,    0,    0,    0,    0,    0,    0,    0,    0, -999
20170825, 0600,  , LO, 28.1N, 135.9W,  35, 1006,    0,    0,    0,   60,    0,    0,    0,    0,    0,    0,    0,    0, -999
20170825, 1200,  , LO, 28.2N, 135.5W,  35, 1006,    0,    0,    0,   60,    0,    0,    0,    0,    0,    0,    0,    0, -999
20170825, 1800,  , LO, 28.4N, 135.1W,  30, 1007,    0,    0,    0,    0,    0,    0,    0,    0,    0,    0,    0,    0, -999
20170826, 0000,  , LO, 28.7N, 134.9W,  30, 1008,    0,    0,    0,    0,    0,    0,    0,    0,    0,    0,    0,    0, -999
20170826, 0600,  , LO, 28.9N, 135.0W,  25, 1009,    0,    0,    0,    0,    0,    0,    0,    0,    0,    0,    0,    0, -999
20170826, 1200,  , LO, 29.0N, 135.2W,  25, 1010,    0,    0,    0,    0,    0,    0,    0,    0,    0,    0,    0,    0, -999
20170826, 1800,  , LO, 29.1N, 135.4W,  25, 1011,    0,    0,    0,    0,    0,    0,    0,    0,    0,    0,    0,    0, -999
20170827, 0000,  , LO, 29.2N, 135.5W,  20, 1012,    0,    0,    0,    0,    0,    0,    0,    0,    0,    0,    0,    0, -999
20170827, 0600,  , LO, 29.3N, 135.6W,  20, 1013,    0,    0,    0,    0,    0,    0,    0,    0,    0,    0,    0,    0, -999
20170827, 1200,  , LO, 29.3N, 135.7W,  15, 1015,    0,    0,    0,    0,    0,    0,    0,    0,    0,    0,    0,    0, -999
20170827, 1800,  , LO, 29.2N, 135.8W,  15, 1017,    0,    0,    0,    0,    0,    0,    0,    0,    0,    0,    0,    0, -999
EP142017,              LIDIA,     20,
20170829, 1800,  , DB, 17.0N, 107.0W,  25, 1006,    0,    0,    0,    0,    0,    0,    0,    0,    0,    0,    0,    0, -999
20170830, 0000,  , DB, 17.5N, 107.7W,  25, 1006,    0,    0,    0,    0,    0,    0,    0,    0,    0,    0,    0,    0, -999
20170830, 0600,  , DB, 18.2N, 108.2W,  25, 1005,    0,    0,    0,    0,    0,    0,    0,    0,    0,    0,    0,    0, -999
20170830, 1200,  , DB, 19.0N, 108.5W,  30, 1003,    0,    0,    0,    0,    0,    0,    0,    0,    0,    0,    0,    0, -999
20170830, 1800,  , TS, 19.8N, 108.7W,  35, 1001,  100,  100,    0,    0,    0,    0,    0,    0,    0,    0,    0,    0, -999
20170831, 0000,  , TS, 20.4N, 109.0W,  35,  998,  100,  100,    0,    0,    0,    0,    0,    0,    0,    0,    0,    0, -999
20170831, 0600,  , TS, 21.0N, 109.3W,  40,  996,  140,  120,    0,    0,    0,    0,    0,    0,    0,    0,    0,    0, -999
20170831, 1200,  , TS, 21.8N, 109.6W,  45,  994,  140,  120,    0,    0,    0,    0,    0,    0,    0,    0,    0,    0, -999
20170831, 1800,  , TS, 22.4N, 110.0W,  55,  991,  160,  130,   50,   80,   30,   30,    0,   30,    0,    0,    0,    0, -999
20170901, 0000,  , TS, 22.9N, 110.3W,  55,  986,  160,  130,   50,   60,   30,   30,    0,   30,    0,    0,    0,    0, -999
20170901, 0600,  , TS, 23.4N, 110.7W,  55,  987,  170,  130,   50,   60,   30,   30,    0,   30,    0,    0,    0,    0, -999
20170901, 1200,  , TS, 24.0N, 110.9W,  50,  990,  170,  130,   50,   60,   20,   20,    0,   20,    0,    0,    0,    0, -999
20170901, 1800,  , TS, 25.1N, 111.6W,  50,  991,  170,  130,   50,   60,   20,    0,    0,    0,    0,    0,    0,    0, -999
20170902, 0000,  , TS, 26.0N, 112.4W,  45,  993,  150,  120,   50,   60,    0,    0,    0,    0,    0,    0,    0,    0, -999
20170902, 0600,  , TS, 26.8N, 113.2W,  40,  995,  150,  120,    0,   80,    0,    0,    0,    0,    0,    0,    0,    0, -999
20170902, 1200,  , TS, 27.6N, 113.9W,  35,  997,  150,  120,    0,    0,    0,    0,    0,    0,    0,    0,    0,    0, -999
20170902, 1800,  , TS, 28.3N, 114.7W,  35, 1000,  120,  120,    0,    0,    0,    0,    0,    0,    0,    0,    0,    0, -999
20170903, 0000,  , TD, 28.9N, 115.4W,  30, 1002,    0,    0,    0,    0,    0,    0,    0,    0,    0,    0,    0,    0, -999
20170903, 0600,  , LO, 29.3N, 115.9W,  30, 1003,    0,    0,    0,    0,    0,    0,    0,    0,    0,    0,    0,    0, -999
20170903, 1200,  , LO, 29.9N, 116.9W,  30, 1003,    0,    0,    0,    0,    0,    0,    0,    0,    0,    0,    0,    0, -999
EP152017,               OTIS,     40,
20170911, 0600,  , TD, 16.4N, 108.6W,  25, 1009,    0,    0,    0,    0,    0,    0,    0,    0,    0,    0,    0,    0, -999
20170911, 1200,  , TD, 16.5N, 110.0W,  25, 1007,    0,    0,    0,    0,    0,    0,    0,    0,    0,    0,    0,    0, -999
20170911, 1800,  , TD, 16.4N, 111.5W,  25, 1006,    0,    0,    0,    0,    0,    0,    0,    0,    0,    0,    0,    0, -999
20170912, 0000,  , TD, 16.2N, 113.0W,  25, 1006,    0,    0,    0,    0,    0,    0,    0,    0,    0,    0,    0,    0, -999
20170912, 0600,  , TD, 16.0N, 114.4W,  25, 1006,    0,    0,    0,    0,    0,    0,    0,    0,    0,    0,    0,    0, -999
20170912, 1200,  , TD, 15.8N, 115.7W,  30, 1004,    0,    0,    0,    0,    0,    0,    0,    0,    0,    0,    0,    0, -999
20170912, 1800,  , TD, 15.5N, 116.9W,  30, 1004,    0,    0,    0,    0,    0,    0,    0,    0,    0,    0,    0,    0, -999
20170913, 0000,  , TS, 15.2N, 118.0W,  35, 1003,    0,    0,    0,   30,    0,    0,    0,    0,    0,    0,    0,    0, -999
20170913, 0600,  , TS, 14.9N, 119.1W,  35, 1003,    0,    0,    0,   30,    0,    0,    0,    0,    0,    0,    0,    0, -999
20170913, 1200,  , TD, 14.9N, 120.1W,  30, 1004,    0,    0,    0,    0,    0,    0,    0,    0,    0,    0,    0,    0, -999
20170913, 1800,  , TD, 15.0N, 120.9W,  30, 1004,    0,    0,    0,    0,    0,    0,    0,    0,    0,    0,    0,    0, -999
20170914, 0000,  , TD, 15.1N, 121.5W,  30, 1004,    0,    0,    0,    0,    0,    0,    0,    0,    0,    0,    0,    0, -999
20170914, 0600,  , TD, 15.2N, 122.1W,  30, 1004,    0,    0,    0,    0,    0,    0,    0,    0,    0,    0,    0,    0, -999
20170914, 1200,  , TD, 15.3N, 122.7W,  30, 1005,    0,    0,    0,    0,    0,    0,    0,    0,    0,    0,    0,    0, -999
20170914, 1800,  , TD, 15.5N, 123.3W,  30, 1005,    0,    0,    0,    0,    0,    0,    0,    0,    0,    0,    0,    0, -999
20170915, 0000,  , TD, 15.7N, 123.9W,  30, 1006,    0,    0,    0,    0,    0,    0,    0,    0,    0,    0,    0,    0, -999
20170915, 0600,  , TD, 15.9N, 124.4W,  30, 1006,    0,    0,    0,    0,    0,    0,    0,    0,    0,    0,    0,    0, -999
20170915, 1200,  , TD, 16.0N, 124.8W,  30, 1007,    0,    0,    0,    0,    0,    0,    0,    0,    0,    0,    0,    0, -999
20170915, 1800,  , TD, 16.0N, 125.2W,  30, 1007,    0,    0,    0,    0,    0,    0,    0,    0,    0,    0,    0,    0, -999
20170916, 0000,  , TD, 15.9N, 125.5W,  25, 1008,    0,    0,    0,    0,    0,    0,    0,    0,    0,    0,    0,    0, -999
20170916, 0600,  , TD, 15.8N, 125.9W,  25, 1008,    0,    0,    0,    0,    0,    0,    0,    0,    0,    0,    0,    0, -999
20170916, 1200,  , TD, 15.8N, 126.4W,  30, 1007,    0,    0,    0,    0,    0,    0,    0,    0,    0,    0,    0,    0, -999
20170916, 1800,  , TS, 15.8N, 126.8W,  35, 1006,   30,    0,    0,   30,    0,    0,    0,    0,    0,    0,    0,    0, -999
20170917, 0000,  , TS, 15.8N, 127.1W,  40, 1005,   30,   30,    0,   30,    0,    0,    0,    0,    0,    0,    0,    0, -999
20170917, 0600,  , TS, 16.0N, 127.3W,  50, 1001,   40,   40,   30,   40,   20,    0,    0,    0,    0,    0,    0,    0, -999
20170917, 1200,  , HU, 16.3N, 127.2W,  65,  991,   40,   40,   30,   40,   20,   20,    0,   20,   10,    0,    0,    0, -999
20170917, 1800,  , HU, 16.8N, 127.1W,  80,  980,   60,   60,   40,   50,   30,   30,   20,   20,   15,   10,   10,   10, -999
20170918, 0000,  , HU, 17.6N, 127.2W, 100,  965,   60,   60,   40,   50,   30,   30,   20,   20,   15,   10,   10,   10, -999
20170918, 0600,  , HU, 18.3N, 127.3W,  90,  973,   60,   60,   40,   50,   30,   30,   20,   20,   15,   10,   10,   10, -999
20170918, 1200,  , HU, 18.7N, 127.4W,  65,  991,   60,   60,   40,   50,   30,   30,    0,    0,   15,    0,    0,    0, -999
20170918, 1800,  , TS, 19.0N, 127.5W,  45, 1002,   60,   60,    0,   50,    0,    0,    0,    0,    0,    0,    0,    0, -999
20170919, 0000,  , TS, 19.1N, 127.6W,  40, 1004,   60,   60,    0,   50,    0,    0,    0,    0,    0,    0,    0,    0, -999
20170919, 0600,  , TS, 19.1N, 127.8W,  35, 1006,   60,    0,    0,   60,    0,    0,    0,    0,    0,    0,    0,    0, -999
20170919, 1200,  , LO, 19.0N, 128.3W,  30, 1007,    0,    0,    0,    0,    0,    0,    0,    0,    0,    0,    0,    0, -999
20170919, 1800,  , LO, 18.6N, 128.8W,  30, 1007,    0,    0,    0,    0,    0,    0,    0,    0,    0,    0,    0,    0, -999
20170920, 0000,  , LO, 18.1N, 129.4W,  25, 1008,    0,    0,    0,    0,    0,    0,    0,    0,    0,    0,    0,    0, -999
20170920, 0600,  , LO, 17.6N, 129.9W,  25, 1008,    0,    0,    0,    0,    0,    0,    0,    0,    0,    0,    0,    0, -999
20170920, 1200,  , LO, 17.1N, 130.5W,  25, 1008,    0,    0,    0,    0,    0,    0,    0,    0,    0,    0,    0,    0, -999
20170920, 1800,  , LO, 16.6N, 131.1W,  25, 1008,    0,    0,    0,    0,    0,    0,    0,    0,    0,    0,    0,    0, -999
20170921, 0000,  , LO, 16.1N, 131.7W,  20, 1009,    0,    0,    0,    0,    0,    0,    0,    0,    0,    0,    0,    0, -999
EP162017,                MAX,      8,
20170913, 1200,  , TD, 15.9N, 101.8W,  30, 1006,    0,    0,    0,    0,    0,    0,    0,    0,    0,    0,    0,    0, -999
20170913, 1800,  , TS, 16.0N, 101.6W,  35, 1005,   30,   30,    0,    0,    0,    0,    0,    0,    0,    0,    0,    0, -999
20170914, 0000,  , TS, 16.2N, 101.2W,  45, 1002,   30,   30,   30,   20,    0,    0,    0,    0,    0,    0,    0,    0, -999
20170914, 0600,  , TS, 16.3N, 100.8W,  60,  995,   40,   30,   30,   30,    0,   20,   20,   20,    0,    0,    0,    0, -999
20170914, 1200,  , HU, 16.4N, 100.2W,  70,  988,   40,   40,   40,   30,   20,   20,   20,   20,   10,   10,   10,    0, -999
20170914, 1800, L, HU, 16.6N,  99.2W,  80,  980,   40,   40,   40,   30,   20,   20,   20,   20,   10,   10,   10,   10, -999
20170915, 0000,  , TS, 16.8N,  98.6W,  60,  992,   40,   40,   30,   20,   20,   20,   20,    0,    0,    0,    0,    0, -999
20170915, 0600,  , TD, 17.0N,  98.2W,  25, 1005,    0,    0,    0,    0,    0,    0,    0,    0,    0,    0,    0,    0, -999
EP172017,              NORMA,     33,
20170914, 0600,  , TD, 16.4N, 109.5W,  30, 1006,    0,    0,    0,    0,    0,    0,    0,    0,    0,    0,    0,    0, -999
20170914, 1200,  , TS, 16.9N, 109.4W,  35, 1004,   40,   60,   50,    0,    0,    0,    0,    0,    0,    0,    0,    0, -999
20170914, 1800,  , TS, 17.4N, 109.3W,  40, 1003,   50,   60,   50,   30,    0,    0,    0,    0,    0,    0,    0,    0, -999
20170915, 0000,  , TS, 17.9N, 109.4W,  45, 1001,   60,   60,   50,   40,    0,    0,    0,    0,    0,    0,    0,    0, -999
20170915, 0600,  , TS, 18.3N, 109.5W,  50,  998,   60,   60,   50,   50,   30,   30,    0,    0,    0,    0,    0,    0, -999
20170915, 1200,  , TS, 18.6N, 109.7W,  55,  994,   70,   70,   60,   60,   40,   30,    0,   20,    0,    0,    0,    0, -999
20170915, 1800,  , TS, 18.8N, 110.0W,  60,  989,   80,   80,   70,   70,   50,   40,   30,   30,    0,    0,    0,    0, -999
20170916, 0000,  , HU, 18.9N, 110.1W,  65,  985,   80,   80,   70,   70,   50,   40,   30,   30,   25,   25,    0,    0, -999
20170916, 0600,  , HU, 19.0N, 110.2W,  65,  985,   80,   80,   70,   70,   50,   40,   30,   30,   25,   25,    0,    0, -999
20170916, 1200,  , TS, 19.2N, 110.2W,  60,  988,   80,   70,   60,   70,   50,   40,   30,   30,    0,    0,    0,    0, -999
20170916, 1800,  , TS, 19.5N, 110.2W,  55,  989,   80,   60,   60,   70,   40,   30,    0,    0,    0,    0,    0,    0, -999
20170917, 0000,  , TS, 19.8N, 110.2W,  50,  997,   80,   60,   60,   70,   40,   30,    0,    0,    0,    0,    0,    0, -999
20170917, 0600,  , TS, 20.2N, 110.3W,  45,  999,   80,   60,   70,   80,    0,    0,    0,    0,    0,    0,    0,    0, -999
20170917, 1200,  , TS, 20.6N, 110.5W,  45, 1001,   70,   60,   70,   80,    0,    0,    0,    0,    0,    0,    0,    0, -999
20170917, 1800,  , TS, 21.0N, 110.8W,  45, 1001,   60,   60,   60,   70,    0,    0,    0,    0,    0,    0,    0,    0, -999
20170918, 0000,  , TS, 21.1N, 111.2W,  45,  999,   60,   50,   60,   60,    0,    0,    0,    0,    0,    0,    0,    0, -999
20170918, 0600,  , TS, 21.2N, 111.6W,  45,  999,   60,   50,   60,   60,    0,    0,    0,    0,    0,    0,    0,    0, -999
20170918, 1200,  , TS, 21.3N, 112.0W,  45,  999,   60,   50,   60,   60,    0,    0,    0,    0,    0,    0,    0,    0, -999
20170918, 1800,  , TS, 21.4N, 112.5W,  40, 1002,   60,   50,   60,   60,    0,    0,    0,    0,    0,    0,    0,    0, -999
20170919, 0000,  , TS, 21.4N, 113.1W,  35, 1004,   50,   40,   50,   50,    0,    0,    0,    0,    0,    0,    0,    0, -999
20170919, 0600,  , TD, 21.4N, 113.6W,  30, 1004,    0,    0,    0,    0,    0,    0,    0,    0,    0,    0,    0,    0, -999
20170919, 1200,  , TD, 21.5N, 114.2W,  30, 1005,    0,    0,    0,    0,    0,    0,    0,    0,    0,    0,    0,    0, -999
20170919, 1800,  , TD, 21.7N, 114.8W,  30, 1005,    0,    0,    0,    0,    0,    0,    0,    0,    0,    0,    0,    0, -999
20170920, 0000,  , LO, 21.9N, 115.4W,  30, 1006,    0,    0,    0,    0,    0,    0,    0,    0,    0,    0,    0,    0, -999
20170920, 0600,  , LO, 22.0N, 116.0W,  25, 1007,    0,    0,    0,    0,    0,    0,    0,    0,    0,    0,    0,    0, -999
20170920, 1200,  , LO, 22.1N, 116.6W,  25, 1007,    0,    0,    0,    0,    0,    0,    0,    0,    0,    0,    0,    0, -999
20170920, 1800,  , LO, 22.1N, 117.2W,  25, 1007,    0,    0,    0,    0,    0,    0,    0,    0,    0,    0,    0,    0, -999
20170921, 0000,  , LO, 22.1N, 117.5W,  25, 1007,    0,    0,    0,    0,    0,    0,    0,    0,    0,    0,    0,    0, -999
20170921, 0600,  , LO, 22.4N, 117.5W,  25, 1007,    0,    0,    0,    0,    0,    0,    0,    0,    0,    0,    0,    0, -999
20170921, 1200,  , LO, 22.5N, 117.3W,  20, 1008,    0,    0,    0,    0,    0,    0,    0,    0,    0,    0,    0,    0, -999
20170921, 1800,  , LO, 22.6N, 117.0W,  20, 1008,    0,    0,    0,    0,    0,    0,    0,    0,    0,    0,    0,    0, -999
20170922, 0000,  , LO, 22.5N, 116.5W,  20, 1010,    0,    0,    0,    0,    0,    0,    0,    0,    0,    0,    0,    0, -999
20170922, 0600,  , LO, 22.3N, 116.0W,  20, 1010,    0,    0,    0,    0,    0,    0,    0,    0,    0,    0,    0,    0, -999
EP182017,              PILAR,     15,
20170922, 0000,  , LO, 16.7N, 103.3W,  25, 1007,    0,    0,    0,    0,    0,    0,    0,    0,    0,    0,    0,    0, -999
20170922, 0600,  , LO, 16.8N, 103.6W,  25, 1006,    0,    0,    0,    0,    0,    0,    0,    0,    0,    0,    0,    0, -999
20170922, 1200,  , LO, 16.9N, 103.9W,  25, 1005,    0,    0,    0,    0,    0,    0,    0,    0,    0,    0,    0,    0, -999
20170922, 1800,  , LO, 17.1N, 104.2W,  25, 1005,    0,    0,    0,    0,    0,    0,    0,    0,    0,    0,    0,    0, -999
20170923, 0000,  , LO, 17.3N, 104.4W,  25, 1005,    0,    0,    0,    0,    0,    0,    0,    0,    0,    0,    0,    0, -999
20170923, 0600,  , LO, 17.6N, 104.7W,  25, 1005,    0,    0,    0,    0,    0,    0,    0,    0,    0,    0,    0,    0, -999
20170923, 1200,  , TD, 17.9N, 105.0W,  30, 1005,    0,    0,    0,    0,    0,    0,    0,    0,    0,    0,    0,    0, -999
20170923, 1800,  , TS, 18.2N, 105.2W,  35, 1004,   30,   30,    0,    0,    0,    0,    0,    0,    0,    0,    0,    0, -999
20170924, 0000,  , TS, 18.6N, 105.4W,  35, 1003,   30,   30,    0,    0,    0,    0,    0,    0,    0,    0,    0,    0, -999
20170924, 0600,  , TS, 19.2N, 105.7W,  40, 1002,   40,   40,    0,   30,    0,    0,    0,    0,    0,    0,    0,    0, -999
20170924, 1200,  , TS, 20.0N, 106.0W,  45, 1000,   40,   40,    0,   30,    0,    0,    0,    0,    0,    0,    0,    0, -999
20170924, 1800,  , TS, 20.9N, 106.3W,  45, 1000,   40,   40,    0,   30,    0,    0,    0,    0,    0,    0,    0,    0, -999
20170925, 0000,  , TS, 21.8N, 106.6W,  40, 1002,   40,   40,    0,    0,    0,    0,    0,    0,    0,    0,    0,    0, -999
20170925, 0600,  , TS, 22.3N, 106.8W,  35, 1003,   40,    0,    0,    0,    0,    0,    0,    0,    0,    0,    0,    0, -999
20170925, 1200,  , LO, 22.6N, 107.0W,  25, 1004,    0,    0,    0,    0,    0,    0,    0,    0,    0,    0,    0,    0, -999
EP192017,              RAMON,      5,
20171003, 1800,  , TD, 13.9N,  94.9W,  25, 1005,    0,    0,    0,    0,    0,    0,    0,    0,    0,    0,    0,    0, -999
20171004, 0000,  , TD, 14.2N,  95.2W,  30, 1004,    0,    0,    0,    0,    0,    0,    0,    0,    0,    0,    0,    0, -999
20171004, 0600,  , TS, 14.6N,  95.7W,  40, 1002,    0,    0,   30,   30,    0,    0,    0,    0,    0,    0,    0,    0, -999
20171004, 1200,  , TS, 14.9N,  96.4W,  40, 1002,   30,   30,   30,   30,    0,    0,    0,    0,    0,    0,    0,    0, -999
20171004, 1800,  , TS, 15.1N,  97.3W,  35, 1004,   30,   30,   30,   30,    0,    0,    0,    0,    0,    0,    0,    0, -999
EP202017,              SELMA,      9,
20171026, 1800,  , LO, 10.3N,  88.6W,  30, 1005,    0,    0,    0,    0,    0,    0,    0,    0,    0,    0,    0,    0, -999
20171027, 0000,  , TD, 10.3N,  88.9W,  30, 1005,    0,    0,    0,    0,    0,    0,    0,    0,    0,    0,    0,    0, -999
20171027, 0600,  , TS, 10.5N,  89.2W,  35, 1004,    0,   40,    0,    0,    0,    0,    0,    0,    0,    0,    0,    0, -999
20171027, 1200,  , TS, 10.8N,  89.3W,  35, 1004,    0,   40,    0,    0,    0,    0,    0,    0,    0,    0,    0,    0, -999
20171027, 1800,  , TS, 11.3N,  89.3W,  35, 1004,   30,   40,    0,    0,    0,    0,    0,    0,    0,    0,    0,    0, -999
20171028, 0000,  , TS, 12.0N,  89.1W,  35, 1004,   30,   40,    0,    0,    0,    0,    0,    0,    0,    0,    0,    0, -999
20171028, 0600,  , TS, 12.7N,  89.0W,  35, 1004,   30,   40,    0,    0,    0,    0,    0,    0,    0,    0,    0,    0, -999
20171028, 1100, L, TS, 13.4N,  89.0W,  35, 1004,    0,   40,    0,    0,    0,    0,    0,    0,    0,    0,    0,    0, -999
20171028, 1200,  , TD, 13.5N,  89.0W,  30, 1005,    0,    0,    0,    0,    0,    0,    0,    0,    0,    0,    0,    0, -999
