EP012021,             ANDRES,     17,
20210508, 1200,  , LO, 12.7N, 105.6W,  25, 1009,    0,    0,    0,    0,    0,    0,    0,    0,    0,    0,    0,    0,   60
20210508, 1800,  , LO, 12.9N, 106.4W,  25, 1008,    0,    0,    0,    0,    0,    0,    0,    0,    0,    0,    0,    0,   60
20210509, 0000,  , LO, 13.1N, 107.0W,  25, 1007,    0,    0,    0,    0,    0,    0,    0,    0,    0,    0,    0,    0,   60
20210509, 0600,  , TD, 13.4N, 107.5W,  30, 1006,    0,    0,    0,    0,    0,    0,    0,    0,    0,    0,    0,    0,   55
20210509, 1200,  , TS, 13.7N, 107.9W,  35, 1005,   60,    0,    0,    0,    0,    0,    0,    0,    0,    0,    0,    0,   50
20210509, 1800,  , TS, 14.0N, 108.3W,  35, 1005,   60,    0,    0,    0,    0,    0,    0,    0,    0,    0,    0,    0,   50
20210510, 0000,  , TS, 14.4N, 108.7W,  35, 1005,   70,    0,    0,    0,    0,    0,    0,    0,    0,    0,    0,    0,   40
20210510, 0600,  , TS, 14.8N, 109.0W,  35, 1005,   70,    0,    0,    0,    0,    0,    0,    0,    0,    0,    0,    0,   40
20210510, 1200,  , TS, 15.3N, 109.3W,  35, 1005,   70,    0,    0,    0,    0,    0,    0,    0,    0,    0,    0,    0,   40
20210510, 1800,  , TD, 15.7N, 109.7W,  30, 1006,    0,    0,    0,    0,    0,    0,    0,    0,    0,    0,    0,    0,   40
20210511, 0000,  , TD, 15.8N, 110.1W,  25, 1007,    0,    0,    0,    0,    0,    0,    0,    0,    0,    0,    0,    0,   40
20210511, 0600,  , LO, 15.9N, 110.6W,  25, 1007,    0,    0,    0,    0,    0,    0,    0,    0,    0,    0,    0,    0,   40
20210511, 1200,  , LO, 15.9N, 111.1W,  20, 1008,    0,    0,    0,    0,    0,    0,    0,    0,    0,    0,    0,    0,   40
20210511, 1800,  , LO, 15.9N, 111.7W,  20, 1009,    0,    0,    0,    0,    0,    0,    0,    0,    0,    0,    0,    0,   40
20210512, 0000,  , LO, 15.9N, 112.4W,  20, 1009,    0,    0,    0,    0,    0,    0,    0,    0,    0,    0,    0,    0,   40
20210512, 0600,  , LO, 15.9N, 113.1W,  20, 1009,    0,    0,    0,    0,    0,    0,    0,    0,    0,    0,    0,    0,   40
20210512, 1200,  , LO, 15.7N, 114.0W,  20, 1009,    0,    0,    0,    0,    0,    0,    0,    0,    0,    0,    0,    0,   40
EP022021,             BLANCA,     25,
20210530, 1200,  , LO, 10.8N, 102.9W,  30, 1007,    0,    0,    0,    0,    0,    0,    0,    0,    0,    0,    0,    0,   70
20210530, 1800,  , TD, 11.2N, 103.7W,  30, 1007,    0,    0,    0,    0,    0,    0,    0,    0,    0,    0,    0,    0,   60
20210531, 0000,  , TD, 11.6N, 104.7W,  30, 1007,    0,    0,    0,    0,    0,    0,    0,    0,    0,    0,    0,    0,   60
20210531, 0600,  , TD, 12.0N, 106.0W,  30, 1006,    0,    0,    0,    0,    0,    0,    0,    0,    0,    0,    0,    0,   50
20210531, 1200,  , TS, 12.5N, 107.2W,  35, 1004,    0,   20,    0,   30,    0,    0,    0,    0,    0,    0,    0,    0,   25
20210531, 1800,  , TS, 13.1N, 108.2W,  40, 1002,   20,   20,    0,   30,    0,    0,    0,    0,    0,    0,    0,    0,   15
20210601, 0000,  , TS, 13.6N, 109.0W,  45, 1000,   30,   20,    0,   30,    0,    0,    0,    0,    0,    0,    0,    0,   15
20210601, 0600,  , TS, 13.9N, 109.5W,  50,  998,   40,   20,    0,   30,   20,    0,    0,    0,    0,    0,    0,    0,   20
20210601, 1200,  , TS, 14.2N, 110.0W,  50,  999,   40,   30,    0,   30,   20,    0,    0,    0,    0,    0,    0,    0,   20
20210601, 1800,  , TS, 14.6N, 110.6W,  45, 1000,   40,   30,    0,   30,    0,    0,    0,    0,    0,    0,    0,    0,   20
20210602, 0000,  , TS, 14.8N, 111.2W,  45, 1001,   40,   30,    0,   30,    0,    0,    0,    0,    0,    0,    0,    0,   20
20210602, 0600,  , TS, 15.0N, 111.7W,  40, 1002,   40,    0,    0,   30,    0,    0,    0,    0,    0,    0,    0,    0,   20
20210602, 1200,  , TS, 15.2N, 112.1W,  35, 1004,   40,    0,    0,    0,    0,    0,    0,    0,    0,    0,    0,    0,   30
20210602, 1800,  , TD, 15.4N, 112.6W,  30, 1005,    0,    0,    0,    0,    0,    0,    0,    0,    0,    0,    0,    0,   40
20210603, 0000,  , TD, 15.5N, 113.0W,  30, 1005,    0,    0,    0,    0,    0,    0,    0,    0,    0,    0,    0,    0,   40
20210603, 0600,  , TD, 15.5N, 113.3W,  30, 1005,    0,    0,    0,    0,    0,    0,    0,    0,    0,    0,    0,    0,   40
20210603, 1200,  , TD, 15.5N, 113.7W,  30, 1005,    0,    0,    0,    0,    0,    0,    0,    0,    0,    0,    0,    0,   45
20210603, 1800,  , TD, 15.5N, 114.0W,  30, 1005,    0,    0,    0,    0,    0,    0,    0,    0,    0,    0,    0,    0,   50
20210604, 0000,  , LO, 15.7N, 114.5W,  25, 1007,    0,    0,    0,    0,    0,    0,    0,    0,    0,    0,    0,    0,   50
20210604, 0600,  , LO, 16.1N, 115.1W,  25, 1007,    0,    0,    0,    0,    0,    0,    0,    0,    0,    0,    0,    0,   50
20210604, 1200,  , LO, 16.3N, 116.0W,  25, 1007,    0,    0,    0,    0,    0,    0,    0,    0,    0,    0,    0,    0,   50
20210604, 1800,  , LO, 16.3N, 116.8W,  25, 1007,    0,    0,    0,    0,    0,    0,    0,    0,    0,    0,    0,    0,   50
20210605, 0000,  , LO, 16.2N, 117.6W,  25, 1007,    0,    0,    0,    0,    0,    0,    0,    0,    0,    0,    0,    0,   50
20210605, 0600,  , LO, 16.1N, 118.3W,  20, 1008,    0,    0,    0,    0,    0,    0,    0,    0,    0,    0,    0,    0,   50
20210605, 1200,  , LO, 16.2N, 119.0W,  20, 1009,    0,    0,    0,    0,    0,    0,    0,    0,    0,    0,    0,    0,   50
EP032021,             CARLOS,     21,
20210612, 0000,  , LO, 11.2N, 120.3W,  25, 1009,    0,    0,    0,    0,    0,    0,    0,    0,    0,    0,    0,    0,   60
20210612, 0600,  , LO, 11.4N, 121.3W,  25, 1009,    0,    0,    0,    0,    0,    0,    0,    0,    0,    0,    0,    0,   40
20210612, 1200,  , TD, 11.6N, 122.3W,  30, 1008,    0,    0,    0,    0,    0,    0,    0,    0,    0,    0,    0,    0,   20
20210612, 1800,  , TS, 11.8N, 123.3W,  35, 1007,   20,    0,    0,   30,    0,    0,    0,    0,    0,    0,    0,    0,   20
20210613, 0000,  , TS, 11.9N, 124.2W,  40, 1005,   20,    0,    0,   30,    0,    0,    0,    0,    0,    0,    0,    0,   20
20210613, 0600,  , TS, 11.9N, 125.0W,  45, 1003,   20,   20,   20,   30,    0,    0,    0,    0,    0,    0,    0,    0,   15
20210613, 1200,  , TS, 11.8N, 125.7W,  45, 1003,   30,   20,   20,   30,    0,    0,    0,    0,    0,    0,    0,    0,   15
20210613, 1800,  , TS, 11.7N, 126.3W,  45, 1003,   30,   20,   20,   30,    0,    0,    0,    0,    0,    0,    0,    0,   15
20210614, 0000,  , TS, 11.6N, 126.9W,  40, 1005,   30,   20,   20,   30,    0,    0,    0,    0,    0,    0,    0,    0,   15
20210614, 0600,  , TS, 11.4N, 127.7W,  35, 1006,   20,   20,   20,   20,    0,    0,    0,    0,    0,    0,    0,    0,   20
20210614, 1200,  , TS, 11.2N, 128.6W,  35, 1006,   20,   20,   20,   20,    0,    0,    0,    0,    0,    0,    0,    0,   20
20210614, 1800,  , TD, 10.9N, 129.5W,  30, 1007,    0,    0,    0,    0,    0,    0,    0,    0,    0,    0,    0,    0,   20
20210615, 0000,  , TD, 10.5N, 130.4W,  30, 1007,    0,    0,    0,    0,    0,    0,    0,    0,    0,    0,    0,    0,   20
20210615, 0600,  , TD, 10.2N, 131.3W,  30, 1007,    0,    0,    0,    0,    0,    0,    0,    0,    0,    0,    0,    0,   25
20210615, 1200,  , TD, 10.0N, 132.2W,  30, 1007,    0,    0,    0,    0,    0,    0,    0,    0,    0,    0,    0,    0,   25
20210615, 1800,  , TD,  9.9N, 133.1W,  30, 1007,    0,    0,    0,    0,    0,    0,    0,    0,    0,    0,    0,    0,   30
20210616, 0000,  , TD,  9.6N, 133.9W,  30, 1007,    0,    0,    0,    0,    0,    0,    0,    0,    0,    0,    0,    0,   30
20210616, 0600,  , TD,  9.2N, 134.5W,  30, 1007,    0,    0,    0,    0,    0,    0,    0,    0,    0,    0,    0,    0,   30
20210616, 1200,  , LO,  8.8N, 134.9W,  25, 1008,    0,    0,    0,    0,    0,    0,    0,    0,    0,    0,    0,    0,   30
20210616, 1800,  , LO,  8.5N, 135.3W,  25, 1008,    0,    0,    0,    0,    0,    0,    0,    0,    0,    0,    0,    0,   30
20210617, 0000,  , LO,  8.4N, 135.8W,  25, 1008,    0,    0,    0,    0,    0,    0,    0,    0,    0,    0,    0,    0,   30
EP042021,            DOLORES,     11,
20210617, 1800,  , LO, 14.0N,  99.7W,  25, 1007,    0,    0,    0,    0,    0,    0,    0,    0,    0,    0,    0,    0,   80
20210618, 0000,  , LO, 14.2N, 100.4W,  30, 1005,    0,    0,    0,    0,    0,    0,    0,    0,    0,    0,    0,    0,   80
20210618, 0600,  , TD, 14.4N, 101.1W,  30, 1005,    0,    0,    0,    0,    0,    0,    0,    0,    0,    0,    0,    0,   70
20210618, 1200,  , TS, 14.7N, 101.7W,  35, 1004,  120,    0,    0,   60,    0,    0,    0,    0,    0,    0,    0,    0,   60
20210618, 1800,  , TS, 15.3N, 102.2W,  40, 1000,  140,    0,    0,   60,    0,    0,    0,    0,    0,    0,    0,    0,   60
20210619, 0000,  , TS, 16.0N, 102.6W,  45,  998,  120,    0,    0,   60,    0,    0,    0,    0,    0,    0,    0,    0,   60
20210619, 0600,  , TS, 16.8N, 103.1W,  50,  995,  100,   50,   30,   70,   50,    0,    0,    0,    0,    0,    0,    0,   50
20210619, 1200,  , TS, 17.9N, 103.5W,  60,  989,   80,   80,   50,   70,   50,   50,    0,    0,    0,    0,    0,    0,   40
20210619, 1500, L, TS, 18.6N, 103.7W,  60,  989,   80,   80,   50,   70,   50,   50,    0,    0,    0,    0,    0,    0,   40
20210619, 1800,  , TS, 19.4N, 103.9W,  50,  997,   50,   70,   60,   40,    0,   40,    0,    0,    0,    0,    0,    0,   40
20210620, 0000,  , TD, 21.4N, 104.1W,  30, 1001,    0,    0,    0,    0,    0,    0,    0,    0,    0,    0,    0,    0,   40
EP052021,            ENRIQUE,     22,
20210625, 0600,  , TS, 15.2N, 101.3W,  35, 1006,   60,   60,    0,    0,    0,    0,    0,    0,    0,    0,    0,    0,   60
20210625, 1200,  , TS, 15.5N, 102.1W,  40, 1004,   90,   60,    0,    0,    0,    0,    0,    0,    0,    0,    0,    0,   50
20210625, 1800,  , TS, 15.8N, 103.0W,  45, 1001,  120,   90,    0,    0,    0,    0,    0,    0,    0,    0,    0,    0,   40
20210626, 0000,  , TS, 16.2N, 103.8W,  55,  993,  120,   90,   30,   60,   30,   20,    0,   20,    0,    0,    0,    0,   25
20210626, 0600,  , TS, 16.5N, 104.5W,  60,  988,  120,   90,   30,   60,   40,   20,    0,   20,    0,    0,    0,    0,   25
20210626, 1200,  , HU, 16.8N, 105.1W,  70,  983,  120,   90,   30,   60,   40,   30,    0,   20,   20,    0,    0,    0,   20
20210626, 1800,  , HU, 16.9N, 105.6W,  75,  978,  120,   90,   30,   60,   40,   30,   20,   40,   20,   15,    0,   20,   20
20210627, 0000,  , HU, 17.1N, 105.9W,  75,  977,  120,   90,   30,   60,   40,   30,   20,   40,   20,   15,    0,   20,   20
20210627, 0600,  , HU, 17.5N, 105.9W,  80,  973,  110,   90,   60,  100,   40,   40,   20,   40,   20,   20,    0,   20,   20
20210627, 1200,  , HU, 18.0N, 105.8W,  80,  973,  100,   90,   90,  100,   40,   40,   20,   40,   20,   20,    0,   20,   20
20210627, 1800,  , HU, 18.7N, 105.7W,  80,  972,   90,   90,   80,   90,   40,   50,   40,   40,   20,   20,    0,   20,   20
20210628, 0000,  , HU, 19.4N, 105.9W,  80,  972,   80,   90,   80,   90,   40,   50,   40,   40,   20,   20,    0,   20,   20
20210628, 0600,  , HU, 19.8N, 106.2W,  75,  975,   80,   90,   80,   90,   40,   50,   40,   40,   20,   20,    0,   20,   20
20210628, 1200,  , HU, 20.2N, 106.6W,  70,  978,   70,   80,   70,   70,   30,   40,   40,   40,   15,   15,    0,   15,   15
20210628, 1800,  , TS, 20.5N, 107.0W,  60,  983,   70,   80,   70,   70,   30,   40,   30,   30,    0,    0,    0,    0,   15
20210629, 0000,  , TS, 20.9N, 107.3W,  50,  992,   60,   60,   60,   60,   30,   30,   20,   20,    0,    0,    0,    0,   15
20210629, 0600,  , TS, 21.5N, 107.4W,  45,  995,   60,   60,   40,   40,    0,    0,    0,    0,    0,    0,    0,    0,   15
20210629, 1200,  , TS, 22.2N, 107.5W,  40,  999,   40,   40,    0,    0,    0,    0,    0,    0,    0,    0,    0,    0,   15
20210629, 1800,  , TS, 22.9N, 108.0W,  35, 1003,   30,   30,    0,    0,    0,    0,    0,    0,    0,    0,    0,    0,   15
20210630, 0000,  , TS, 23.5N, 108.7W,  35, 1003,   30,    0,    0,    0,    0,    0,    0,    0,    0,    0,    0,    0,   15
20210630, 0600,  , TS, 24.0N, 109.3W,  35, 1003,   30,    0,    0,    0,    0,    0,    0,    0,    0,    0,    0,    0,   15
20210630, 1200,  , TD, 24.3N, 109.8W,  30, 1005,    0,    0,    0,    0,    0,    0,    0,    0,    0,    0,    0,    0,   20
EP062021,            FELICIA,     35,
20210714, 0000,  , TD, 13.5N, 110.6W,  30, 1007,    0,    0,    0,    0,    0,    0,    0,    0,    0,    0,    0,    0,   50
20210714, 0600,  , TS, 13.9N, 112.2W,  35, 1006,   30,    0,    0,   30,    0,    0,    0,    0,    0,    0,    0,    0,   25
20210714, 1200,  , TS, 14.2N, 113.5W,  45, 1004,   40,   30,    0,   40,    0,    0,    0,    0,    0,    0,    0,    0,   20
20210714, 1800,  , TS, 14.6N, 114.8W,  55,  999,   50,   40,   30,   50,   20,   20,    0,   20,    0,    0,    0,    0,   20
20210715, 0000,  , TS, 14.9N, 116.0W,  60,  997,   50,   40,   30,   50,   20,   20,    0,   20,    0,    0,    0,    0,   20
20210715, 0600,  , HU, 15.1N, 117.1W,  70,  992,   50,   40,   30,   50,   30,   20,   20,   30,   15,    0,    0,   10,   20
20210715, 1200,  , HU, 15.2N, 118.1W,  80,  984,   50,   40,   30,   50,   30,   20,   20,   30,   15,    0,    0,   10,   20
20210715, 1800,  , HU, 15.3N, 119.0W,  90,  979,   50,   40,   30,   50,   30,   20,   20,   30,   15,    0,    0,   10,   20
20210716, 0000,  , HU, 15.3N, 119.8W,  95,  971,   50,   40,   40,   50,   30,   30,   20,   30,   15,   10,   10,   15,   20
20210716, 0600,  , HU, 15.2N, 120.5W, 100,  966,   50,   40,   40,   50,   30,   30,   20,   30,   15,   10,   10,   15,   15
20210716, 1200,  , HU, 15.1N, 121.2W, 110,  959,   50,   40,   40,   50,   40,   30,   30,   40,   15,   10,   10,   15,   10
20210716, 1800,  , HU, 14.9N, 122.0W, 115,  954,   50,   40,   40,   50,   40,   30,   30,   40,   15,   10,   10,   15,   10
20210717, 0000,  , HU, 14.7N, 122.8W, 115,  953,   50,   40,   40,   50,   30,   20,   20,   30,   15,   10,   10,   15,   10
20210717, 0600,  , HU, 14.6N, 123.5W, 120,  950,   50,   40,   40,   50,   30,   20,   20,   30,   15,   10,   10,   15,   10
20210717, 1200,  , HU, 14.5N, 124.2W, 125,  945,   50,   40,   40,   50,   30,   20,   20,   30,   15,   10,   10,   15,   10
20210717, 1800,  , HU, 14.7N, 124.9W, 125,  945,   50,   40,   40,   50,   30,   20,   20,   30,   15,   10,   10,   15,   10
20210718, 0000,  , HU, 15.0N, 125.7W, 120,  948,   50,   40,   40,   50,   30,   20,   20,   30,   15,   10,   10,   15,   10
20210718, 0600,  , HU, 15.3N, 126.6W, 120,  950,   50,   40,   40,   50,   30,   20,   20,   30,   15,   10,   10,   15,   10
20210718, 1200,  , HU, 15.6N, 127.6W, 115,  954,   50,   40,   40,   50,   30,   20,   20,   30,   15,   10,   10,   15,   10
20210718, 1800,  , HU, 15.9N, 128.5W, 110,  959,   50,   40,   40,   50,   30,   20,   20,   30,   15,   10,   10,   15,   10
20210719, 0000,  , HU, 16.2N, 129.5W,  95,  971,   50,   40,   40,   50,   30,   20,   20,   30,   15,   10,   10,   15,   10
20210719, 0600,  , HU, 16.3N, 130.5W,  80,  979,   40,   30,   30,   40,   20,   20,   20,   20,   10,   10,   10,   10,   10
20210719, 1200,  , HU, 16.3N, 131.7W,  65,  990,   40,   30,   30,   40,   20,   20,   20,   20,   10,    0,    0,   10,   10
20210719, 1800,  , TS, 16.2N, 132.8W,  55, 1000,   40,   30,   20,   40,   20,    0,    0,   20,    0,    0,    0,    0,   10
20210720, 0000,  , TS, 16.1N, 134.1W,  45, 1003,   40,   30,    0,   40,    0,    0,    0,    0,    0,    0,    0,    0,   15
20210720, 0600,  , TS, 16.0N, 135.6W,  40, 1005,   30,    0,    0,   40,    0,    0,    0,    0,    0,    0,    0,    0,   15
20210720, 1200,  , TS, 15.8N, 137.1W,  35, 1006,   20,    0,    0,   30,    0,    0,    0,    0,    0,    0,    0,    0,   15
20210720, 1800,  , LO, 15.5N, 138.6W,  30, 1008,    0,    0,    0,    0,    0,    0,    0,    0,    0,    0,    0,    0,   15
20210721, 0000,  , LO, 15.1N, 140.2W,  30, 1008,    0,    0,    0,    0,    0,    0,    0,    0,    0,    0,    0,    0,   40
20210721, 0600,  , LO, 14.9N, 141.6W,  30, 1008,    0,    0,    0,    0,    0,    0,    0,    0,    0,    0,    0,    0,   35
20210721, 1200,  , LO, 14.6N, 143.0W,  30, 1009,    0,    0,    0,    0,    0,    0,    0,    0,    0,    0,    0,    0,   35
20210721, 1800,  , LO, 14.3N, 144.4W,  30, 1009,    0,    0,    0,    0,    0,    0,    0,    0,    0,    0,    0,    0,   30
20210722, 0000,  , LO, 14.0N, 145.7W,  25, 1009,    0,    0,    0,    0,    0,    0,    0,    0,    0,    0,    0,    0,   30
20210722, 0600,  , LO, 13.7N, 147.0W,  25, 1009,    0,    0,    0,    0,    0,    0,    0,    0,    0,    0,    0,    0,   30
20210722, 1200,  , LO, 13.3N, 148.2W,  20, 1010,    0,    0,    0,    0,    0,    0,    0,    0,    0,    0,    0,    0,   30
EP072021,          GUILLERMO,     17,
20210717, 0000,  , TD, 15.0N, 105.6W,  25, 1007,    0,    0,    0,    0,    0,    0,    0,    0,    0,    0,    0,    0,   80
20210717, 0600,  , TD, 15.7N, 107.0W,  30, 1006,    0,    0,    0,    0,    0,    0,    0,    0,    0,    0,    0,    0,   70
20210717, 1200,  , TS, 16.3N, 108.3W,  35, 1005,   60,    0,    0,    0,    0,    0,    0,    0,    0,    0,    0,    0,   60
20210717, 1800,  , TS, 16.8N, 109.3W,  35, 1005,   60,    0,    0,    0,    0,    0,    0,    0,    0,    0,    0,    0,   60
20210718, 0000,  , TS, 17.2N, 110.3W,  35, 1005,   60,    0,    0,    0,    0,    0,    0,    0,    0,    0,    0,    0,   60
20210718, 0600,  , TS, 17.5N, 111.2W,  40, 1003,   60,   60,    0,    0,    0,    0,    0,    0,    0,    0,    0,    0,   60
20210718, 1200,  , TS, 17.9N, 112.2W,  45, 1001,   70,   80,    0,   50,    0,    0,    0,    0,    0,    0,    0,    0,   50
20210718, 1800,  , TS, 18.3N, 113.4W,  50,  999,   80,  100,    0,   50,   40,    0,    0,    0,    0,    0,    0,    0,   40
20210719, 0000,  , TS, 18.6N, 114.6W,  45, 1001,   90,  100,    0,   50,    0,    0,    0,    0,    0,    0,    0,    0,   50
20210719, 0600,  , TS, 18.8N, 116.0W,  35, 1004,  100,  100,    0,    0,    0,    0,    0,    0,    0,    0,    0,    0,   70
20210719, 1200,  , TS, 19.0N, 117.4W,  35, 1005,  100,  100,    0,    0,    0,    0,    0,    0,    0,    0,    0,    0,   70
20210719, 1800,  , TS, 19.2N, 119.1W,  35, 1006,  100,    0,    0,   80,    0,    0,    0,    0,    0,    0,    0,    0,   70
20210720, 0000,  , LO, 19.2N, 121.0W,  30, 1007,    0,    0,    0,    0,    0,    0,    0,    0,    0,    0,    0,    0,   60
20210720, 0600,  , LO, 19.1N, 122.7W,  30, 1007,    0,    0,    0,    0,    0,    0,    0,    0,    0,    0,    0,    0,   50
20210720, 1200,  , LO, 19.0N, 124.3W,  30, 1007,    0,    0,    0,    0,    0,    0,    0,    0,    0,    0,    0,    0,   50
20210720, 1800,  , LO, 18.8N, 125.8W,  30, 1007,    0,    0,    0,    0,    0,    0,    0,    0,    0,    0,    0,    0,   40
20210721, 0000,  , LO, 18.5N, 127.2W,  30, 1007,    0,    0,    0,    0,    0,    0,    0,    0,    0,    0,    0,    0,   40
EP082021,              HILDA,     31,
20210730, 1200,  , TS, 11.9N, 111.8W,  35, 1004,   90,   90,    0,    0,    0,    0,    0,    0,    0,    0,    0,    0,   90
20210730, 1800,  , TS, 12.3N, 113.0W,  40, 1003,   90,   90,    0,    0,    0,    0,    0,    0,    0,    0,    0,    0,   60
20210731, 0000,  , TS, 12.7N, 114.1W,  45, 1002,   90,   90,    0,    0,    0,    0,    0,    0,    0,    0,    0,    0,   60
20210731, 0600,  , TS, 13.2N, 115.2W,  50, 1000,   90,   90,    0,   70,   50,    0,    0,    0,    0,    0,    0,    0,   50
20210731, 1200,  , TS, 13.6N, 116.3W,  55,  997,   90,   90,   40,   70,   50,    0,    0,    0,    0,    0,    0,    0,   50
20210731, 1800,  , HU, 14.0N, 117.4W,  65,  991,   70,   80,   50,   70,   40,   40,   30,   40,   20,    0,    0,    0,   20
20210801, 0000,  , HU, 14.2N, 118.3W,  75,  985,   70,   80,   50,   70,   40,   40,   30,   40,   20,   20,    0,   20,   20
20210801, 0600,  , HU, 14.4N, 119.0W,  75,  985,   70,   80,   50,   70,   40,   40,   30,   40,   20,   20,    0,   20,   20
20210801, 1200,  , HU, 14.5N, 119.7W,  75,  985,   70,   80,   50,   70,   40,   40,   30,   40,   20,   20,   15,   20,   20
20210801, 1800,  , HU, 14.6N, 120.4W,  75,  985,   70,   80,   50,   70,   40,   40,   30,   40,   20,   20,   15,   20,   20
20210802, 0000,  , HU, 14.8N, 121.1W,  70,  988,   70,   80,   50,   70,   40,   30,   30,   40,   20,   15,   10,   20,   20
20210802, 0600,  , HU, 15.0N, 121.7W,  70,  988,   60,   80,   50,   60,   30,   30,   30,   30,   15,   15,   10,   15,   15
20210802, 1200,  , HU, 15.3N, 122.2W,  70,  988,   60,   80,   50,   60,   30,   30,   30,   30,   15,   15,   10,   15,   15
20210802, 1800,  , HU, 15.7N, 122.7W,  70,  988,   70,   80,   50,   70,   30,   40,   30,   30,   15,   15,   10,   15,   15
20210803, 0000,  , HU, 16.2N, 123.2W,  65,  991,   70,   80,   50,   70,   30,   40,   30,   30,   10,   15,    0,   10,   15
20210803, 0600,  , TS, 16.7N, 123.7W,  60,  994,   60,   70,   50,   60,   30,   30,   20,   30,    0,    0,    0,    0,   20
20210803, 1200,  , TS, 17.2N, 124.3W,  55,  997,   60,   70,   50,   60,   30,   30,   20,   30,    0,    0,    0,    0,   20
20210803, 1800,  , TS, 17.6N, 124.8W,  50, 1000,   80,   70,   50,   60,   30,   30,    0,   30,    0,    0,    0,    0,   20
20210804, 0000,  , TS, 18.1N, 125.5W,  45, 1002,   80,   70,   50,   60,    0,    0,    0,    0,    0,    0,    0,    0,   20
20210804, 0600,  , TS, 18.5N, 126.2W,  40, 1004,   70,   70,   40,   60,    0,    0,    0,    0,    0,    0,    0,    0,   30
20210804, 1200,  , TS, 18.9N, 126.9W,  40, 1004,   60,   60,   40,   60,    0,    0,    0,    0,    0,    0,    0,    0,   30
20210804, 1800,  , TS, 19.2N, 127.6W,  40, 1004,   60,   50,    0,   40,    0,    0,    0,    0,    0,    0,    0,    0,   35
20210805, 0000,  , TS, 19.5N, 128.2W,  40, 1004,   60,   50,    0,   40,    0,    0,    0,    0,    0,    0,    0,    0,   40
20210805, 0600,  , TS, 20.0N, 128.8W,  40, 1004,   60,   50,    0,   40,    0,    0,    0,    0,    0,    0,    0,    0,   40
20210805, 1200,  , TS, 20.6N, 129.7W,  35, 1005,   40,   30,    0,   30,    0,    0,    0,    0,    0,    0,    0,    0,   35
20210805, 1800,  , TS, 21.3N, 130.7W,  35, 1005,   30,    0,    0,   30,    0,    0,    0,    0,    0,    0,    0,    0,   30
20210806, 0000,  , TD, 22.0N, 131.7W,  30, 1006,    0,    0,    0,    0,    0,    0,    0,    0,    0,    0,    0,    0,   20
20210806, 0600,  , LO, 22.5N, 132.8W,  30, 1006,    0,    0,    0,    0,    0,    0,    0,    0,    0,    0,    0,    0,   20
20210806, 1200,  , LO, 22.8N, 133.6W,  25, 1008,    0,    0,    0,    0,    0,    0,    0,    0,    0,    0,    0,    0,   20
20210806, 1800,  , LO, 22.8N, 134.3W,  25, 1008,    0,    0,    0,    0,    0,    0,    0,    0,    0,    0,    0,    0,   20
20210807, 0000,  , LO, 22.6N, 134.7W,  25, 1008,    0,    0,    0,    0,    0,    0,    0,    0,    0,    0,    0,    0,   20
EP092021,             JIMENA,     46,
20210726, 1800,  , LO, 13.2N, 114.7W,  20, 1008,    0,    0,    0,    0,    0,    0,    0,    0,    0,    0,    0,    0,   30
20210727, 0000,  , LO, 13.1N, 115.5W,  20, 1008,    0,    0,    0,    0,    0,    0,    0,    0,    0,    0,    0,    0,   30
20210727, 0600,  , LO, 13.0N, 116.1W,  20, 1008,    0,    0,    0,    0,    0,    0,    0,    0,    0,    0,    0,    0,   30
20210727, 1200,  , LO, 12.8N, 116.6W,  20, 1008,    0,    0,    0,    0,    0,    0,    0,    0,    0,    0,    0,    0,   30
20210727, 1800,  , LO, 12.5N, 117.0W,  20, 1008,    0,    0,    0,    0,    0,    0,    0,    0,    0,    0,    0,    0,   30
20210728, 0000,  , LO, 12.6N, 117.6W,  25, 1008,    0,    0,    0,    0,    0,    0,    0,    0,    0,    0,    0,    0,   40
20210728, 0600,  , LO, 12.9N, 118.2W,  25, 1008,    0,    0,    0,    0,    0,    0,    0,    0,    0,    0,    0,    0,   40
20210728, 1200,  , LO, 13.4N, 119.0W,  25, 1008,    0,    0,    0,    0,    0,    0,    0,    0,    0,    0,    0,    0,   40
20210728, 1800,  , LO, 13.7N, 119.9W,  25, 1008,    0,    0,    0,    0,    0,    0,    0,    0,    0,    0,    0,    0,   40
20210729, 0000,  , LO, 13.7N, 121.0W,  25, 1007,    0,    0,    0,    0,    0,    0,    0,    0,    0,    0,    0,    0,   40
20210729, 0600,  , LO, 13.6N, 122.0W,  30, 1007,    0,    0,    0,    0,    0,    0,    0,    0,    0,    0,    0,    0,   40
20210729, 1200,  , LO, 13.4N, 122.6W,  30, 1007,    0,    0,    0,    0,    0,    0,    0,    0,    0,    0,    0,    0,   40
20210729, 1800,  , LO, 13.2N, 123.2W,  30, 1007,    0,    0,    0,    0,    0,    0,    0,    0,    0,    0,    0,    0,   60
20210730, 0000,  , LO, 13.0N, 123.8W,  25, 1007,    0,    0,    0,    0,    0,    0,    0,    0,    0,    0,    0,    0,   70
20210730, 0600,  , LO, 12.7N, 124.4W,  25, 1007,    0,    0,    0,    0,    0,    0,    0,    0,    0,    0,    0,    0,   70
20210730, 1200,  , LO, 12.5N, 125.0W,  25, 1007,    0,    0,    0,    0,    0,    0,    0,    0,    0,    0,    0,    0,   70
20210730, 1800,  , TD, 12.4N, 125.6W,  25, 1007,    0,    0,    0,    0,    0,    0,    0,    0,    0,    0,    0,    0,   70
20210731, 0000,  , TD, 12.2N, 126.3W,  25, 1007,    0,    0,    0,    0,    0,    0,    0,    0,    0,    0,    0,    0,   70
20210731, 0600,  , TD, 12.0N, 126.9W,  25, 1008,    0,    0,    0,    0,    0,    0,    0,    0,    0,    0,    0,    0,   70
20210731, 1200,  , TD, 12.0N, 127.6W,  25, 1008,    0,    0,    0,    0,    0,    0,    0,    0,    0,    0,    0,    0,   70
20210731, 1800,  , TD, 11.5N, 128.0W,  25, 1008,    0,    0,    0,    0,    0,    0,    0,    0,    0,    0,    0,    0,   70
20210801, 0000,  , TD, 11.5N, 127.5W,  25, 1008,    0,    0,    0,    0,    0,    0,    0,    0,    0,    0,    0,    0,   70
20210801, 0600,  , DB, 11.8N, 127.0W,  25, 1008,    0,    0,    0,    0,    0,    0,    0,    0,    0,    0,    0,    0,   70
20210801, 1200,  , DB, 12.2N, 127.3W,  25, 1008,    0,    0,    0,    0,    0,    0,    0,    0,    0,    0,    0,    0,   70
20210801, 1800,  , DB, 12.2N, 128.0W,  25, 1008,    0,    0,    0,    0,    0,    0,    0,    0,    0,    0,    0,    0,   70
20210802, 0000,  , DB, 12.2N, 128.8W,  25, 1008,    0,    0,    0,    0,    0,    0,    0,    0,    0,    0,    0,    0,   70
20210802, 0600,  , DB, 12.3N, 129.5W,  25, 1008,    0,    0,    0,    0,    0,    0,    0,    0,    0,    0,    0,    0,   70
20210802, 1200,  , DB, 12.5N, 130.2W,  25, 1008,    0,    0,    0,    0,    0,    0,    0,    0,    0,    0,    0,    0,   70
20210802, 1800,  , DB, 12.7N, 131.0W,  30, 1007,    0,    0,    0,    0,    0,    0,    0,    0,    0,    0,    0,    0,   70
20210803, 0000,  , DB, 13.0N, 131.9W,  30, 1007,    0,    0,    0,    0,    0,    0,    0,    0,    0,    0,    0,    0,   70
20210803, 0600,  , DB, 13.3N, 132.6W,  30, 1007,    0,    0,    0,    0,    0,    0,    0,    0,    0,    0,    0,    0,   70
20210803, 1200,  , DB, 13.5N, 133.1W,  30, 1007,    0,    0,    0,    0,    0,    0,    0,    0,    0,    0,    0,    0,   70
20210803, 1800,  , DB, 13.6N, 133.6W,  30, 1007,    0,    0,    0,    0,    0,    0,    0,    0,    0,    0,    0,    0,   70
20210804, 0000,  , DB, 13.6N, 134.3W,  30, 1007,    0,    0,    0,    0,    0,    0,    0,    0,    0,    0,    0,    0,   70
20210804, 0600,  , DB, 13.7N, 134.8W,  30, 1007,    0,    0,    0,    0,    0,    0,    0,    0,    0,    0,    0,    0,   70
20210804, 1200,  , DB, 14.0N, 135.2W,  30, 1007,    0,    0,    0,    0,    0,    0,    0,    0,    0,    0,    0,    0,   50
20210804, 1800,  , TD, 14.4N, 135.6W,  30, 1007,    0,    0,    0,    0,    0,    0,    0,    0,    0,    0,    0,    0,   40
20210805, 0000,  , TD, 14.9N, 136.0W,  30, 1007,    0,    0,    0,    0,    0,    0,    0,    0,    0,    0,    0,    0,   40
20210805, 0600,  , TD, 15.3N, 136.4W,  30, 1006,    0,    0,    0,    0,    0,    0,    0,    0,    0,    0,    0,    0,   40
20210805, 1200,  , TS, 15.7N, 136.8W,  35, 1005,   40,    0,    0,    0,    0,    0,    0,    0,    0,    0,    0,    0,   30
20210805, 1800,  , TS, 16.2N, 137.2W,  35, 1004,   40,   20,    0,    0,    0,    0,    0,    0,    0,    0,    0,    0,   30
20210806, 0000,  , TS, 16.6N, 137.6W,  35, 1005,   30,   30,    0,    0,    0,    0,    0,    0,    0,    0,    0,    0,   30
20210806, 0600,  , TS, 17.0N, 138.2W,  35, 1006,   30,   30,    0,   30,    0,    0,    0,    0,    0,    0,    0,    0,   30
20210806, 1200,  , TS, 17.3N, 139.0W,  35, 1006,   30,   30,    0,   30,    0,    0,    0,    0,    0,    0,    0,    0,   30
20210806, 1800,  , TD, 17.6N, 139.7W,  30, 1008,    0,    0,    0,    0,    0,    0,    0,    0,    0,    0,    0,    0,   30
20210807, 0000,  , LO, 17.9N, 140.5W,  25, 1008,    0,    0,    0,    0,    0,    0,    0,    0,    0,    0,    0,    0,   30
EP102021,            IGNACIO,     15,
20210731, 1800,  , LO, 14.4N, 107.4W,  25, 1008,    0,    0,    0,    0,    0,    0,    0,    0,    0,    0,    0,    0,   90
20210801, 0000,  , LO, 15.2N, 108.1W,  25, 1008,    0,    0,    0,    0,    0,    0,    0,    0,    0,    0,    0,    0,   80
20210801, 0600,  , LO, 16.0N, 109.0W,  25, 1008,    0,    0,    0,    0,    0,    0,    0,    0,    0,    0,    0,    0,   70
20210801, 1200,  , LO, 16.5N, 110.0W,  25, 1008,    0,    0,    0,    0,    0,    0,    0,    0,    0,    0,    0,    0,   60
20210801, 1800,  , TD, 17.0N, 111.1W,  30, 1007,    0,    0,    0,    0,    0,    0,    0,    0,    0,    0,    0,    0,   50
20210802, 0000,  , TD, 17.5N, 112.2W,  30, 1006,    0,    0,    0,    0,    0,    0,    0,    0,    0,    0,    0,    0,   50
20210802, 0600,  , TD, 17.9N, 113.1W,  30, 1006,    0,    0,    0,    0,    0,    0,    0,    0,    0,    0,    0,    0,   50
20210802, 1200,  , TS, 18.2N, 113.6W,  35, 1004,   60,    0,    0,    0,    0,    0,    0,    0,    0,    0,    0,    0,   40
20210802, 1800,  , TS, 18.6N, 114.3W,  35, 1004,   60,    0,    0,    0,    0,    0,    0,    0,    0,    0,    0,    0,   40
20210803, 0000,  , TS, 19.2N, 115.3W,  35, 1005,   60,    0,    0,    0,    0,    0,    0,    0,    0,    0,    0,    0,   40
20210803, 0600,  , TD, 19.8N, 116.0W,  30, 1007,    0,    0,    0,    0,    0,    0,    0,    0,    0,    0,    0,    0,   50
20210803, 1200,  , TD, 20.2N, 116.3W,  30, 1008,    0,    0,    0,    0,    0,    0,    0,    0,    0,    0,    0,    0,   60
20210803, 1800,  , TD, 20.4N, 115.8W,  25, 1009,    0,    0,    0,    0,    0,    0,    0,    0,    0,    0,    0,    0,   60
20210804, 0000,  , LO, 20.3N, 115.2W,  25, 1009,    0,    0,    0,    0,    0,    0,    0,    0,    0,    0,    0,    0,   60
20210804, 0600,  , LO, 20.1N, 114.7W,  25, 1010,    0,    0,    0,    0,    0,    0,    0,    0,    0,    0,    0,    0,   60
EP112021,              KEVIN,     38,
20210806, 1200,  , LO, 15.0N, 101.9W,  25, 1009,    0,    0,    0,    0,    0,    0,    0,    0,    0,    0,    0,    0,   60
20210806, 1800,  , LO, 15.2N, 102.7W,  25, 1009,    0,    0,    0,    0,    0,    0,    0,    0,    0,    0,    0,    0,   50
20210807, 0000,  , LO, 15.4N, 103.5W,  25, 1009,    0,    0,    0,    0,    0,    0,    0,    0,    0,    0,    0,    0,   40
20210807, 0600,  , LO, 15.5N, 104.3W,  30, 1008,    0,    0,    0,    0,    0,    0,    0,    0,    0,    0,    0,    0,   40
20210807, 1200,  , TD, 15.6N, 105.2W,  30, 1007,    0,    0,    0,    0,    0,    0,    0,    0,    0,    0,    0,    0,   40
20210807, 1800,  , TS, 15.6N, 106.1W,  35, 1005,   40,    0,    0,   40,    0,    0,    0,    0,    0,    0,    0,    0,   40
20210808, 0000,  , TS, 15.6N, 107.0W,  40, 1003,   50,   30,    0,   40,    0,    0,    0,    0,    0,    0,    0,    0,   30
20210808, 0600,  , TS, 15.6N, 107.8W,  45, 1001,   50,   30,    0,   40,    0,    0,    0,    0,    0,    0,    0,    0,   25
20210808, 1200,  , TS, 15.7N, 108.6W,  55,  994,   50,   30,    0,   50,   20,    0,    0,   20,    0,    0,    0,    0,   20
20210808, 1800,  , TS, 15.7N, 109.4W,  50,  996,   50,   30,    0,   50,   20,    0,    0,   20,    0,    0,    0,    0,   20
20210809, 0000,  , TS, 15.9N, 110.0W,  50,  997,   40,   30,    0,   50,   20,    0,    0,    0,    0,    0,    0,    0,   25
20210809, 0600,  , TS, 16.1N, 110.6W,  45, 1001,    0,   40,   50,   30,    0,    0,    0,    0,    0,    0,    0,    0,   30
20210809, 1200,  , TS, 16.7N, 111.0W,  45, 1001,    0,   50,   60,   30,    0,    0,    0,    0,    0,    0,    0,    0,   30
20210809, 1800,  , TS, 16.9N, 111.7W,  40, 1002,    0,   60,   70,    0,    0,    0,    0,    0,    0,    0,    0,    0,   35
20210810, 0000,  , TS, 17.3N, 112.7W,  40, 1003,    0,   60,   80,    0,    0,    0,    0,    0,    0,    0,    0,    0,   40
20210810, 0600,  , TS, 17.9N, 113.5W,  40, 1003,    0,   70,   90,    0,    0,    0,    0,    0,    0,    0,    0,    0,   45
20210810, 1200,  , TS, 18.3N, 114.3W,  40, 1003,    0,   70,   90,    0,    0,    0,    0,    0,    0,    0,    0,    0,   50
20210810, 1800,  , TS, 18.7N, 114.9W,  40, 1003,    0,   80,   90,    0,    0,    0,    0,    0,    0,    0,    0,    0,   55
20210811, 0000,  , TS, 19.2N, 115.4W,  40, 1003,   70,   90,   90,    0,    0,    0,    0,    0,    0,    0,    0,    0,   60
20210811, 0600,  , TS, 19.8N, 115.8W,  40, 1003,   60,   80,   80,    0,    0,    0,    0,    0,    0,    0,    0,    0,   60
20210811, 1200,  , TS, 20.6N, 116.5W,  40, 1003,   60,   70,   70,    0,    0,    0,    0,    0,    0,    0,    0,    0,   60
20210811, 1800,  , TS, 21.1N, 117.1W,  35, 1004,   60,   70,   50,    0,    0,    0,    0,    0,    0,    0,    0,    0,   70
20210812, 0000,  , TS, 21.6N, 117.8W,  35, 1005,   70,   70,    0,    0,    0,    0,    0,    0,    0,    0,    0,    0,   70
20210812, 0600,  , TD, 22.2N, 118.8W,  30, 1007,    0,    0,    0,    0,    0,    0,    0,    0,    0,    0,    0,    0,   70
20210812, 1200,  , LO, 22.8N, 119.9W,  25, 1008,    0,    0,    0,    0,    0,    0,    0,    0,    0,    0,    0,    0,   70
20210812, 1800,  , LO, 23.2N, 121.1W,  25, 1008,    0,    0,    0,    0,    0,    0,    0,    0,    0,    0,    0,    0,   70
20210813, 0000,  , LO, 23.7N, 122.3W,  25, 1008,    0,    0,    0,    0,    0,    0,    0,    0,    0,    0,    0,    0,   70
20210813, 0600,  , LO, 24.1N, 123.4W,  25, 1008,    0,    0,    0,    0,    0,    0,    0,    0,    0,    0,    0,    0,   70
20210813, 1200,  , LO, 24.8N, 124.7W,  25, 1008,    0,    0,    0,    0,    0,    0,    0,    0,    0,    0,    0,    0,   70
20210813, 1800,  , LO, 25.5N, 125.7W,  25, 1008,    0,    0,    0,    0,    0,    0,    0,    0,    0,    0,    0,    0,   80
20210814, 0000,  , LO, 26.5N, 126.8W,  25, 1008,    0,    0,    0,    0,    0,    0,    0,    0,    0,    0,    0,    0,   80
20210814, 0600,  , LO, 27.5N, 127.7W,  20, 1009,    0,    0,    0,    0,    0,    0,    0,    0,    0,    0,    0,    0,   90
20210814, 1200,  , LO, 28.6N, 128.4W,  20, 1009,    0,    0,    0,    0,    0,    0,    0,    0,    0,    0,    0,    0,   90
20210814, 1800,  , LO, 29.5N, 128.8W,  20, 1009,    0,    0,    0,    0,    0,    0,    0,    0,    0,    0,    0,    0,   90
20210815, 0000,  , LO, 30.3N, 129.1W,  20, 1009,    0,    0,    0,    0,    0,    0,    0,    0,    0,    0,    0,    0,  100
20210815, 0600,  , LO, 30.7N, 129.1W,  15, 1010,    0,    0,    0,    0,    0,    0,    0,    0,    0,    0,    0,    0,  100
20210815, 1200,  , LO, 30.8N, 128.8W,  15, 1010,    0,    0,    0,    0,    0,    0,    0,    0,    0,    0,    0,    0,  100
20210815, 1800,  , LO, 30.8N, 128.6W,  15, 1010,    0,    0,    0,    0,    0,    0,    0,    0,    0,    0,    0,    0,  100
EP122021,              LINDA,     60,
20210809, 1200,  , LO, 12.1N,  98.2W,  30, 1008,    0,    0,    0,    0,    0,    0,    0,    0,    0,    0,    0,    0,  100
20210809, 1800,  , LO, 12.3N,  99.1W,  30, 1008,    0,    0,    0,    0,    0,    0,    0,    0,    0,    0,    0,    0,   90
20210810, 0000,  , LO, 12.5N,  99.8W,  30, 1008,    0,    0,    0,    0,    0,    0,    0,    0,    0,    0,    0,    0,   70
20210810, 0600,  , TD, 12.9N, 100.6W,  30, 1008,    0,    0,    0,    0,    0,    0,    0,    0,    0,    0,    0,    0,   50
20210810, 1200,  , TS, 13.4N, 101.5W,  35, 1006,   60,   60,    0,   30,    0,    0,    0,    0,    0,    0,    0,    0,   50
20210810, 1800,  , TS, 13.9N, 102.3W,  40, 1004,   80,   80,    0,   40,    0,    0,    0,    0,    0,    0,    0,    0,   40
20210811, 0000,  , TS, 14.1N, 103.2W,  45, 1002,   80,   80,   90,   50,    0,    0,    0,    0,    0,    0,    0,    0,   40
20210811, 0600,  , TS, 14.1N, 104.2W,  50, 1000,   80,   80,   90,   70,   20,    0,    0,   20,    0,    0,    0,    0,   40
20210811, 1200,  , TS, 13.8N, 105.1W,  55,  998,   80,   80,   90,   70,   30,    0,    0,   30,    0,    0,    0,    0,   40
20210811, 1800,  , TS, 13.7N, 105.7W,  55,  997,   80,   80,   90,   70,   30,    0,    0,   30,    0,    0,    0,    0,   30
20210812, 0000,  , TS, 13.8N, 106.2W,  55,  997,   90,   80,   90,   70,   40,   30,    0,   20,    0,    0,    0,    0,   30
20210812, 0600,  , TS, 14.1N, 106.8W,  60,  993,   90,   80,   90,   60,   40,   30,    0,    0,    0,    0,    0,    0,   20
20210812, 1200,  , HU, 14.5N, 107.4W,  65,  991,   90,   80,   90,   60,   40,   30,    0,    0,   20,    0,    0,    0,   20
20210812, 1800,  , HU, 15.0N, 108.2W,  65,  990,   90,   90,   90,   60,   40,   40,    0,   30,   20,    0,    0,    0,   20
20210813, 0000,  , HU, 15.5N, 109.2W,  70,  987,  100,  100,  100,   70,   40,   40,   20,   30,   20,   15,    0,    0,   20
20210813, 0600,  , HU, 16.0N, 110.1W,  80,  980,  100,  100,  100,   70,   40,   30,   20,   30,   20,   15,   10,   15,   15
20210813, 1200,  , HU, 16.6N, 111.2W,  90,  972,  100,  100,   80,   70,   40,   30,   30,   30,   20,   15,   10,   15,   15
20210813, 1800,  , HU, 17.2N, 112.3W, 100,  966,  100,   90,   60,   80,   50,   40,   30,   40,   25,   15,   10,   20,   15
20210814, 0000,  , HU, 17.7N, 113.3W, 105,  964,  100,   90,   60,   90,   50,   40,   30,   40,   25,   15,   10,   20,   15
20210814, 0600,  , HU, 18.2N, 114.3W, 105,  962,  100,  100,   70,  100,   50,   50,   30,   40,   25,   20,   10,   20,   15
20210814, 1200,  , HU, 18.6N, 115.5W, 115,  953,  100,  100,   70,  100,   50,   50,   30,   40,   25,   20,   10,   20,   15
20210814, 1800,  , HU, 18.9N, 116.5W, 115,  953,  100,  100,   70,  100,   50,   50,   30,   50,   25,   20,   15,   25,   15
20210815, 0000,  , HU, 19.2N, 117.7W, 110,  957,  100,   90,   70,  100,   50,   50,   30,   50,   25,   20,   15,   25,   15
20210815, 0600,  , HU, 19.2N, 118.7W, 105,  961,   90,   70,   70,   90,   50,   40,   30,   50,   25,   20,   15,   25,   15
20210815, 1200,  , HU, 19.1N, 119.7W, 100,  965,   90,   70,   70,   90,   50,   40,   30,   40,   25,   20,   15,   20,   20
20210815, 1800,  , HU, 18.9N, 120.7W,  95,  969,   90,   60,   60,   90,   50,   30,   30,   40,   25,   20,   15,   20,   20
20210816, 0000,  , HU, 18.7N, 121.6W,  95,  969,   90,   60,   60,   90,   50,   30,   30,   40,   25,   20,   15,   20,   20
20210816, 0600,  , HU, 18.3N, 122.5W,  90,  972,   80,   70,   70,   90,   40,   40,   40,   50,   25,   25,   20,   30,   20
20210816, 1200,  , HU, 18.0N, 123.3W,  90,  972,   80,   70,   70,   90,   40,   40,   40,   50,   25,   25,   20,   30,   20
20210816, 1800,  , HU, 17.8N, 124.1W,  85,  974,   90,   70,   70,   90,   40,   40,   30,   50,   25,   25,   20,   30,   25
20210817, 0000,  , HU, 17.7N, 125.0W,  80,  978,   90,   70,   70,   90,   40,   40,   30,   50,   25,   25,   20,   30,   25
20210817, 0600,  , HU, 17.6N, 126.0W,  75,  982,   80,   70,   70,   80,   40,   40,   30,   40,   25,   25,   20,   25,   25
20210817, 1200,  , HU, 17.5N, 126.9W,  80,  980,   80,   70,   70,   80,   40,   40,   30,   40,   25,   25,   20,   25,   25
20210817, 1800,  , HU, 17.6N, 127.8W,  85,  977,   80,   70,   60,   80,   40,   40,   30,   40,   25,   25,   20,   25,   25
20210818, 0000,  , HU, 17.7N, 129.0W,  90,  974,   80,   70,   60,   80,   40,   30,   30,   40,   25,   25,   20,   25,   20
20210818, 0600,  , HU, 17.9N, 130.1W,  90,  972,   80,   70,   60,   80,   40,   30,   30,   40,   25,   25,   20,   25,   20
20210818, 1200,  , HU, 18.1N, 131.3W,  95,  970,   80,   70,   60,   80,   40,   30,   30,   40,   25,   25,   20,   25,   20
20210818, 1800,  , HU, 18.5N, 132.5W,  90,  974,   80,   70,   60,   70,   40,   30,   30,   40,   25,   20,   15,   25,   20
20210819, 0000,  , HU, 19.0N, 134.0W,  80,  981,   70,   60,   50,   70,   40,   30,   30,   40,   20,   15,   10,   20,   20
20210819, 0600,  , HU, 19.4N, 135.5W,  70,  989,   70,   50,   50,   70,   30,   30,   20,   30,   15,   10,    0,   20,   20
20210819, 1200,  , TS, 19.6N, 137.0W,  55,  997,   70,   50,   50,   70,   30,   30,   20,   30,    0,    0,    0,    0,   25
20210819, 1800,  , LO, 19.6N, 138.7W,  45, 1003,   60,   40,   40,   60,    0,    0,    0,    0,    0,    0,    0,    0,   30
20210820, 0000,  , LO, 19.8N, 140.3W,  40, 1006,   60,   20,   20,   60,    0,    0,    0,    0,    0,    0,    0,    0,   40
20210820, 0600,  , LO, 19.9N, 141.8W,  40, 1006,   60,    0,    0,   60,    0,    0,    0,    0,    0,    0,    0,    0,   40
20210820, 1200,  , LO, 20.0N, 143.3W,  35, 1007,   50,    0,    0,   50,    0,    0,    0,    0,    0,    0,    0,    0,   50
20210820, 1800,  , LO, 19.9N, 144.7W,  35, 1007,   50,    0,    0,   50,    0,    0,    0,    0,    0,    0,    0,    0,   50
20210821, 0000,  , LO, 19.9N, 146.1W,  35, 1007,   50,    0,    0,   50,    0,    0,    0,    0,    0,    0,    0,    0,   50
20210821, 0600,  , LO, 19.9N, 147.3W,  35, 1007,   50,    0,    0,   50,    0,    0,    0,    0,    0,    0,    0,    0,   50
20210821, 1200,  , LO, 20.0N, 148.1W,  35, 1007,   50,    0,    0,   50,    0,    0,    0,    0,    0,    0,    0,    0,   50
20210821, 1800,  , LO, 20.3N, 148.9W,  40, 1006,   70,    0,    0,   70,    0,    0,    0,    0,    0,    0,    0,    0,   50
20210822, 0000,  , LO, 20.6N, 149.7W,  40, 1006,   70,    0,    0,   70,    0,    0,    0,    0,    0,    0,    0,    0,   50
20210822, 0600,  , LO, 20.7N, 150.7W,  35, 1007,   60,    0,    0,   60,    0,    0,    0,    0,    0,    0,    0,    0,   50
20210822, 1200,  , LO, 20.9N, 151.7W,  35, 1007,   60,    0,    0,   60,    0,    0,    0,    0,    0,    0,    0,    0,   50
20210822, 1800,  , LO, 21.0N, 152.7W,  40, 1006,   70,    0,    0,   70,    0,    0,    0,    0,    0,    0,    0,    0,   50
20210823, 0000,  , LO, 21.0N, 153.8W,  40, 1006,   70,    0,    0,   70,    0,    0,    0,    0,    0,    0,    0,    0,   50
20210823, 0600,  , LO, 21.0N, 154.8W,  40, 1006,   70,    0,    0,   70,    0,    0,    0,    0,    0,    0,    0,    0,   50
20210823, 1200,  , LO, 21.0N, 155.5W,  35, 1007,   60,    0,    0,   60,    0,    0,    0,    0,    0,    0,    0,    0,   50
20210823, 1800,  , LO, 21.2N, 156.2W,  35, 1007,   60,    0,    0,   60,    0,    0,    0,    0,    0,    0,    0,    0,   50
20210824, 0000,  , LO, 21.1N, 157.4W,  30, 1009,    0,    0,    0,    0,    0,    0,    0,    0,    0,    0,    0,    0,   40
20210824, 0600,  , LO, 20.8N, 158.7W,  25, 1011,    0,    0,    0,    0,    0,    0,    0,    0,    0,    0,    0,    0,   40
EP132021,              MARTY,     18,
20210823, 0000,  , TS, 19.6N, 108.9W,  35, 1004,   40,    0,   60,   60,    0,    0,    0,    0,    0,    0,    0,    0,   50
20210823, 0600,  , TS, 20.0N, 110.3W,  35, 1003,   40,    0,   60,   60,    0,    0,    0,    0,    0,    0,    0,    0,   40
20210823, 1200,  , TS, 20.5N, 111.8W,  40, 1002,   40,   30,   50,   50,    0,    0,    0,    0,    0,    0,    0,    0,   30
20210823, 1800,  , TS, 20.7N, 113.4W,  40, 1002,   40,   30,   40,   50,    0,    0,    0,    0,    0,    0,    0,    0,   30
20210824, 0000,  , TS, 20.7N, 115.0W,  35, 1003,   40,   30,   40,   50,    0,    0,    0,    0,    0,    0,    0,    0,   30
20210824, 0600,  , LO, 20.6N, 116.4W,  30, 1005,    0,    0,    0,    0,    0,    0,    0,    0,    0,    0,    0,    0,   30
20210824, 1200,  , LO, 20.6N, 117.5W,  30, 1006,    0,    0,    0,    0,    0,    0,    0,    0,    0,    0,    0,    0,   30
20210824, 1800,  , LO, 20.5N, 118.6W,  30, 1006,    0,    0,    0,    0,    0,    0,    0,    0,    0,    0,    0,    0,   40
20210825, 0000,  , LO, 20.5N, 119.6W,  30, 1006,    0,    0,    0,    0,    0,    0,    0,    0,    0,    0,    0,    0,   40
20210825, 0600,  , LO, 20.5N, 120.5W,  30, 1006,    0,    0,    0,    0,    0,    0,    0,    0,    0,    0,    0,    0,   40
20210825, 1200,  , LO, 20.6N, 121.4W,  25, 1007,    0,    0,    0,    0,    0,    0,    0,    0,    0,    0,    0,    0,   50
20210825, 1800,  , LO, 20.6N, 122.4W,  25, 1007,    0,    0,    0,    0,    0,    0,    0,    0,    0,    0,    0,    0,   60
20210826, 0000,  , LO, 20.7N, 123.4W,  25, 1007,    0,    0,    0,    0,    0,    0,    0,    0,    0,    0,    0,    0,   60
20210826, 0600,  , LO, 20.7N, 124.5W,  25, 1007,    0,    0,    0,    0,    0,    0,    0,    0,    0,    0,    0,    0,   60
20210826, 1200,  , LO, 20.6N, 125.6W,  25, 1008,    0,    0,    0,    0,    0,    0,    0,    0,    0,    0,    0,    0,   60
20210826, 1800,  , LO, 20.5N, 126.7W,  25, 1008,    0,    0,    0,    0,    0,    0,    0,    0,    0,    0,    0,    0,   60
20210827, 0000,  , LO, 20.2N, 127.8W,  25, 1008,    0,    0,    0,    0,    0,    0,    0,    0,    0,    0,    0,    0,   60
20210827, 0600,  , LO, 19.7N, 129.0W,  25, 1008,    0,    0,    0,    0,    0,    0,    0,    0,    0,    0,    0,    0,   90
EP142021,               NORA,     28,
20210824, 0600,  , LO, 12.2N,  95.0W,  25, 1007,    0,    0,    0,    0,    0,    0,    0,    0,    0,    0,    0,    0,  120
20210824, 1200,  , LO, 12.3N,  95.7W,  25, 1007,    0,    0,    0,    0,    0,    0,    0,    0,    0,    0,    0,    0,  120
20210824, 1800,  , LO, 12.4N,  96.5W,  30, 1006,    0,    0,    0,    0,    0,    0,    0,    0,    0,    0,    0,    0,  120
20210825, 0000,  , LO, 12.4N,  97.2W,  30, 1006,    0,    0,    0,    0,    0,    0,    0,    0,    0,    0,    0,    0,  110
20210825, 0600,  , LO, 12.3N,  97.8W,  30, 1006,    0,    0,    0,    0,    0,    0,    0,    0,    0,    0,    0,    0,  100
20210825, 1200,  , TD, 12.2N,  98.4W,  30, 1006,    0,    0,    0,    0,    0,    0,    0,    0,    0,    0,    0,    0,   90
20210825, 1800,  , TS, 12.3N,  98.9W,  35, 1004,    0,    0,    0,   90,    0,    0,    0,    0,    0,    0,    0,    0,   90
20210826, 0000,  , TS, 12.4N,  99.3W,  35, 1004,  110,   90,    0,   90,    0,    0,    0,    0,    0,    0,    0,    0,   90
20210826, 0600,  , TS, 12.5N,  99.7W,  35, 1004,  130,  100,   60,  100,    0,    0,    0,    0,    0,    0,    0,    0,   90
20210826, 1200,  , TS, 12.7N, 100.3W,  35, 1003,  160,  110,  100,  110,    0,    0,    0,    0,    0,    0,    0,    0,   80
20210826, 1800,  , TS, 13.1N, 101.0W,  35, 1003,  200,  120,  100,  120,    0,    0,    0,    0,    0,    0,    0,    0,   80
20210827, 0000,  , TS, 13.6N, 101.9W,  40, 1001,  200,  120,  100,  120,    0,    0,    0,    0,    0,    0,    0,    0,   70
20210827, 0600,  , TS, 14.3N, 102.9W,  45,  999,  200,  120,  100,  120,    0,    0,    0,    0,    0,    0,    0,    0,   60
20210827, 1200,  , TS, 14.9N, 103.9W,  50,  994,  220,  130,  120,  130,   50,   70,    0,    0,    0,    0,    0,    0,   50
20210827, 1800,  , TS, 15.3N, 104.7W,  55,  991,  240,  140,  140,  130,   50,   70,    0,    0,    0,    0,    0,    0,   40
20210828, 0000,  , TS, 16.0N, 105.0W,  55,  989,  240,  140,  150,  130,   50,   70,    0,    0,    0,    0,    0,    0,   40
20210828, 0600,  , TS, 16.8N, 105.1W,  60,  987,  180,  150,  120,  140,   50,   70,    0,   50,    0,    0,    0,    0,   30
20210828, 1200,  , HU, 17.8N, 105.2W,  70,  980,  140,  140,  100,  120,   50,   70,   30,   50,   30,   30,    0,    0,   30
20210828, 1800, L, HU, 19.1N, 105.3W,  75,  976,  120,  140,   90,   90,   50,   70,   30,   50,   30,   30,   25,    0,   30
20210828, 2100, L, HU, 19.8N, 105.3W,  75,  976,  120,  140,   90,   90,   50,   70,   30,   50,   30,   30,   25,    0,   30
20210829, 0000,  , HU, 20.6N, 105.4W,  65,  984,   90,   60,   60,   90,   30,   20,   40,   60,   20,    0,   20,   20,   20
20210829, 0600,  , TS, 21.9N, 105.7W,  60,  989,   40,   60,   60,   90,   20,   20,   40,   40,    0,    0,    0,    0,   20
20210829, 1200,  , TS, 22.7N, 106.0W,  50,  995,   40,   60,   60,   90,    0,   20,   30,   20,    0,    0,    0,    0,   20
20210829, 1600, L, TS, 23.0N, 106.2W,  45,  997,   40,   60,   60,   90,    0,    0,    0,    0,    0,    0,    0,    0,   20
20210829, 1800,  , TS, 23.2N, 106.3W,  40,  999,    0,   30,   50,   30,    0,    0,    0,    0,    0,    0,    0,    0,   20
20210830, 0000,  , TS, 23.6N, 106.7W,  35, 1002,    0,   20,   30,    0,    0,    0,    0,    0,    0,    0,    0,    0,   20
20210830, 0600,  , TD, 24.0N, 107.1W,  30, 1005,    0,    0,    0,    0,    0,    0,    0,    0,    0,    0,    0,    0,   30
20210830, 1200,  , TD, 24.3N, 107.4W,  25, 1007,    0,    0,    0,    0,    0,    0,    0,    0,    0,    0,    0,    0,   40
EP152021,               OLAF,     23,
20210906, 1800,  , LO, 17.1N, 105.8W,  25, 1009,    0,    0,    0,    0,    0,    0,    0,    0,    0,    0,    0,    0,   80
20210907, 0000,  , LO, 17.4N, 106.3W,  25, 1009,    0,    0,    0,    0,    0,    0,    0,    0,    0,    0,    0,    0,   80
20210907, 0600,  , LO, 17.6N, 106.7W,  25, 1009,    0,    0,    0,    0,    0,    0,    0,    0,    0,    0,    0,    0,   80
20210907, 1200,  , LO, 17.9N, 107.1W,  30, 1007,    0,    0,    0,    0,    0,    0,    0,    0,    0,    0,    0,    0,   80
20210907, 1800,  , TD, 18.1N, 107.2W,  30, 1007,    0,    0,    0,    0,    0,    0,    0,    0,    0,    0,    0,    0,   80
20210908, 0000,  , TD, 18.3N, 107.2W,  30, 1007,    0,    0,    0,    0,    0,    0,    0,    0,    0,    0,    0,    0,   80
20210908, 0600,  , TD, 18.5N, 107.2W,  30, 1006,    0,    0,    0,    0,    0,    0,    0,    0,    0,    0,    0,    0,   60
20210908, 1200,  , TS, 18.8N, 107.3W,  35, 1005,   40,    0,    0,    0,    0,    0,    0,    0,    0,    0,    0,    0,   40
20210908, 1800,  , TS, 19.2N, 107.5W,  40, 1002,   60,    0,    0,   60,    0,    0,    0,    0,    0,    0,    0,    0,   40
20210909, 0000,  , TS, 19.7N, 107.6W,  45, 1000,   80,   40,   30,   60,    0,    0,    0,    0,    0,    0,    0,    0,   40
20210909, 0600,  , TS, 20.2N, 107.8W,  55,  993,  100,   60,   40,   60,   40,    0,    0,    0,    0,    0,    0,    0,   30
20210909, 1200,  , HU, 20.9N, 108.1W,  65,  987,  100,   60,   40,   60,   50,   40,    0,   40,   30,    0,    0,    0,   30
20210909, 1800,  , HU, 21.8N, 108.6W,  75,  981,   90,   90,   50,   60,   40,   40,   30,   40,   30,   30,    0,   30,   25
20210910, 0000,  , HU, 22.7N, 109.3W,  85,  977,   70,   70,   60,   60,   40,   40,   30,   40,   30,   30,   15,   30,   20
20210910, 0250, L, HU, 23.0N, 109.7W,  90,  975,   70,   70,   60,   60,   40,   40,   30,   40,   30,   30,   15,   30,   20
20210910, 0600,  , HU, 23.4N, 110.2W,  75,  982,   60,   60,   70,   70,   30,   40,   40,   30,   20,   20,   20,   20,   20
20210910, 1200,  , TS, 24.0N, 111.2W,  60,  990,   50,   50,   60,   50,   20,   30,   30,   20,    0,    0,    0,    0,   20
20210910, 1800,  , TS, 24.5N, 112.2W,  45,  997,   30,   40,   40,   30,    0,    0,    0,    0,    0,    0,    0,    0,   20
20210911, 0000,  , TS, 24.7N, 113.0W,  35, 1003,   30,   30,   30,   30,    0,    0,    0,    0,    0,    0,    0,    0,   20
20210911, 0600,  , LO, 24.6N, 113.6W,  30, 1005,    0,    0,    0,    0,    0,    0,    0,    0,    0,    0,    0,    0,   30
20210911, 1200,  , LO, 24.5N, 114.1W,  30, 1006,    0,    0,    0,    0,    0,    0,    0,    0,    0,    0,    0,    0,   30
20210911, 1800,  , LO, 24.4N, 114.5W,  25, 1008,    0,    0,    0,    0,    0,    0,    0,    0,    0,    0,    0,    0,   30
20210912, 0000,  , LO, 24.3N, 114.8W,  25, 1008,    0,    0,    0,    0,    0,    0,    0,    0,    0,    0,    0,    0,   30
EP162021,             PAMELA,     16,
20211010, 0600,  , TD, 14.1N, 102.4W,  30, 1007,    0,    0,    0,    0,    0,    0,    0,    0,    0,    0,    0,    0,   40
20211010, 1200,  , TS, 14.6N, 103.8W,  35, 1006,   50,    0,    0,    0,    0,    0,    0,    0,    0,    0,    0,    0,   30
20211010, 1800,  , TS, 15.2N, 105.2W,  40, 1004,   50,    0,    0,    0,    0,    0,    0,    0,    0,    0,    0,    0,   30
20211011, 0000,  , TS, 15.7N, 106.3W,  45, 1002,   60,   60,    0,   30,    0,    0,    0,    0,    0,    0,    0,    0,   30
20211011, 0600,  , TS, 16.2N, 107.3W,  45, 1000,   60,   60,    0,   30,    0,    0,    0,    0,    0,    0,    0,    0,   25
20211011, 1200,  , TS, 16.6N, 107.9W,  50,  998,   60,   60,   30,   40,   20,   20,    0,    0,    0,    0,    0,    0,   20
20211011, 1800,  , TS, 17.0N, 108.4W,  55,  995,   60,   60,   30,   40,   20,   20,    0,    0,    0,    0,    0,    0,   20
20211012, 0000,  , TS, 17.6N, 108.8W,  60,  991,   70,   70,   40,   50,   30,   30,    0,    0,    0,    0,    0,    0,   20
20211012, 0600,  , HU, 18.6N, 109.1W,  65,  988,   80,   80,   50,   50,   40,   40,    0,    0,   20,   20,    0,    0,   15
20211012, 1200,  , HU, 19.6N, 109.3W,  65,  987,   90,   90,   50,   50,   40,   40,    0,    0,   20,   20,    0,    0,   15
20211012, 1800,  , TS, 20.6N, 109.3W,  60,  989,  100,  100,   70,   70,   40,   50,    0,    0,    0,    0,    0,    0,   25
20211013, 0000,  , TS, 21.5N, 108.9W,  60,  989,  100,  110,   70,   70,   40,   50,    0,    0,    0,    0,    0,    0,   30
20211013, 0600,  , HU, 22.3N, 108.2W,  65,  987,  110,  120,   70,   70,   50,   50,    0,    0,   30,    0,    0,    0,   30
20211013, 1200,  , HU, 23.6N, 106.8W,  65,  988,   80,  120,   70,   50,   50,   50,    0,    0,   30,    0,    0,    0,   30
20211013, 1230, L, HU, 23.7N, 106.7W,  65,  989,   80,  120,   70,   50,   50,   50,    0,    0,   30,    0,    0,    0,   30
20211013, 1800,  , TS, 25.1N, 104.8W,  40,  999,   50,   70,    0,    0,    0,    0,    0,    0,    0,    0,    0,    0,   40
EP172021,               RICK,     15,
20211022, 1200,  , TD, 12.7N, 100.3W,  30, 1007,    0,    0,    0,    0,    0,    0,    0,    0,    0,    0,    0,    0,   50
20211022, 1800,  , TS, 12.9N, 100.8W,  35, 1005,   40,   40,    0,    0,    0,    0,    0,    0,    0,    0,    0,    0,   40
20211023, 0000,  , TS, 13.2N, 101.1W,  45, 1001,   40,   40,    0,   40,    0,    0,    0,    0,    0,    0,    0,    0,   30
20211023, 0600,  , TS, 13.7N, 101.2W,  60,  995,   50,   50,   30,   40,    0,   20,    0,    0,    0,    0,    0,    0,   15
20211023, 1200,  , HU, 14.4N, 101.4W,  75,  983,   50,   50,   30,   40,   30,   20,    0,    0,   15,    0,    0,    0,   15
20211023, 1800,  , HU, 14.9N, 101.8W,  80,  979,   50,   50,   30,   50,   30,   20,    0,   30,   15,    0,    0,   15,   15
20211024, 0000,  , HU, 15.1N, 101.8W,  80,  978,   50,   50,   30,   50,   30,   20,    0,   30,   15,    0,    0,   15,   10
20211024, 0600,  , HU, 15.4N, 101.6W,  80,  980,   50,   50,   30,   50,   30,   20,   20,   30,   15,   10,    0,   15,   10
20211024, 1200,  , HU, 15.7N, 101.5W,  75,  980,   60,   60,   40,   50,   30,   30,   20,   30,   15,   15,    0,   15,   10
20211024, 1800,  , HU, 16.0N, 101.4W,  75,  980,   60,   70,   50,   60,   30,   30,   20,   30,   15,   15,    0,   15,   10
20211025, 0000,  , HU, 16.5N, 101.5W,  80,  979,   70,   70,   50,   60,   30,   30,   30,   30,   20,   20,   15,   15,   15
20211025, 0600,  , HU, 17.2N, 101.8W,  90,  977,   70,   70,   50,   50,   30,   30,   20,   30,   20,   20,   15,   15,   15
20211025, 1100, L, HU, 17.9N, 102.0W,  90,  977,   70,   70,   50,   50,   30,   30,   20,   30,   20,   20,   15,   15,   15
20211025, 1200,  , HU, 18.1N, 102.1W,  85,  980,   70,   70,   50,   50,   30,   30,   20,   30,   20,   20,   15,   15,   15
20211025, 1800,  , TS, 19.0N, 102.5W,  50,  997,   40,   40,    0,    0,   20,    0,    0,    0,    0,    0,    0,    0,   20
EP182021,              TERRY,     32,
20211102, 1800,  , LO,  8.8N,  84.9W,  20, 1009,    0,    0,    0,    0,    0,    0,    0,    0,    0,    0,    0,    0,   60
20211103, 0000,  , LO,  8.6N,  85.4W,  25, 1008,    0,    0,    0,    0,    0,    0,    0,    0,    0,    0,    0,    0,   50
20211103, 0600,  , LO,  8.6N,  86.0W,  25, 1007,    0,    0,    0,    0,    0,    0,    0,    0,    0,    0,    0,    0,   45
20211103, 1200,  , LO,  8.7N,  86.6W,  25, 1007,    0,    0,    0,    0,    0,    0,    0,    0,    0,    0,    0,    0,   50
20211103, 1800,  , LO,  8.7N,  87.4W,  30, 1007,    0,    0,    0,    0,    0,    0,    0,    0,    0,    0,    0,    0,   50
20211104, 0000,  , LO,  8.7N,  88.3W,  30, 1007,    0,    0,    0,    0,    0,    0,    0,    0,    0,    0,    0,    0,   50
20211104, 0600,  , TD,  9.0N,  89.0W,  30, 1007,    0,    0,    0,    0,    0,    0,    0,    0,    0,    0,    0,    0,   50
20211104, 1200,  , TD,  9.2N,  89.7W,  30, 1007,    0,    0,    0,    0,    0,    0,    0,    0,    0,    0,    0,    0,   45
20211104, 1800,  , TD,  9.5N,  90.3W,  30, 1007,    0,    0,    0,    0,    0,    0,    0,    0,    0,    0,    0,    0,   40
20211105, 0000,  , TD,  9.7N,  90.8W,  25, 1007,    0,    0,    0,    0,    0,    0,    0,    0,    0,    0,    0,    0,   40
20211105, 0600,  , TD,  9.7N,  91.4W,  25, 1007,    0,    0,    0,    0,    0,    0,    0,    0,    0,    0,    0,    0,   45
20211105, 1200,  , TD,  9.5N,  92.0W,  25, 1007,    0,    0,    0,    0,    0,    0,    0,    0,    0,    0,    0,    0,   45
20211105, 1800,  , TD,  9.2N,  92.9W,  25, 1008,    0,    0,    0,    0,    0,    0,    0,    0,    0,    0,    0,    0,   50
20211106, 0000,  , TD,  8.9N,  93.9W,  25, 1008,    0,    0,    0,    0,    0,    0,    0,    0,    0,    0,    0,    0,   50
20211106, 0600,  , TD,  8.7N,  94.9W,  30, 1007,    0,    0,    0,    0,    0,    0,    0,    0,    0,    0,    0,    0,   55
20211106, 1200,  , TD,  8.5N,  96.0W,  30, 1007,    0,    0,    0,    0,    0,    0,    0,    0,    0,    0,    0,    0,   55
20211106, 1800,  , TD,  8.3N,  97.1W,  30, 1007,    0,    0,    0,    0,    0,    0,    0,    0,    0,    0,    0,    0,   60
20211107, 0000,  , TD,  8.2N,  98.4W,  30, 1007,    0,    0,    0,    0,    0,    0,    0,    0,    0,    0,    0,    0,   60
20211107, 0600,  , TD,  8.2N,  99.7W,  30, 1007,    0,    0,    0,    0,    0,    0,    0,    0,    0,    0,    0,    0,   60
20211107, 1200,  , TS,  8.2N, 100.9W,  35, 1006,    0,   60,    0,    0,    0,    0,    0,    0,    0,    0,    0,    0,   55
20211107, 1800,  , TS,  8.5N, 102.2W,  35, 1006,   60,   60,    0,    0,    0,    0,    0,    0,    0,    0,    0,    0,   60
20211108, 0000,  , TS,  9.0N, 103.4W,  35, 1006,   80,    0,    0,    0,    0,    0,    0,    0,    0,    0,    0,    0,   80
20211108, 0600,  , TS,  9.5N, 104.6W,  35, 1006,   80,    0,    0,    0,    0,    0,    0,    0,    0,    0,    0,    0,   75
20211108, 1200,  , TD,  9.9N, 106.0W,  30, 1007,    0,    0,    0,    0,    0,    0,    0,    0,    0,    0,    0,    0,   65
20211108, 1800,  , TD, 10.3N, 107.4W,  30, 1007,    0,    0,    0,    0,    0,    0,    0,    0,    0,    0,    0,    0,   60
20211109, 0000,  , TD, 10.7N, 108.7W,  30, 1007,    0,    0,    0,    0,    0,    0,    0,    0,    0,    0,    0,    0,   60
20211109, 0600,  , TD, 11.1N, 109.9W,  30, 1007,    0,    0,    0,    0,    0,    0,    0,    0,    0,    0,    0,    0,   60
20211109, 1200,  , TD, 11.4N, 111.1W,  25, 1008,    0,    0,    0,    0,    0,    0,    0,    0,    0,    0,    0,    0,   70
20211109, 1800,  , TD, 11.6N, 112.3W,  25, 1008,    0,    0,    0,    0,    0,    0,    0,    0,    0,    0,    0,    0,   80
20211110, 0000,  , TD, 11.8N, 113.6W,  25, 1008,    0,    0,    0,    0,    0,    0,    0,    0,    0,    0,    0,    0,   70
20211110, 0600,  , TD, 11.8N, 114.9W,  25, 1008,    0,    0,    0,    0,    0,    0,    0,    0,    0,    0,    0,    0,   60
20211110, 1200,  , TD, 11.7N, 116.4W,  25, 1008,    0,    0,    0,    0,    0,    0,    0,    0,    0,    0,    0,    0,   60
EP192021,             SANDRA,     12,
20211107, 0600,  , TD, 13.3N, 112.4W,  30, 1007,    0,    0,    0,    0,    0,    0,    0,    0,    0,    0,    0,    0,   60
20211107, 1200,  , TS, 13.5N, 113.5W,  35, 1006,   60,   60,    0,    0,    0,    0,    0,    0,    0,    0,    0,    0,   60
20211107, 1800,  , TS, 13.8N, 114.6W,  35, 1006,   80,   80,    0,    0,    0,    0,    0,    0,    0,    0,    0,    0,   60
20211108, 0000,  , TS, 14.1N, 115.5W,  35, 1005,   80,   80,    0,    0,    0,    0,    0,    0,    0,    0,    0,    0,   60
20211108, 0600,  , TS, 14.2N, 116.1W,  35, 1006,   70,    0,    0,    0,    0,    0,    0,    0,    0,    0,    0,    0,   70
20211108, 1200,  , TS, 14.4N, 116.6W,  35, 1006,   70,    0,    0,    0,    0,    0,    0,    0,    0,    0,    0,    0,   70
20211108, 1800,  , TD, 14.9N, 117.3W,  30, 1008,    0,    0,    0,    0,    0,    0,    0,    0,    0,    0,    0,    0,   80
20211109, 0000,  , TD, 15.1N, 118.2W,  30, 1008,    0,    0,    0,    0,    0,    0,    0,    0,    0,    0,    0,    0,   90
20211109, 0600,  , TD, 15.0N, 119.1W,  25, 1009,    0,    0,    0,    0,    0,    0,    0,    0,    0,    0,    0,    0,   90
20211109, 1200,  , TD, 14.7N, 120.1W,  25, 1010,    0,    0,    0,    0,    0,    0,    0,    0,    0,    0,    0,    0,   80
20211109, 1800,  , LO, 14.4N, 121.5W,  25, 1010,    0,    0,    0,    0,    0,    0,    0,    0,    0,    0,    0,    0,   60
20211110, 0000,  , LO, 14.1N, 123.0W,  25, 1010,    0,    0,    0,    0,    0,    0,    0,    0,    0,    0,    0,    0,   60
