EP011990,               ALMA,     24,
19900512, 1800,  , TD,  9.3N, 101.1W,  25, 1009, -999, -999, -999, -999, -999, -999, -999, -999, -999, -999, -999, -999, -999
19900513, 0000,  , TD, 10.0N, 102.5W,  25, 1008, -999, -999, -999, -999, -999, -999, -999, -999, -999, -999, -999, -999, -999
19900513, 0600,  , TD, 10.4N, 103.4W,  25, 1008, -999, -999, -999, -999, -999, -999, -999, -999, -999, -999, -999, -999, -999
19900513, 1200,  , TD, 10.9N, 104.0W,  30, 1007, -999, -999, -999, -999, -999, -999, -999, -999, -999, -999, -999, -999, -999
19900513, 1800,  , TD, 11.3N, 104.5W,  30, 1006, -999, -999, -999, -999, -999, -999, -999, -999, -999, -999, -999, -999, -999
19900514, 0000,  , TS, 11.7N, 105.5W,  35, 1005, -999, -999, -999, -999, -999, -999, -999, -999, -999, -999, -999, -999, -999
19900514, 0600,  , TS, 11.9N, 106.9W,  35, 1004, -999, -999, -999, -999, -999, -999, -999, -999, -999, -999, -999, -999, -999
19900514, 1200,  , TS, 12.0N, 108.5W,  35, 1003, -999, -999, -999, -999, -999, -999, -999, -999, -999, -999, -999, -999, -999
19900514, 1800,  , TS, 12.1N, 110.0W,  45, 1000, -999, -999, -999, -999, -999, -999, -999, -999, -999, -999, -999, -999, -999
19900515, 0000,  , TS, 12.1N, 111.3W,  55,  994, -999, -999, -999, -999, -999, -999, -999, -999, -999, -999, -999, -999, -999
19900515, 0600,  , TS, 12.1N, 112.4W,  60,  990, -999, -999, -999, -999, -999, -999, -999, -999, -999, -999, -999, -999, -999
19900515, 1200,  , HU, 12.2N, 113.6W,  65,  987, -999, -999, -999, -999, -999, -999, -999, -999, -999, -999, -999, -999, -999
19900515, 1800,  , HU, 12.5N, 114.8W,  65,  987, -999, -999, -999, -999, -999, -999, -999, -999, -999, -999, -999, -999, -999
19900516, 0000,  , HU, 12.9N, 116.0W,  70,  983, -999, -999, -999, -999, -999, -999, -999, -999, -999, -999, -999, -999, -999
19900516, 0600,  , HU, 13.4N, 117.1W,  75,  979, -999, -999, -999, -999, -999, -999, -999, -999, -999, -999, -999, -999, -999
19900516, 1200,  , HU, 13.9N, 118.1W,  70,  983, -999, -999, -999, -999, -999, -999, -999, -999, -999, -999, -999, -999, -999
19900516, 1800,  , TS, 14.1N, 118.9W,  60,  990, -999, -999, -999, -999, -999, -999, -999, -999, -999, -999, -999, -999, -999
19900517, 0000,  , TS, 14.1N, 119.9W,  55,  994, -999, -999, -999, -999, -999, -999, -999, -999, -999, -999, -999, -999, -999
19900517, 0600,  , TS, 14.1N, 121.1W,  45, 1000, -999, -999, -999, -999, -999, -999, -999, -999, -999, -999, -999, -999, -999
19900517, 1200,  , TS, 14.2N, 122.5W,  35, 1003, -999, -999, -999, -999, -999, -999, -999, -999, -999, -999, -999, -999, -999
19900517, 1800,  , TD, 14.4N, 123.4W,  30, 1007, -999, -999, -999, -999, -999, -999, -999, -999, -999, -999, -999, -999, -999
19900518, 0000,  , TD, 14.2N, 124.6W,  25, 1009, -999, -999, -999, -999, -999, -999, -999, -999, -999, -999, -999, -999, -999
19900518, 0600,  , TD, 14.0N, 125.9W,  25, 1009, -999, -999, -999, -999, -999, -999, -999, -999, -999, -999, -999, -999, -999
19900518, 1200,  , TD, 14.0N, 127.3W,  20, 1009, -999, -999, -999, -999, -999, -999, -999, -999, -999, -999, -999, -999, -999
EP021990,              BORIS,     24,
19900602, 1800,  , TD, 10.7N, 100.3W,  25, 1010, -999, -999, -999, -999, -999, -999, -999, -999, -999, -999, -999, -999, -999
19900603, 0000,  , TD, 11.9N, 101.4W,  25, 1010, -999, -999, -999, -999, -999, -999, -999, -999, -999, -999, -999, -999, -999
19900603, 0600,  , TD, 12.8N, 102.8W,  25, 1009, -999, -999, -999, -999, -999, -999, -999, -999, -999, -999, -999, -999, -999
19900603, 1200,  , TD, 13.1N, 104.7W,  30, 1008, -999, -999, -999, -999, -999, -999, -999, -999, -999, -999, -999, -999, -999
19900603, 1800,  , TD, 13.1N, 106.8W,  30, 1007, -999, -999, -999, -999, -999, -999, -999, -999, -999, -999, -999, -999, -999
19900604, 0000,  , TS, 13.1N, 108.8W,  35, 1005, -999, -999, -999, -999, -999, -999, -999, -999, -999, -999, -999, -999, -999
19900604, 0600,  , TS, 13.3N, 110.1W,  45, 1000, -999, -999, -999, -999, -999, -999, -999, -999, -999, -999, -999, -999, -999
19900604, 1200,  , TS, 13.4N, 111.0W,  50,  995, -999, -999, -999, -999, -999, -999, -999, -999, -999, -999, -999, -999, -999
19900604, 1800,  , TS, 13.8N, 111.6W,  60,  992, -999, -999, -999, -999, -999, -999, -999, -999, -999, -999, -999, -999, -999
19900605, 0000,  , HU, 14.6N, 112.1W,  65,  987, -999, -999, -999, -999, -999, -999, -999, -999, -999, -999, -999, -999, -999
19900605, 0600,  , HU, 15.6N, 112.8W,  75,  981, -999, -999, -999, -999, -999, -999, -999, -999, -999, -999, -999, -999, -999
19900605, 1200,  , HU, 16.7N, 113.4W,  80,  977, -999, -999, -999, -999, -999, -999, -999, -999, -999, -999, -999, -999, -999
19900605, 1800,  , HU, 17.7N, 114.0W,  80,  978, -999, -999, -999, -999, -999, -999, -999, -999, -999, -999, -999, -999, -999
19900606, 0000,  , HU, 18.6N, 114.4W,  75,  979, -999, -999, -999, -999, -999, -999, -999, -999, -999, -999, -999, -999, -999
19900606, 0600,  , HU, 19.5N, 114.9W,  70,  980, -999, -999, -999, -999, -999, -999, -999, -999, -999, -999, -999, -999, -999
19900606, 1200,  , TS, 20.2N, 115.2W,  60,  985, -999, -999, -999, -999, -999, -999, -999, -999, -999, -999, -999, -999, -999
19900606, 1800,  , TS, 20.8N, 115.5W,  55,  995, -999, -999, -999, -999, -999, -999, -999, -999, -999, -999, -999, -999, -999
19900607, 0000,  , TS, 21.4N, 115.8W,  45, 1000, -999, -999, -999, -999, -999, -999, -999, -999, -999, -999, -999, -999, -999
19900607, 0600,  , TD, 22.0N, 115.8W,  30, 1006, -999, -999, -999, -999, -999, -999, -999, -999, -999, -999, -999, -999, -999
19900607, 1200,  , TD, 22.6N, 115.8W,  30, 1007, -999, -999, -999, -999, -999, -999, -999, -999, -999, -999, -999, -999, -999
19900607, 1800,  , TD, 23.2N, 115.7W,  25, 1008, -999, -999, -999, -999, -999, -999, -999, -999, -999, -999, -999, -999, -999
19900608, 0000,  , TD, 23.7N, 115.9W,  25, 1009, -999, -999, -999, -999, -999, -999, -999, -999, -999, -999, -999, -999, -999
19900608, 0600,  , TD, 24.1N, 116.2W,  20, 1010, -999, -999, -999, -999, -999, -999, -999, -999, -999, -999, -999, -999, -999
19900608, 1200,  , TD, 24.4N, 116.7W,  20, 1010, -999, -999, -999, -999, -999, -999, -999, -999, -999, -999, -999, -999, -999
EP031990,           CRISTINA,     32,
19900608, 1200,  , TD, 11.6N, 110.0W,  25, 1010, -999, -999, -999, -999, -999, -999, -999, -999, -999, -999, -999, -999, -999
19900608, 1800,  , TD, 11.7N, 110.0W,  25, 1010, -999, -999, -999, -999, -999, -999, -999, -999, -999, -999, -999, -999, -999
19900609, 0000,  , TD, 11.7N, 109.9W,  30, 1008, -999, -999, -999, -999, -999, -999, -999, -999, -999, -999, -999, -999, -999
19900609, 0600,  , TD, 11.8N, 109.9W,  30, 1006, -999, -999, -999, -999, -999, -999, -999, -999, -999, -999, -999, -999, -999
19900609, 1200,  , TS, 12.3N, 109.9W,  35, 1005, -999, -999, -999, -999, -999, -999, -999, -999, -999, -999, -999, -999, -999
19900609, 1800,  , TS, 12.9N, 110.0W,  35, 1005, -999, -999, -999, -999, -999, -999, -999, -999, -999, -999, -999, -999, -999
19900610, 0000,  , TS, 13.3N, 110.4W,  35, 1003, -999, -999, -999, -999, -999, -999, -999, -999, -999, -999, -999, -999, -999
19900610, 0600,  , TS, 13.5N, 110.9W,  40, 1002, -999, -999, -999, -999, -999, -999, -999, -999, -999, -999, -999, -999, -999
19900610, 1200,  , TS, 13.6N, 111.3W,  40, 1000, -999, -999, -999, -999, -999, -999, -999, -999, -999, -999, -999, -999, -999
19900610, 1800,  , TS, 13.6N, 111.4W,  45,  999, -999, -999, -999, -999, -999, -999, -999, -999, -999, -999, -999, -999, -999
19900611, 0000,  , TS, 13.6N, 111.5W,  45,  998, -999, -999, -999, -999, -999, -999, -999, -999, -999, -999, -999, -999, -999
19900611, 0600,  , TS, 13.8N, 111.6W,  45,  997, -999, -999, -999, -999, -999, -999, -999, -999, -999, -999, -999, -999, -999
19900611, 1200,  , TS, 14.0N, 111.7W,  50,  996, -999, -999, -999, -999, -999, -999, -999, -999, -999, -999, -999, -999, -999
19900611, 1800,  , TS, 14.2N, 112.5W,  50,  996, -999, -999, -999, -999, -999, -999, -999, -999, -999, -999, -999, -999, -999
19900612, 0000,  , TS, 14.6N, 113.3W,  50,  995, -999, -999, -999, -999, -999, -999, -999, -999, -999, -999, -999, -999, -999
19900612, 0600,  , TS, 15.0N, 113.9W,  55,  995, -999, -999, -999, -999, -999, -999, -999, -999, -999, -999, -999, -999, -999
19900612, 1200,  , TS, 15.3N, 114.6W,  55,  994, -999, -999, -999, -999, -999, -999, -999, -999, -999, -999, -999, -999, -999
19900612, 1800,  , TS, 15.6N, 115.4W,  55,  995, -999, -999, -999, -999, -999, -999, -999, -999, -999, -999, -999, -999, -999
19900613, 0000,  , TS, 15.7N, 116.2W,  50,  996, -999, -999, -999, -999, -999, -999, -999, -999, -999, -999, -999, -999, -999
19900613, 0600,  , TS, 15.9N, 117.1W,  50,  998, -999, -999, -999, -999, -999, -999, -999, -999, -999, -999, -999, -999, -999
19900613, 1200,  , TS, 16.2N, 118.2W,  45, 1000, -999, -999, -999, -999, -999, -999, -999, -999, -999, -999, -999, -999, -999
19900613, 1800,  , TS, 16.5N, 119.2W,  35, 1002, -999, -999, -999, -999, -999, -999, -999, -999, -999, -999, -999, -999, -999
19900614, 0000,  , TD, 17.0N, 120.1W,  30, 1005, -999, -999, -999, -999, -999, -999, -999, -999, -999, -999, -999, -999, -999
19900614, 0600,  , TD, 17.3N, 120.7W,  30, 1008, -999, -999, -999, -999, -999, -999, -999, -999, -999, -999, -999, -999, -999
19900614, 1200,  , TD, 17.5N, 121.1W,  25, 1009, -999, -999, -999, -999, -999, -999, -999, -999, -999, -999, -999, -999, -999
19900614, 1800,  , TD, 17.7N, 121.6W,  25, 1010, -999, -999, -999, -999, -999, -999, -999, -999, -999, -999, -999, -999, -999
19900615, 0000,  , TD, 17.8N, 122.0W,  25, 1010, -999, -999, -999, -999, -999, -999, -999, -999, -999, -999, -999, -999, -999
19900615, 0600,  , TD, 18.0N, 122.5W,  25, 1010, -999, -999, -999, -999, -999, -999, -999, -999, -999, -999, -999, -999, -999
19900615, 1200,  , TD, 18.0N, 122.9W,  25, 1010, -999, -999, -999, -999, -999, -999, -999, -999, -999, -999, -999, -999, -999
19900615, 1800,  , TD, 17.8N, 123.3W,  20, 1010, -999, -999, -999, -999, -999, -999, -999, -999, -999, -999, -999, -999, -999
19900616, 0000,  , TD, 17.7N, 124.0W,  20, 1011, -999, -999, -999, -999, -999, -999, -999, -999, -999, -999, -999, -999, -999
19900616, 0600,  , TD, 17.6N, 124.5W,  20, 1011, -999, -999, -999, -999, -999, -999, -999, -999, -999, -999, -999, -999, -999
EP041990,            DOUGLAS,     20,
19900619, 0000,  , TD, 13.5N, 100.0W,  25, 1011, -999, -999, -999, -999, -999, -999, -999, -999, -999, -999, -999, -999, -999
19900619, 0600,  , TD, 13.7N, 100.6W,  25, 1010, -999, -999, -999, -999, -999, -999, -999, -999, -999, -999, -999, -999, -999
19900619, 1200,  , TD, 13.9N, 101.2W,  30, 1008, -999, -999, -999, -999, -999, -999, -999, -999, -999, -999, -999, -999, -999
19900619, 1800,  , TS, 14.2N, 101.8W,  35, 1005, -999, -999, -999, -999, -999, -999, -999, -999, -999, -999, -999, -999, -999
19900620, 0000,  , TS, 14.6N, 102.3W,  40, 1003, -999, -999, -999, -999, -999, -999, -999, -999, -999, -999, -999, -999, -999
19900620, 0600,  , TS, 15.0N, 102.7W,  45, 1000, -999, -999, -999, -999, -999, -999, -999, -999, -999, -999, -999, -999, -999
19900620, 1200,  , TS, 15.5N, 103.1W,  50,  998, -999, -999, -999, -999, -999, -999, -999, -999, -999, -999, -999, -999, -999
19900620, 1800,  , TS, 16.1N, 103.4W,  50,  995, -999, -999, -999, -999, -999, -999, -999, -999, -999, -999, -999, -999, -999
19900621, 0000,  , TS, 16.7N, 103.7W,  55,  994, -999, -999, -999, -999, -999, -999, -999, -999, -999, -999, -999, -999, -999
19900621, 0600,  , TS, 17.2N, 104.0W,  55,  993, -999, -999, -999, -999, -999, -999, -999, -999, -999, -999, -999, -999, -999
19900621, 1200,  , TS, 17.8N, 104.2W,  55,  992, -999, -999, -999, -999, -999, -999, -999, -999, -999, -999, -999, -999, -999
19900621, 1800,  , TS, 18.3N, 104.5W,  55,  992, -999, -999, -999, -999, -999, -999, -999, -999, -999, -999, -999, -999, -999
19900622, 0000,  , TS, 18.8N, 104.9W,  55,  993, -999, -999, -999, -999, -999, -999, -999, -999, -999, -999, -999, -999, -999
19900622, 0600,  , TS, 19.3N, 105.3W,  50,  995, -999, -999, -999, -999, -999, -999, -999, -999, -999, -999, -999, -999, -999
19900622, 1200,  , TS, 19.7N, 105.7W,  45,  997, -999, -999, -999, -999, -999, -999, -999, -999, -999, -999, -999, -999, -999
19900622, 1800,  , TS, 20.1N, 106.2W,  40, 1000, -999, -999, -999, -999, -999, -999, -999, -999, -999, -999, -999, -999, -999
19900623, 0000,  , TS, 20.4N, 106.7W,  35, 1002, -999, -999, -999, -999, -999, -999, -999, -999, -999, -999, -999, -999, -999
19900623, 0600,  , TS, 20.6N, 107.3W,  35, 1005, -999, -999, -999, -999, -999, -999, -999, -999, -999, -999, -999, -999, -999
19900623, 1200,  , TD, 20.8N, 108.0W,  30, 1007, -999, -999, -999, -999, -999, -999, -999, -999, -999, -999, -999, -999, -999
19900623, 1800,  , TD, 20.9N, 108.7W,  30, 1009, -999, -999, -999, -999, -999, -999, -999, -999, -999, -999, -999, -999, -999
EP051990,              ELIDA,     26,
19900626, 0600,  , TD, 14.2N, 102.6W,  25, 1009, -999, -999, -999, -999, -999, -999, -999, -999, -999, -999, -999, -999, -999
19900626, 1200,  , TD, 14.6N, 104.1W,  30, 1008, -999, -999, -999, -999, -999, -999, -999, -999, -999, -999, -999, -999, -999
19900626, 1800,  , TS, 15.2N, 105.5W,  35, 1006, -999, -999, -999, -999, -999, -999, -999, -999, -999, -999, -999, -999, -999
19900627, 0000,  , TS, 15.9N, 106.6W,  40, 1003, -999, -999, -999, -999, -999, -999, -999, -999, -999, -999, -999, -999, -999
19900627, 0600,  , TS, 16.4N, 107.6W,  45, 1000, -999, -999, -999, -999, -999, -999, -999, -999, -999, -999, -999, -999, -999
19900627, 1200,  , TS, 16.9N, 108.5W,  50,  997, -999, -999, -999, -999, -999, -999, -999, -999, -999, -999, -999, -999, -999
19900627, 1800,  , TS, 17.4N, 109.4W,  60,  994, -999, -999, -999, -999, -999, -999, -999, -999, -999, -999, -999, -999, -999
19900628, 0000,  , HU, 18.0N, 110.1W,  65,  991, -999, -999, -999, -999, -999, -999, -999, -999, -999, -999, -999, -999, -999
19900628, 0600,  , HU, 18.6N, 110.8W,  70,  990, -999, -999, -999, -999, -999, -999, -999, -999, -999, -999, -999, -999, -999
19900628, 1200,  , HU, 19.0N, 111.5W,  70,  990, -999, -999, -999, -999, -999, -999, -999, -999, -999, -999, -999, -999, -999
19900628, 1800,  , HU, 19.4N, 112.4W,  70,  990, -999, -999, -999, -999, -999, -999, -999, -999, -999, -999, -999, -999, -999
19900629, 0000,  , HU, 19.8N, 113.4W,  70,  990, -999, -999, -999, -999, -999, -999, -999, -999, -999, -999, -999, -999, -999
19900629, 0600,  , HU, 20.2N, 114.7W,  65,  991, -999, -999, -999, -999, -999, -999, -999, -999, -999, -999, -999, -999, -999
19900629, 1200,  , TS, 20.6N, 116.1W,  60,  992, -999, -999, -999, -999, -999, -999, -999, -999, -999, -999, -999, -999, -999
19900629, 1800,  , TS, 20.9N, 117.7W,  55,  994, -999, -999, -999, -999, -999, -999, -999, -999, -999, -999, -999, -999, -999
19900630, 0000,  , TS, 21.1N, 119.2W,  50,  997, -999, -999, -999, -999, -999, -999, -999, -999, -999, -999, -999, -999, -999
19900630, 0600,  , TS, 21.1N, 120.6W,  45, 1000, -999, -999, -999, -999, -999, -999, -999, -999, -999, -999, -999, -999, -999
19900630, 1200,  , TS, 21.1N, 122.0W,  40, 1005, -999, -999, -999, -999, -999, -999, -999, -999, -999, -999, -999, -999, -999
19900630, 1800,  , TS, 21.1N, 123.4W,  35, 1007, -999, -999, -999, -999, -999, -999, -999, -999, -999, -999, -999, -999, -999
19900701, 0000,  , TD, 21.0N, 124.7W,  30, 1010, -999, -999, -999, -999, -999, -999, -999, -999, -999, -999, -999, -999, -999
19900701, 0600,  , TD, 20.9N, 125.7W,  30, 1011, -999, -999, -999, -999, -999, -999, -999, -999, -999, -999, -999, -999, -999
19900701, 1200,  , TD, 20.9N, 126.6W,  30, 1012, -999, -999, -999, -999, -999, -999, -999, -999, -999, -999, -999, -999, -999
19900701, 1800,  , TD, 20.9N, 127.5W,  25, 1012, -999, -999, -999, -999, -999, -999, -999, -999, -999, -999, -999, -999, -999
19900702, 0000,  , TD, 20.9N, 128.5W,  25, 1012, -999, -999, -999, -999, -999, -999, -999, -999, -999, -999, -999, -999, -999
19900702, 0600,  , TD, 21.0N, 129.5W,  25, 1012, -999, -999, -999, -999, -999, -999, -999, -999, -999, -999, -999, -999, -999
19900702, 1200,  , TD, 20.9N, 130.4W,  25, 1012, -999, -999, -999, -999, -999, -999, -999, -999, -999, -999, -999, -999, -999
EP061990,            UNNAMED,     17,
19900629, 1800,  , TD,  9.9N, 101.4W,  25, -999, -999, -999, -999, -999, -999, -999, -999, -999, -999, -999, -999, -999, -999
19900630, 0000,  , TD, 10.8N, 102.0W,  25, -999, -999, -999, -999, -999, -999, -999, -999, -999, -999, -999, -999, -999, -999
19900630, 0600,  , TD, 11.0N, 103.2W,  30, -999, -999, -999, -999, -999, -999, -999, -999, -999, -999, -999, -999, -999, -999
19900630, 1200,  , TD, 11.1N, 104.2W,  30, -999, -999, -999, -999, -999, -999, -999, -999, -999, -999, -999, -999, -999, -999
19900630, 1800,  , TD, 11.3N, 105.0W,  30, -999, -999, -999, -999, -999, -999, -999, -999, -999, -999, -999, -999, -999, -999
19900701, 0000,  , TD, 11.6N, 105.6W,  30, -999, -999, -999, -999, -999, -999, -999, -999, -999, -999, -999, -999, -999, -999
19900701, 0600,  , TD, 12.0N, 106.3W,  30, -999, -999, -999, -999, -999, -999, -999, -999, -999, -999, -999, -999, -999, -999
19900701, 1200,  , TD, 12.6N, 107.1W,  30, -999, -999, -999, -999, -999, -999, -999, -999, -999, -999, -999, -999, -999, -999
19900701, 1800,  , TD, 13.2N, 107.8W,  30, -999, -999, -999, -999, -999, -999, -999, -999, -999, -999, -999, -999, -999, -999
19900702, 0000,  , TD, 13.9N, 108.5W,  30, -999, -999, -999, -999, -999, -999, -999, -999, -999, -999, -999, -999, -999, -999
19900702, 0600,  , TD, 14.7N, 109.2W,  30, -999, -999, -999, -999, -999, -999, -999, -999, -999, -999, -999, -999, -999, -999
19900702, 1200,  , TD, 15.7N, 109.5W,  30, -999, -999, -999, -999, -999, -999, -999, -999, -999, -999, -999, -999, -999, -999
19900702, 1800,  , TD, 17.4N, 108.3W,  30, -999, -999, -999, -999, -999, -999, -999, -999, -999, -999, -999, -999, -999, -999
19900703, 0000,  , TD, 17.0N, 108.6W,  30, -999, -999, -999, -999, -999, -999, -999, -999, -999, -999, -999, -999, -999, -999
19900703, 0600,  , TD, 18.0N, 108.4W,  30, -999, -999, -999, -999, -999, -999, -999, -999, -999, -999, -999, -999, -999, -999
19900703, 1200,  , TD, 17.8N, 108.2W,  25, -999, -999, -999, -999, -999, -999, -999, -999, -999, -999, -999, -999, -999, -999
19900703, 1800,  , TD, 18.7N, 108.5W,  30, -999, -999, -999, -999, -999, -999, -999, -999, -999, -999, -999, -999, -999, -999
EP071990,             FAUSTO,     28,
19900706, 0000,  , TD, 13.3N, 102.1W,  20, 1011, -999, -999, -999, -999, -999, -999, -999, -999, -999, -999, -999, -999, -999
19900706, 0600,  , TD, 13.9N, 102.6W,  25, 1009, -999, -999, -999, -999, -999, -999, -999, -999, -999, -999, -999, -999, -999
19900706, 1200,  , TD, 14.4N, 103.0W,  25, 1008, -999, -999, -999, -999, -999, -999, -999, -999, -999, -999, -999, -999, -999
19900706, 1800,  , TD, 14.8N, 103.7W,  30, 1007, -999, -999, -999, -999, -999, -999, -999, -999, -999, -999, -999, -999, -999
19900707, 0000,  , TS, 15.3N, 104.8W,  35, 1005, -999, -999, -999, -999, -999, -999, -999, -999, -999, -999, -999, -999, -999
19900707, 0600,  , TS, 15.8N, 105.8W,  35, 1004, -999, -999, -999, -999, -999, -999, -999, -999, -999, -999, -999, -999, -999
19900707, 1200,  , TS, 16.1N, 106.6W,  40, 1002, -999, -999, -999, -999, -999, -999, -999, -999, -999, -999, -999, -999, -999
19900707, 1800,  , TS, 16.5N, 107.3W,  45, 1000, -999, -999, -999, -999, -999, -999, -999, -999, -999, -999, -999, -999, -999
19900708, 0000,  , TS, 17.1N, 107.9W,  50,  997, -999, -999, -999, -999, -999, -999, -999, -999, -999, -999, -999, -999, -999
19900708, 0600,  , TS, 17.7N, 108.6W,  55,  993, -999, -999, -999, -999, -999, -999, -999, -999, -999, -999, -999, -999, -999
19900708, 1200,  , HU, 18.3N, 109.3W,  65,  987, -999, -999, -999, -999, -999, -999, -999, -999, -999, -999, -999, -999, -999
19900708, 1800,  , HU, 18.9N, 110.1W,  75,  981, -999, -999, -999, -999, -999, -999, -999, -999, -999, -999, -999, -999, -999
19900709, 0000,  , HU, 19.4N, 110.8W,  75,  979, -999, -999, -999, -999, -999, -999, -999, -999, -999, -999, -999, -999, -999
19900709, 0600,  , HU, 19.9N, 111.5W,  75,  981, -999, -999, -999, -999, -999, -999, -999, -999, -999, -999, -999, -999, -999
19900709, 1200,  , HU, 20.4N, 112.1W,  70,  984, -999, -999, -999, -999, -999, -999, -999, -999, -999, -999, -999, -999, -999
19900709, 1800,  , HU, 20.9N, 112.7W,  65,  987, -999, -999, -999, -999, -999, -999, -999, -999, -999, -999, -999, -999, -999
19900710, 0000,  , HU, 21.4N, 113.4W,  75,  982, -999, -999, -999, -999, -999, -999, -999, -999, -999, -999, -999, -999, -999
19900710, 0600,  , HU, 21.9N, 114.2W,  75,  979, -999, -999, -999, -999, -999, -999, -999, -999, -999, -999, -999, -999, -999
19900710, 1200,  , HU, 22.5N, 115.2W,  70,  983, -999, -999, -999, -999, -999, -999, -999, -999, -999, -999, -999, -999, -999
19900710, 1800,  , TS, 22.9N, 116.2W,  55,  991, -999, -999, -999, -999, -999, -999, -999, -999, -999, -999, -999, -999, -999
19900711, 0000,  , TS, 23.2N, 117.3W,  45, 1000, -999, -999, -999, -999, -999, -999, -999, -999, -999, -999, -999, -999, -999
19900711, 0600,  , TS, 23.5N, 118.4W,  40, 1003, -999, -999, -999, -999, -999, -999, -999, -999, -999, -999, -999, -999, -999
19900711, 1200,  , TS, 23.8N, 119.5W,  35, 1006, -999, -999, -999, -999, -999, -999, -999, -999, -999, -999, -999, -999, -999
19900711, 1800,  , TD, 24.2N, 120.6W,  30, 1009, -999, -999, -999, -999, -999, -999, -999, -999, -999, -999, -999, -999, -999
19900712, 0000,  , TD, 24.7N, 121.7W,  25, 1011, -999, -999, -999, -999, -999, -999, -999, -999, -999, -999, -999, -999, -999
19900712, 0600,  , TD, 25.1N, 123.0W,  25, 1012, -999, -999, -999, -999, -999, -999, -999, -999, -999, -999, -999, -999, -999
19900712, 1200,  , TD, 25.3N, 124.4W,  20, 1013, -999, -999, -999, -999, -999, -999, -999, -999, -999, -999, -999, -999, -999
19900712, 1800,  , TD, 25.4N, 125.8W,  20, 1014, -999, -999, -999, -999, -999, -999, -999, -999, -999, -999, -999, -999, -999
EP081990,          GENEVIEVE,     35,
19900710, 0000,  , TD, 10.2N,  94.5W,  25, 1009, -999, -999, -999, -999, -999, -999, -999, -999, -999, -999, -999, -999, -999
19900710, 0600,  , TD, 10.2N,  95.1W,  25, 1009, -999, -999, -999, -999, -999, -999, -999, -999, -999, -999, -999, -999, -999
19900710, 1200,  , TD, 10.9N,  96.3W,  25, 1009, -999, -999, -999, -999, -999, -999, -999, -999, -999, -999, -999, -999, -999
19900710, 1800,  , TD, 11.6N,  97.6W,  25, 1009, -999, -999, -999, -999, -999, -999, -999, -999, -999, -999, -999, -999, -999
19900711, 0000,  , TD, 12.4N,  98.8W,  25, 1008, -999, -999, -999, -999, -999, -999, -999, -999, -999, -999, -999, -999, -999
19900711, 0600,  , TD, 12.9N,  99.8W,  30, 1007, -999, -999, -999, -999, -999, -999, -999, -999, -999, -999, -999, -999, -999
19900711, 1200,  , TD, 13.4N, 101.0W,  30, 1007, -999, -999, -999, -999, -999, -999, -999, -999, -999, -999, -999, -999, -999
19900711, 1800,  , TS, 13.8N, 102.2W,  35, 1005, -999, -999, -999, -999, -999, -999, -999, -999, -999, -999, -999, -999, -999
19900712, 0000,  , TS, 14.2N, 103.5W,  40, 1003, -999, -999, -999, -999, -999, -999, -999, -999, -999, -999, -999, -999, -999
19900712, 0600,  , TS, 14.7N, 104.7W,  45, 1000, -999, -999, -999, -999, -999, -999, -999, -999, -999, -999, -999, -999, -999
19900712, 1200,  , TS, 15.4N, 106.0W,  50,  997, -999, -999, -999, -999, -999, -999, -999, -999, -999, -999, -999, -999, -999
19900712, 1800,  , TS, 16.1N, 107.2W,  55,  994, -999, -999, -999, -999, -999, -999, -999, -999, -999, -999, -999, -999, -999
19900713, 0000,  , HU, 16.9N, 108.3W,  65,  987, -999, -999, -999, -999, -999, -999, -999, -999, -999, -999, -999, -999, -999
19900713, 0600,  , HU, 17.7N, 109.3W,  70,  984, -999, -999, -999, -999, -999, -999, -999, -999, -999, -999, -999, -999, -999
19900713, 1200,  , HU, 18.2N, 110.3W,  75,  980, -999, -999, -999, -999, -999, -999, -999, -999, -999, -999, -999, -999, -999
19900713, 1800,  , HU, 18.6N, 111.3W,  80,  977, -999, -999, -999, -999, -999, -999, -999, -999, -999, -999, -999, -999, -999
19900714, 0000,  , HU, 18.9N, 112.2W,  80,  977, -999, -999, -999, -999, -999, -999, -999, -999, -999, -999, -999, -999, -999
19900714, 0600,  , HU, 19.0N, 113.1W,  80,  977, -999, -999, -999, -999, -999, -999, -999, -999, -999, -999, -999, -999, -999
19900714, 1200,  , HU, 19.2N, 113.9W,  80,  977, -999, -999, -999, -999, -999, -999, -999, -999, -999, -999, -999, -999, -999
19900714, 1800,  , HU, 19.4N, 114.8W,  80,  977, -999, -999, -999, -999, -999, -999, -999, -999, -999, -999, -999, -999, -999
19900715, 0000,  , HU, 19.7N, 115.5W,  85,  974, -999, -999, -999, -999, -999, -999, -999, -999, -999, -999, -999, -999, -999
19900715, 0600,  , HU, 20.0N, 116.3W,  85,  973, -999, -999, -999, -999, -999, -999, -999, -999, -999, -999, -999, -999, -999
19900715, 1200,  , HU, 20.2N, 117.0W,  90,  970, -999, -999, -999, -999, -999, -999, -999, -999, -999, -999, -999, -999, -999
19900715, 1800,  , HU, 20.5N, 117.8W,  85,  973, -999, -999, -999, -999, -999, -999, -999, -999, -999, -999, -999, -999, -999
19900716, 0000,  , HU, 21.0N, 118.5W,  85,  974, -999, -999, -999, -999, -999, -999, -999, -999, -999, -999, -999, -999, -999
19900716, 0600,  , HU, 21.5N, 119.2W,  75,  980, -999, -999, -999, -999, -999, -999, -999, -999, -999, -999, -999, -999, -999
19900716, 1200,  , HU, 22.0N, 119.9W,  70,  984, -999, -999, -999, -999, -999, -999, -999, -999, -999, -999, -999, -999, -999
19900716, 1800,  , HU, 22.5N, 120.6W,  65,  987, -999, -999, -999, -999, -999, -999, -999, -999, -999, -999, -999, -999, -999
19900717, 0000,  , TS, 23.1N, 121.3W,  55,  994, -999, -999, -999, -999, -999, -999, -999, -999, -999, -999, -999, -999, -999
19900717, 0600,  , TS, 23.8N, 121.9W,  45, 1000, -999, -999, -999, -999, -999, -999, -999, -999, -999, -999, -999, -999, -999
19900717, 1200,  , TS, 24.5N, 122.5W,  40, 1003, -999, -999, -999, -999, -999, -999, -999, -999, -999, -999, -999, -999, -999
19900717, 1800,  , TS, 25.1N, 122.8W,  35, 1005, -999, -999, -999, -999, -999, -999, -999, -999, -999, -999, -999, -999, -999
19900718, 0000,  , TD, 25.5N, 123.1W,  30, 1009, -999, -999, -999, -999, -999, -999, -999, -999, -999, -999, -999, -999, -999
19900718, 0600,  , TD, 25.9N, 123.4W,  25, 1010, -999, -999, -999, -999, -999, -999, -999, -999, -999, -999, -999, -999, -999
19900718, 1200,  , TD, 26.3N, 123.7W,  25, 1010, -999, -999, -999, -999, -999, -999, -999, -999, -999, -999, -999, -999, -999
EP091990,             HERNAN,     47,
19900719, 1200,  , TD, 12.0N, 106.5W,  25, 1012, -999, -999, -999, -999, -999, -999, -999, -999, -999, -999, -999, -999, -999
19900719, 1800,  , TD, 12.0N, 107.4W,  25, 1012, -999, -999, -999, -999, -999, -999, -999, -999, -999, -999, -999, -999, -999
19900720, 0000,  , TD, 12.1N, 108.3W,  25, 1011, -999, -999, -999, -999, -999, -999, -999, -999, -999, -999, -999, -999, -999
19900720, 0600,  , TD, 12.2N, 109.3W,  30, 1011, -999, -999, -999, -999, -999, -999, -999, -999, -999, -999, -999, -999, -999
19900720, 1200,  , TD, 12.3N, 109.9W,  30, 1010, -999, -999, -999, -999, -999, -999, -999, -999, -999, -999, -999, -999, -999
19900720, 1800,  , TD, 12.6N, 110.6W,  30, 1008, -999, -999, -999, -999, -999, -999, -999, -999, -999, -999, -999, -999, -999
19900721, 0000,  , TS, 12.9N, 111.3W,  35, 1004, -999, -999, -999, -999, -999, -999, -999, -999, -999, -999, -999, -999, -999
19900721, 0600,  , TS, 13.3N, 112.0W,  45, 1000, -999, -999, -999, -999, -999, -999, -999, -999, -999, -999, -999, -999, -999
19900721, 1200,  , TS, 13.8N, 112.7W,  55,  996, -999, -999, -999, -999, -999, -999, -999, -999, -999, -999, -999, -999, -999
19900721, 1800,  , HU, 14.3N, 113.2W,  65,  989, -999, -999, -999, -999, -999, -999, -999, -999, -999, -999, -999, -999, -999
19900722, 0000,  , HU, 14.8N, 113.7W,  75,  978, -999, -999, -999, -999, -999, -999, -999, -999, -999, -999, -999, -999, -999
19900722, 0600,  , HU, 15.3N, 114.2W,  90,  965, -999, -999, -999, -999, -999, -999, -999, -999, -999, -999, -999, -999, -999
19900722, 1200,  , HU, 15.7N, 114.8W, 105,  954, -999, -999, -999, -999, -999, -999, -999, -999, -999, -999, -999, -999, -999
19900722, 1800,  , HU, 16.2N, 115.3W, 115,  945, -999, -999, -999, -999, -999, -999, -999, -999, -999, -999, -999, -999, -999
19900723, 0000,  , HU, 16.6N, 115.9W, 125,  939, -999, -999, -999, -999, -999, -999, -999, -999, -999, -999, -999, -999, -999
19900723, 0600,  , HU, 17.0N, 116.5W, 130,  933, -999, -999, -999, -999, -999, -999, -999, -999, -999, -999, -999, -999, -999
19900723, 1200,  , HU, 17.3N, 117.2W, 135,  929, -999, -999, -999, -999, -999, -999, -999, -999, -999, -999, -999, -999, -999
19900723, 1800,  , HU, 17.5N, 117.9W, 135,  928, -999, -999, -999, -999, -999, -999, -999, -999, -999, -999, -999, -999, -999
19900724, 0000,  , HU, 17.6N, 118.5W, 130,  929, -999, -999, -999, -999, -999, -999, -999, -999, -999, -999, -999, -999, -999
19900724, 0600,  , HU, 17.8N, 119.0W, 125,  933, -999, -999, -999, -999, -999, -999, -999, -999, -999, -999, -999, -999, -999
19900724, 1200,  , HU, 17.9N, 119.6W, 120,  939, -999, -999, -999, -999, -999, -999, -999, -999, -999, -999, -999, -999, -999
19900724, 1800,  , HU, 18.0N, 120.1W, 115,  945, -999, -999, -999, -999, -999, -999, -999, -999, -999, -999, -999, -999, -999
19900725, 0000,  , HU, 18.2N, 120.7W, 115,  949, -999, -999, -999, -999, -999, -999, -999, -999, -999, -999, -999, -999, -999
19900725, 0600,  , HU, 18.3N, 121.3W, 110,  951, -999, -999, -999, -999, -999, -999, -999, -999, -999, -999, -999, -999, -999
19900725, 1200,  , HU, 18.4N, 121.9W, 110,  952, -999, -999, -999, -999, -999, -999, -999, -999, -999, -999, -999, -999, -999
19900725, 1800,  , HU, 18.5N, 122.6W, 110,  954, -999, -999, -999, -999, -999, -999, -999, -999, -999, -999, -999, -999, -999
19900726, 0000,  , HU, 18.7N, 123.3W, 105,  955, -999, -999, -999, -999, -999, -999, -999, -999, -999, -999, -999, -999, -999
19900726, 0600,  , HU, 19.0N, 124.0W, 105,  956, -999, -999, -999, -999, -999, -999, -999, -999, -999, -999, -999, -999, -999
19900726, 1200,  , HU, 19.2N, 124.8W, 100,  961, -999, -999, -999, -999, -999, -999, -999, -999, -999, -999, -999, -999, -999
19900726, 1800,  , HU, 19.4N, 125.7W,  90,  967, -999, -999, -999, -999, -999, -999, -999, -999, -999, -999, -999, -999, -999
19900727, 0000,  , HU, 19.6N, 126.5W,  80,  972, -999, -999, -999, -999, -999, -999, -999, -999, -999, -999, -999, -999, -999
19900727, 0600,  , HU, 19.8N, 127.3W,  75,  977, -999, -999, -999, -999, -999, -999, -999, -999, -999, -999, -999, -999, -999
19900727, 1200,  , HU, 19.9N, 128.2W,  70,  982, -999, -999, -999, -999, -999, -999, -999, -999, -999, -999, -999, -999, -999
19900727, 1800,  , HU, 20.0N, 129.0W,  65,  986, -999, -999, -999, -999, -999, -999, -999, -999, -999, -999, -999, -999, -999
19900728, 0000,  , TS, 20.0N, 129.9W,  60,  990, -999, -999, -999, -999, -999, -999, -999, -999, -999, -999, -999, -999, -999
19900728, 0600,  , TS, 20.1N, 130.9W,  55,  993, -999, -999, -999, -999, -999, -999, -999, -999, -999, -999, -999, -999, -999
19900728, 1200,  , TS, 20.2N, 131.8W,  50,  996, -999, -999, -999, -999, -999, -999, -999, -999, -999, -999, -999, -999, -999
19900728, 1800,  , TS, 20.4N, 132.7W,  45,  998, -999, -999, -999, -999, -999, -999, -999, -999, -999, -999, -999, -999, -999
19900729, 0000,  , TS, 20.7N, 133.6W,  45, 1000, -999, -999, -999, -999, -999, -999, -999, -999, -999, -999, -999, -999, -999
19900729, 0600,  , TS, 21.0N, 134.5W,  40, 1002, -999, -999, -999, -999, -999, -999, -999, -999, -999, -999, -999, -999, -999
19900729, 1200,  , TS, 21.5N, 135.3W,  35, 1004, -999, -999, -999, -999, -999, -999, -999, -999, -999, -999, -999, -999, -999
19900729, 1800,  , TS, 22.0N, 136.0W,  35, 1006, -999, -999, -999, -999, -999, -999, -999, -999, -999, -999, -999, -999, -999
19900730, 0000,  , TD, 22.8N, 136.7W,  30, 1008, -999, -999, -999, -999, -999, -999, -999, -999, -999, -999, -999, -999, -999
19900730, 0600,  , TD, 23.6N, 137.3W,  30, 1009, -999, -999, -999, -999, -999, -999, -999, -999, -999, -999, -999, -999, -999
19900730, 1200,  , TD, 24.5N, 137.8W,  30, 1010, -999, -999, -999, -999, -999, -999, -999, -999, -999, -999, -999, -999, -999
19900730, 1800,  , TD, 25.3N, 138.2W,  25, 1010, -999, -999, -999, -999, -999, -999, -999, -999, -999, -999, -999, -999, -999
19900731, 0000,  , TD, 26.2N, 138.5W,  25, 1011, -999, -999, -999, -999, -999, -999, -999, -999, -999, -999, -999, -999, -999
EP101990,             ISELLE,     41,
19900720, 1200,  , TD, 10.0N,  96.1W,  25, 1008, -999, -999, -999, -999, -999, -999, -999, -999, -999, -999, -999, -999, -999
19900720, 1800,  , TD, 10.3N,  97.8W,  25, 1008, -999, -999, -999, -999, -999, -999, -999, -999, -999, -999, -999, -999, -999
19900721, 0000,  , TD, 10.7N,  98.7W,  30, 1007, -999, -999, -999, -999, -999, -999, -999, -999, -999, -999, -999, -999, -999
19900721, 0600,  , TD, 11.2N,  99.6W,  30, 1006, -999, -999, -999, -999, -999, -999, -999, -999, -999, -999, -999, -999, -999
19900721, 1200,  , TS, 11.8N, 100.3W,  35, 1005, -999, -999, -999, -999, -999, -999, -999, -999, -999, -999, -999, -999, -999
19900721, 1800,  , TS, 12.4N, 101.0W,  45, 1005, -999, -999, -999, -999, -999, -999, -999, -999, -999, -999, -999, -999, -999
19900722, 0000,  , TS, 13.1N, 101.7W,  50, 1000, -999, -999, -999, -999, -999, -999, -999, -999, -999, -999, -999, -999, -999
19900722, 0600,  , TS, 13.6N, 102.3W,  55,  996, -999, -999, -999, -999, -999, -999, -999, -999, -999, -999, -999, -999, -999
19900722, 1200,  , TS, 14.0N, 103.0W,  60,  994, -999, -999, -999, -999, -999, -999, -999, -999, -999, -999, -999, -999, -999
19900722, 1800,  , HU, 14.4N, 103.6W,  65,  990, -999, -999, -999, -999, -999, -999, -999, -999, -999, -999, -999, -999, -999
19900723, 0000,  , HU, 14.8N, 104.2W,  70,  988, -999, -999, -999, -999, -999, -999, -999, -999, -999, -999, -999, -999, -999
19900723, 0600,  , HU, 15.3N, 104.8W,  75,  980, -999, -999, -999, -999, -999, -999, -999, -999, -999, -999, -999, -999, -999
19900723, 1200,  , HU, 15.7N, 105.5W,  80,  975, -999, -999, -999, -999, -999, -999, -999, -999, -999, -999, -999, -999, -999
19900723, 1800,  , HU, 16.0N, 106.2W,  90,  970, -999, -999, -999, -999, -999, -999, -999, -999, -999, -999, -999, -999, -999
19900724, 0000,  , HU, 16.3N, 106.9W,  95,  965, -999, -999, -999, -999, -999, -999, -999, -999, -999, -999, -999, -999, -999
19900724, 0600,  , HU, 16.6N, 107.6W,  95,  962, -999, -999, -999, -999, -999, -999, -999, -999, -999, -999, -999, -999, -999
19900724, 1200,  , HU, 17.0N, 108.3W, 100,  960, -999, -999, -999, -999, -999, -999, -999, -999, -999, -999, -999, -999, -999
19900724, 1800,  , HU, 17.5N, 109.0W, 100,  960, -999, -999, -999, -999, -999, -999, -999, -999, -999, -999, -999, -999, -999
19900725, 0000,  , HU, 18.1N, 109.8W, 100,  960, -999, -999, -999, -999, -999, -999, -999, -999, -999, -999, -999, -999, -999
19900725, 0600,  , HU, 18.7N, 110.8W, 100,  960, -999, -999, -999, -999, -999, -999, -999, -999, -999, -999, -999, -999, -999
19900725, 1200,  , HU, 19.2N, 111.7W, 105,  958, -999, -999, -999, -999, -999, -999, -999, -999, -999, -999, -999, -999, -999
19900725, 1800,  , HU, 19.7N, 112.7W, 105,  958, -999, -999, -999, -999, -999, -999, -999, -999, -999, -999, -999, -999, -999
19900726, 0000,  , HU, 20.2N, 113.6W, 105,  958, -999, -999, -999, -999, -999, -999, -999, -999, -999, -999, -999, -999, -999
19900726, 0600,  , HU, 20.8N, 114.5W, 100,  960, -999, -999, -999, -999, -999, -999, -999, -999, -999, -999, -999, -999, -999
19900726, 1200,  , HU, 21.4N, 115.5W, 100,  960, -999, -999, -999, -999, -999, -999, -999, -999, -999, -999, -999, -999, -999
19900726, 1800,  , HU, 22.0N, 116.5W,  95,  965, -999, -999, -999, -999, -999, -999, -999, -999, -999, -999, -999, -999, -999
19900727, 0000,  , HU, 22.5N, 117.5W,  95,  967, -999, -999, -999, -999, -999, -999, -999, -999, -999, -999, -999, -999, -999
19900727, 0600,  , HU, 22.9N, 118.4W,  90,  970, -999, -999, -999, -999, -999, -999, -999, -999, -999, -999, -999, -999, -999
19900727, 1200,  , HU, 23.4N, 119.2W,  85,  973, -999, -999, -999, -999, -999, -999, -999, -999, -999, -999, -999, -999, -999
19900727, 1800,  , HU, 23.8N, 119.9W,  80,  975, -999, -999, -999, -999, -999, -999, -999, -999, -999, -999, -999, -999, -999
19900728, 0000,  , HU, 24.3N, 120.5W,  80,  980, -999, -999, -999, -999, -999, -999, -999, -999, -999, -999, -999, -999, -999
19900728, 0600,  , HU, 24.8N, 121.0W,  70,  982, -999, -999, -999, -999, -999, -999, -999, -999, -999, -999, -999, -999, -999
19900728, 1200,  , HU, 25.2N, 121.4W,  65,  985, -999, -999, -999, -999, -999, -999, -999, -999, -999, -999, -999, -999, -999
19900728, 1800,  , TS, 25.5N, 121.6W,  55,  988, -999, -999, -999, -999, -999, -999, -999, -999, -999, -999, -999, -999, -999
19900729, 0000,  , TS, 25.5N, 121.6W,  55,  995, -999, -999, -999, -999, -999, -999, -999, -999, -999, -999, -999, -999, -999
19900729, 0600,  , TS, 25.6N, 121.7W,  45,  998, -999, -999, -999, -999, -999, -999, -999, -999, -999, -999, -999, -999, -999
19900729, 1200,  , TS, 25.6N, 121.7W,  40, 1000, -999, -999, -999, -999, -999, -999, -999, -999, -999, -999, -999, -999, -999
19900729, 1800,  , TS, 25.6N, 121.7W,  35, 1003, -999, -999, -999, -999, -999, -999, -999, -999, -999, -999, -999, -999, -999
19900730, 0000,  , TD, 25.6N, 121.8W,  30, 1005, -999, -999, -999, -999, -999, -999, -999, -999, -999, -999, -999, -999, -999
19900730, 0600,  , TD, 25.5N, 121.8W,  30, 1008, -999, -999, -999, -999, -999, -999, -999, -999, -999, -999, -999, -999, -999
19900730, 1200,  , TD, 25.4N, 122.1W,  25, 1010, -999, -999, -999, -999, -999, -999, -999, -999, -999, -999, -999, -999, -999
CP011990,                AKA,     32,
19900807, 1800,  , TD, 10.5N, 150.0W,  30, -999, -999, -999, -999, -999, -999, -999, -999, -999, -999, -999, -999, -999, -999
19900808, 0000,  , TS, 10.6N, 151.5W,  35, -999, -999, -999, -999, -999, -999, -999, -999, -999, -999, -999, -999, -999, -999
19900808, 0600,  , TS, 10.8N, 152.8W,  35, -999, -999, -999, -999, -999, -999, -999, -999, -999, -999, -999, -999, -999, -999
19900808, 1200,  , TS, 11.1N, 154.1W,  35, -999, -999, -999, -999, -999, -999, -999, -999, -999, -999, -999, -999, -999, -999
19900808, 1800,  , TS, 11.4N, 155.2W,  35, -999, -999, -999, -999, -999, -999, -999, -999, -999, -999, -999, -999, -999, -999
19900809, 0000,  , TS, 11.8N, 156.2W,  35, -999, -999, -999, -999, -999, -999, -999, -999, -999, -999, -999, -999, -999, -999
19900809, 0600,  , TS, 12.0N, 157.3W,  40, -999, -999, -999, -999, -999, -999, -999, -999, -999, -999, -999, -999, -999, -999
19900809, 1200,  , TS, 11.9N, 158.5W,  45, -999, -999, -999, -999, -999, -999, -999, -999, -999, -999, -999, -999, -999, -999
19900809, 1800,  , TS, 11.6N, 160.1W,  50, -999, -999, -999, -999, -999, -999, -999, -999, -999, -999, -999, -999, -999, -999
19900810, 0000,  , TS, 11.3N, 161.7W,  50, -999, -999, -999, -999, -999, -999, -999, -999, -999, -999, -999, -999, -999, -999
19900810, 0600,  , TS, 11.1N, 163.1W,  50, -999, -999, -999, -999, -999, -999, -999, -999, -999, -999, -999, -999, -999, -999
19900810, 1200,  , TS, 11.3N, 164.5W,  55, -999, -999, -999, -999, -999, -999, -999, -999, -999, -999, -999, -999, -999, -999
19900810, 1800,  , TS, 11.6N, 166.4W,  55, -999, -999, -999, -999, -999, -999, -999, -999, -999, -999, -999, -999, -999, -999
19900811, 0000,  , TS, 12.4N, 168.0W,  45, -999, -999, -999, -999, -999, -999, -999, -999, -999, -999, -999, -999, -999, -999
19900811, 0600,  , TS, 12.8N, 169.1W,  45, -999, -999, -999, -999, -999, -999, -999, -999, -999, -999, -999, -999, -999, -999
19900811, 1200,  , TS, 13.1N, 170.2W,  35, -999, -999, -999, -999, -999, -999, -999, -999, -999, -999, -999, -999, -999, -999
19900811, 1800,  , TS, 13.4N, 171.3W,  35, -999, -999, -999, -999, -999, -999, -999, -999, -999, -999, -999, -999, -999, -999
19900812, 0000,  , TS, 13.8N, 172.5W,  35, -999, -999, -999, -999, -999, -999, -999, -999, -999, -999, -999, -999, -999, -999
19900812, 0600,  , TS, 14.1N, 173.6W,  35, -999, -999, -999, -999, -999, -999, -999, -999, -999, -999, -999, -999, -999, -999
19900812, 1200,  , TS, 14.3N, 174.8W,  40, -999, -999, -999, -999, -999, -999, -999, -999, -999, -999, -999, -999, -999, -999
19900812, 1800,  , TS, 14.6N, 176.0W,  45, -999, -999, -999, -999, -999, -999, -999, -999, -999, -999, -999, -999, -999, -999
19900813, 0000,  , TS, 14.9N, 177.8W,  45, -999, -999, -999, -999, -999, -999, -999, -999, -999, -999, -999, -999, -999, -999
19900813, 0600,  , TS, 15.0N, 179.4W,  45, -999, -999, -999, -999, -999, -999, -999, -999, -999, -999, -999, -999, -999, -999
19900813, 1200,  , TS, 15.0N, 179.0W,  40, -999, -999, -999, -999, -999, -999, -999, -999, -999, -999, -999, -999, -999, -999
19900813, 1800,  , TS, 15.0N, 177.5E,  40, -999, -999, -999, -999, -999, -999, -999, -999, -999, -999, -999, -999, -999, -999
19900814, 0000,  , TS, 15.1N, 175.6E,  35, -999, -999, -999, -999, -999, -999, -999, -999, -999, -999, -999, -999, -999, -999
19900814, 0600,  , TS, 15.4N, 173.9E,  35, -999, -999, -999, -999, -999, -999, -999, -999, -999, -999, -999, -999, -999, -999
19900814, 1200,  , TS, 15.9N, 172.2E,  35, -999, -999, -999, -999, -999, -999, -999, -999, -999, -999, -999, -999, -999, -999
19900814, 1800,  , TS, 16.3N, 171.0E,  35, -999, -999, -999, -999, -999, -999, -999, -999, -999, -999, -999, -999, -999, -999
19900815, 0000,  , TS, 16.6N, 169.8E,  35, -999, -999, -999, -999, -999, -999, -999, -999, -999, -999, -999, -999, -999, -999
19900815, 0600,  , TD, 16.7N, 168.7E,  30, -999, -999, -999, -999, -999, -999, -999, -999, -999, -999, -999, -999, -999, -999
19900815, 1200,  , TD, 16.8N, 167.7E,  25, -999, -999, -999, -999, -999, -999, -999, -999, -999, -999, -999, -999, -999, -999
EP111990,            UNNAMED,     10,
19900724, 0000,  , TD, 12.5N, 129.0W,  20, -999, -999, -999, -999, -999, -999, -999, -999, -999, -999, -999, -999, -999, -999
19900724, 0600,  , TD, 13.0N, 129.6W,  20, -999, -999, -999, -999, -999, -999, -999, -999, -999, -999, -999, -999, -999, -999
19900724, 1200,  , TD, 13.6N, 129.8W,  20, -999, -999, -999, -999, -999, -999, -999, -999, -999, -999, -999, -999, -999, -999
19900724, 1800,  , TD, 13.9N, 129.8W,  25, -999, -999, -999, -999, -999, -999, -999, -999, -999, -999, -999, -999, -999, -999
19900725, 0000,  , TD, 14.2N, 129.8W,  25, -999, -999, -999, -999, -999, -999, -999, -999, -999, -999, -999, -999, -999, -999
19900725, 0600,  , TD, 14.4N, 130.0W,  25, -999, -999, -999, -999, -999, -999, -999, -999, -999, -999, -999, -999, -999, -999
19900725, 1200,  , TD, 14.5N, 130.4W,  25, -999, -999, -999, -999, -999, -999, -999, -999, -999, -999, -999, -999, -999, -999
19900725, 1800,  , TD, 14.4N, 130.9W,  25, -999, -999, -999, -999, -999, -999, -999, -999, -999, -999, -999, -999, -999, -999
19900726, 0000,  , TD, 14.4N, 131.3W,  25, -999, -999, -999, -999, -999, -999, -999, -999, -999, -999, -999, -999, -999, -999
19900726, 0600,  , TD, 14.5N, 131.5W,  25, -999, -999, -999, -999, -999, -999, -999, -999, -999, -999, -999, -999, -999, -999
EP121990,            UNNAMED,     14,
19900816, 1200,  , TD, 10.6N, 111.5W,  20, -999, -999, -999, -999, -999, -999, -999, -999, -999, -999, -999, -999, -999, -999
19900816, 1800,  , TD, 10.8N, 112.5W,  25, -999, -999, -999, -999, -999, -999, -999, -999, -999, -999, -999, -999, -999, -999
19900817, 0000,  , TD, 11.1N, 113.9W,  25, -999, -999, -999, -999, -999, -999, -999, -999, -999, -999, -999, -999, -999, -999
19900817, 0600,  , TD, 11.3N, 115.3W,  25, -999, -999, -999, -999, -999, -999, -999, -999, -999, -999, -999, -999, -999, -999
19900817, 1200,  , TD, 11.2N, 116.4W,  25, -999, -999, -999, -999, -999, -999, -999, -999, -999, -999, -999, -999, -999, -999
19900817, 1800,  , TD, 11.1N, 117.4W,  25, -999, -999, -999, -999, -999, -999, -999, -999, -999, -999, -999, -999, -999, -999
19900818, 0000,  , TD, 11.1N, 118.6W,  30, -999, -999, -999, -999, -999, -999, -999, -999, -999, -999, -999, -999, -999, -999
19900818, 0600,  , TD, 11.2N, 119.8W,  30, -999, -999, -999, -999, -999, -999, -999, -999, -999, -999, -999, -999, -999, -999
19900818, 1200,  , TD, 11.5N, 121.2W,  30, -999, -999, -999, -999, -999, -999, -999, -999, -999, -999, -999, -999, -999, -999
19900818, 1800,  , TD, 11.9N, 122.4W,  30, -999, -999, -999, -999, -999, -999, -999, -999, -999, -999, -999, -999, -999, -999
19900819, 0000,  , TD, 12.3N, 123.6W,  30, -999, -999, -999, -999, -999, -999, -999, -999, -999, -999, -999, -999, -999, -999
19900819, 0600,  , TD, 12.7N, 124.7W,  30, -999, -999, -999, -999, -999, -999, -999, -999, -999, -999, -999, -999, -999, -999
19900819, 1200,  , TD, 13.2N, 125.6W,  30, -999, -999, -999, -999, -999, -999, -999, -999, -999, -999, -999, -999, -999, -999
19900819, 1800,  , TD, 13.9N, 126.1W,  30, -999, -999, -999, -999, -999, -999, -999, -999, -999, -999, -999, -999, -999, -999
EP131990,              JULIO,     32,
19900817, 0000,  , TD, 11.1N,  99.0W,  25, 1012, -999, -999, -999, -999, -999, -999, -999, -999, -999, -999, -999, -999, -999
19900817, 0600,  , TD, 11.5N, 100.8W,  25, 1012, -999, -999, -999, -999, -999, -999, -999, -999, -999, -999, -999, -999, -999
19900817, 1200,  , TD, 11.9N, 102.4W,  25, 1011, -999, -999, -999, -999, -999, -999, -999, -999, -999, -999, -999, -999, -999
19900817, 1800,  , TD, 12.2N, 103.9W,  25, 1010, -999, -999, -999, -999, -999, -999, -999, -999, -999, -999, -999, -999, -999
19900818, 0000,  , TD, 12.5N, 105.4W,  30, 1009, -999, -999, -999, -999, -999, -999, -999, -999, -999, -999, -999, -999, -999
19900818, 0600,  , TS, 12.7N, 106.6W,  35, 1005, -999, -999, -999, -999, -999, -999, -999, -999, -999, -999, -999, -999, -999
19900818, 1200,  , TS, 12.8N, 107.8W,  40, 1001, -999, -999, -999, -999, -999, -999, -999, -999, -999, -999, -999, -999, -999
19900818, 1800,  , TS, 13.2N, 108.8W,  45,  998, -999, -999, -999, -999, -999, -999, -999, -999, -999, -999, -999, -999, -999
19900819, 0000,  , TS, 13.7N, 110.1W,  50,  994, -999, -999, -999, -999, -999, -999, -999, -999, -999, -999, -999, -999, -999
19900819, 0600,  , TS, 14.3N, 111.4W,  60,  991, -999, -999, -999, -999, -999, -999, -999, -999, -999, -999, -999, -999, -999
19900819, 1200,  , HU, 14.8N, 112.6W,  65,  988, -999, -999, -999, -999, -999, -999, -999, -999, -999, -999, -999, -999, -999
19900819, 1800,  , HU, 15.3N, 113.7W,  70,  985, -999, -999, -999, -999, -999, -999, -999, -999, -999, -999, -999, -999, -999
19900820, 0000,  , HU, 15.6N, 114.7W,  75,  981, -999, -999, -999, -999, -999, -999, -999, -999, -999, -999, -999, -999, -999
19900820, 0600,  , HU, 15.9N, 115.7W,  80,  978, -999, -999, -999, -999, -999, -999, -999, -999, -999, -999, -999, -999, -999
19900820, 1200,  , HU, 16.1N, 116.7W,  85,  974, -999, -999, -999, -999, -999, -999, -999, -999, -999, -999, -999, -999, -999
19900820, 1800,  , HU, 16.3N, 117.6W,  90,  970, -999, -999, -999, -999, -999, -999, -999, -999, -999, -999, -999, -999, -999
19900821, 0000,  , HU, 16.6N, 118.5W,  95,  966, -999, -999, -999, -999, -999, -999, -999, -999, -999, -999, -999, -999, -999
19900821, 0600,  , HU, 16.7N, 119.5W, 100,  962, -999, -999, -999, -999, -999, -999, -999, -999, -999, -999, -999, -999, -999
19900821, 1200,  , HU, 16.9N, 120.6W, 100,  960, -999, -999, -999, -999, -999, -999, -999, -999, -999, -999, -999, -999, -999
19900821, 1800,  , HU, 16.9N, 121.8W, 100,  960, -999, -999, -999, -999, -999, -999, -999, -999, -999, -999, -999, -999, -999
19900822, 0000,  , HU, 16.9N, 123.0W, 100,  961, -999, -999, -999, -999, -999, -999, -999, -999, -999, -999, -999, -999, -999
19900822, 0600,  , HU, 16.9N, 124.2W,  95,  963, -999, -999, -999, -999, -999, -999, -999, -999, -999, -999, -999, -999, -999
19900822, 1200,  , HU, 16.9N, 125.5W,  80,  970, -999, -999, -999, -999, -999, -999, -999, -999, -999, -999, -999, -999, -999
19900822, 1800,  , HU, 16.9N, 126.9W,  65,  982, -999, -999, -999, -999, -999, -999, -999, -999, -999, -999, -999, -999, -999
19900823, 0000,  , TS, 16.8N, 128.4W,  55,  990, -999, -999, -999, -999, -999, -999, -999, -999, -999, -999, -999, -999, -999
19900823, 0600,  , TS, 16.8N, 130.2W,  50,  997, -999, -999, -999, -999, -999, -999, -999, -999, -999, -999, -999, -999, -999
19900823, 1200,  , TS, 17.0N, 131.7W,  45, 1001, -999, -999, -999, -999, -999, -999, -999, -999, -999, -999, -999, -999, -999
19900823, 1800,  , TS, 17.5N, 132.9W,  40, 1005, -999, -999, -999, -999, -999, -999, -999, -999, -999, -999, -999, -999, -999
19900824, 0000,  , TS, 17.8N, 134.1W,  35, 1006, -999, -999, -999, -999, -999, -999, -999, -999, -999, -999, -999, -999, -999
19900824, 0600,  , TD, 17.8N, 135.3W,  30, 1008, -999, -999, -999, -999, -999, -999, -999, -999, -999, -999, -999, -999, -999
19900824, 1200,  , TD, 17.6N, 136.6W,  30, 1009, -999, -999, -999, -999, -999, -999, -999, -999, -999, -999, -999, -999, -999
19900824, 1800,  , TD, 17.1N, 137.8W,  25, 1010, -999, -999, -999, -999, -999, -999, -999, -999, -999, -999, -999, -999, -999
EP141990,              KENNA,     36,
19900821, 1800,  , TD, 14.0N, 111.6W,  30, 1009, -999, -999, -999, -999, -999, -999, -999, -999, -999, -999, -999, -999, -999
19900822, 0000,  , TD, 14.4N, 112.6W,  30, 1009, -999, -999, -999, -999, -999, -999, -999, -999, -999, -999, -999, -999, -999
19900822, 0600,  , TS, 14.6N, 113.6W,  35, 1005, -999, -999, -999, -999, -999, -999, -999, -999, -999, -999, -999, -999, -999
19900822, 1200,  , TS, 14.7N, 114.6W,  40, 1003, -999, -999, -999, -999, -999, -999, -999, -999, -999, -999, -999, -999, -999
19900822, 1800,  , TS, 15.0N, 115.5W,  45, 1000, -999, -999, -999, -999, -999, -999, -999, -999, -999, -999, -999, -999, -999
19900823, 0000,  , TS, 15.4N, 116.4W,  45, 1000, -999, -999, -999, -999, -999, -999, -999, -999, -999, -999, -999, -999, -999
19900823, 0600,  , TS, 15.6N, 117.3W,  50,  997, -999, -999, -999, -999, -999, -999, -999, -999, -999, -999, -999, -999, -999
19900823, 1200,  , TS, 15.5N, 118.4W,  55,  994, -999, -999, -999, -999, -999, -999, -999, -999, -999, -999, -999, -999, -999
19900823, 1800,  , TS, 15.3N, 119.2W,  55,  994, -999, -999, -999, -999, -999, -999, -999, -999, -999, -999, -999, -999, -999
19900824, 0000,  , TS, 15.1N, 120.0W,  55,  994, -999, -999, -999, -999, -999, -999, -999, -999, -999, -999, -999, -999, -999
19900824, 0600,  , TS, 14.9N, 120.9W,  55,  993, -999, -999, -999, -999, -999, -999, -999, -999, -999, -999, -999, -999, -999
19900824, 1200,  , TS, 14.9N, 122.0W,  55,  993, -999, -999, -999, -999, -999, -999, -999, -999, -999, -999, -999, -999, -999
19900824, 1800,  , TS, 14.9N, 123.2W,  60,  990, -999, -999, -999, -999, -999, -999, -999, -999, -999, -999, -999, -999, -999
19900825, 0000,  , HU, 15.1N, 124.3W,  65,  987, -999, -999, -999, -999, -999, -999, -999, -999, -999, -999, -999, -999, -999
19900825, 0600,  , HU, 15.4N, 125.4W,  65,  986, -999, -999, -999, -999, -999, -999, -999, -999, -999, -999, -999, -999, -999
19900825, 1200,  , HU, 15.5N, 126.7W,  70,  983, -999, -999, -999, -999, -999, -999, -999, -999, -999, -999, -999, -999, -999
19900825, 1800,  , HU, 15.5N, 128.0W,  70,  983, -999, -999, -999, -999, -999, -999, -999, -999, -999, -999, -999, -999, -999
19900826, 0000,  , HU, 15.8N, 129.3W,  75,  980, -999, -999, -999, -999, -999, -999, -999, -999, -999, -999, -999, -999, -999
19900826, 0600,  , HU, 16.2N, 130.4W,  75,  980, -999, -999, -999, -999, -999, -999, -999, -999, -999, -999, -999, -999, -999
19900826, 1200,  , HU, 16.7N, 131.3W,  70,  983, -999, -999, -999, -999, -999, -999, -999, -999, -999, -999, -999, -999, -999
19900826, 1800,  , HU, 17.1N, 132.1W,  70,  983, -999, -999, -999, -999, -999, -999, -999, -999, -999, -999, -999, -999, -999
19900827, 0000,  , HU, 17.7N, 132.8W,  70,  983, -999, -999, -999, -999, -999, -999, -999, -999, -999, -999, -999, -999, -999
19900827, 0600,  , HU, 18.3N, 133.4W,  70,  983, -999, -999, -999, -999, -999, -999, -999, -999, -999, -999, -999, -999, -999
19900827, 1200,  , HU, 19.0N, 133.7W,  70,  984, -999, -999, -999, -999, -999, -999, -999, -999, -999, -999, -999, -999, -999
19900827, 1800,  , HU, 19.6N, 134.0W,  65,  987, -999, -999, -999, -999, -999, -999, -999, -999, -999, -999, -999, -999, -999
19900828, 0000,  , TS, 20.3N, 134.3W,  55,  994, -999, -999, -999, -999, -999, -999, -999, -999, -999, -999, -999, -999, -999
19900828, 0600,  , TS, 20.9N, 134.4W,  55,  996, -999, -999, -999, -999, -999, -999, -999, -999, -999, -999, -999, -999, -999
19900828, 1200,  , TS, 21.3N, 134.3W,  45, 1000, -999, -999, -999, -999, -999, -999, -999, -999, -999, -999, -999, -999, -999
19900828, 1800,  , TS, 21.3N, 134.1W,  40, 1003, -999, -999, -999, -999, -999, -999, -999, -999, -999, -999, -999, -999, -999
19900829, 0000,  , TS, 21.3N, 134.1W,  35, 1005, -999, -999, -999, -999, -999, -999, -999, -999, -999, -999, -999, -999, -999
19900829, 0600,  , TD, 21.3N, 134.3W,  30, 1009, -999, -999, -999, -999, -999, -999, -999, -999, -999, -999, -999, -999, -999
19900829, 1200,  , TD, 21.2N, 134.8W,  30, 1009, -999, -999, -999, -999, -999, -999, -999, -999, -999, -999, -999, -999, -999
19900829, 1800,  , TD, 21.0N, 135.3W,  30, 1009, -999, -999, -999, -999, -999, -999, -999, -999, -999, -999, -999, -999, -999
19900830, 0000,  , TD, 20.6N, 135.9W,  25, 1010, -999, -999, -999, -999, -999, -999, -999, -999, -999, -999, -999, -999, -999
19900830, 0600,  , TD, 20.0N, 136.7W,  25, 1010, -999, -999, -999, -999, -999, -999, -999, -999, -999, -999, -999, -999, -999
19900830, 1200,  , TD, 19.5N, 137.8W,  20, 1011, -999, -999, -999, -999, -999, -999, -999, -999, -999, -999, -999, -999, -999
EP151990,             LOWELL,     36,
19900823, 1800,  , TD, 14.0N,  96.5W,  20, 1011, -999, -999, -999, -999, -999, -999, -999, -999, -999, -999, -999, -999, -999
19900824, 0000,  , TD, 14.1N,  97.6W,  25, 1011, -999, -999, -999, -999, -999, -999, -999, -999, -999, -999, -999, -999, -999
19900824, 0600,  , TD, 14.4N,  98.7W,  25, 1011, -999, -999, -999, -999, -999, -999, -999, -999, -999, -999, -999, -999, -999
19900824, 1200,  , TD, 14.9N,  99.9W,  25, 1011, -999, -999, -999, -999, -999, -999, -999, -999, -999, -999, -999, -999, -999
19900824, 1800,  , TD, 15.4N, 101.3W,  25, 1010, -999, -999, -999, -999, -999, -999, -999, -999, -999, -999, -999, -999, -999
19900825, 0000,  , TD, 15.9N, 102.6W,  30, 1010, -999, -999, -999, -999, -999, -999, -999, -999, -999, -999, -999, -999, -999
19900825, 0600,  , TD, 16.3N, 103.7W,  30, 1009, -999, -999, -999, -999, -999, -999, -999, -999, -999, -999, -999, -999, -999
19900825, 1200,  , TD, 17.0N, 104.9W,  30, 1007, -999, -999, -999, -999, -999, -999, -999, -999, -999, -999, -999, -999, -999
19900825, 1800,  , TS, 17.7N, 106.2W,  35, 1005, -999, -999, -999, -999, -999, -999, -999, -999, -999, -999, -999, -999, -999
19900826, 0000,  , TS, 18.3N, 107.4W,  40, 1002, -999, -999, -999, -999, -999, -999, -999, -999, -999, -999, -999, -999, -999
19900826, 0600,  , TS, 18.7N, 108.5W,  45,  999, -999, -999, -999, -999, -999, -999, -999, -999, -999, -999, -999, -999, -999
19900826, 1200,  , TS, 19.0N, 109.5W,  50,  996, -999, -999, -999, -999, -999, -999, -999, -999, -999, -999, -999, -999, -999
19900826, 1800,  , TS, 19.3N, 110.5W,  55,  992, -999, -999, -999, -999, -999, -999, -999, -999, -999, -999, -999, -999, -999
19900827, 0000,  , TS, 19.4N, 111.5W,  60,  989, -999, -999, -999, -999, -999, -999, -999, -999, -999, -999, -999, -999, -999
19900827, 0600,  , HU, 19.5N, 112.5W,  65,  987, -999, -999, -999, -999, -999, -999, -999, -999, -999, -999, -999, -999, -999
19900827, 1200,  , HU, 19.5N, 113.6W,  65,  987, -999, -999, -999, -999, -999, -999, -999, -999, -999, -999, -999, -999, -999
19900827, 1800,  , HU, 19.4N, 114.9W,  65,  987, -999, -999, -999, -999, -999, -999, -999, -999, -999, -999, -999, -999, -999
19900828, 0000,  , HU, 19.1N, 116.2W,  65,  986, -999, -999, -999, -999, -999, -999, -999, -999, -999, -999, -999, -999, -999
19900828, 0600,  , HU, 18.7N, 117.5W,  65,  987, -999, -999, -999, -999, -999, -999, -999, -999, -999, -999, -999, -999, -999
19900828, 1200,  , HU, 18.5N, 118.7W,  65,  987, -999, -999, -999, -999, -999, -999, -999, -999, -999, -999, -999, -999, -999
19900828, 1800,  , TS, 18.2N, 119.8W,  60,  988, -999, -999, -999, -999, -999, -999, -999, -999, -999, -999, -999, -999, -999
19900829, 0000,  , TS, 18.0N, 120.7W,  60,  991, -999, -999, -999, -999, -999, -999, -999, -999, -999, -999, -999, -999, -999
19900829, 0600,  , TS, 17.9N, 121.6W,  55,  993, -999, -999, -999, -999, -999, -999, -999, -999, -999, -999, -999, -999, -999
19900829, 1200,  , TS, 18.0N, 122.5W,  55,  995, -999, -999, -999, -999, -999, -999, -999, -999, -999, -999, -999, -999, -999
19900829, 1800,  , TS, 18.3N, 123.4W,  50,  996, -999, -999, -999, -999, -999, -999, -999, -999, -999, -999, -999, -999, -999
19900830, 0000,  , TS, 18.7N, 124.3W,  50,  997, -999, -999, -999, -999, -999, -999, -999, -999, -999, -999, -999, -999, -999
19900830, 0600,  , TS, 19.2N, 125.3W,  45,  998, -999, -999, -999, -999, -999, -999, -999, -999, -999, -999, -999, -999, -999
19900830, 1200,  , TS, 19.5N, 126.5W,  45, 1000, -999, -999, -999, -999, -999, -999, -999, -999, -999, -999, -999, -999, -999
19900830, 1800,  , TS, 19.7N, 127.7W,  40, 1001, -999, -999, -999, -999, -999, -999, -999, -999, -999, -999, -999, -999, -999
19900831, 0000,  , TS, 19.9N, 128.8W,  35, 1003, -999, -999, -999, -999, -999, -999, -999, -999, -999, -999, -999, -999, -999
19900831, 0600,  , TS, 20.0N, 130.0W,  35, 1006, -999, -999, -999, -999, -999, -999, -999, -999, -999, -999, -999, -999, -999
19900831, 1200,  , TD, 20.1N, 131.2W,  30, 1008, -999, -999, -999, -999, -999, -999, -999, -999, -999, -999, -999, -999, -999
19900831, 1800,  , TD, 20.1N, 132.3W,  30, 1010, -999, -999, -999, -999, -999, -999, -999, -999, -999, -999, -999, -999, -999
19900901, 0000,  , TD, 20.0N, 133.5W,  25, 1011, -999, -999, -999, -999, -999, -999, -999, -999, -999, -999, -999, -999, -999
19900901, 0600,  , TD, 19.9N, 134.7W,  25, 1012, -999, -999, -999, -999, -999, -999, -999, -999, -999, -999, -999, -999, -999
19900901, 1200,  , TD, 19.9N, 136.2W,  20, 1014, -999, -999, -999, -999, -999, -999, -999, -999, -999, -999, -999, -999, -999
EP161990,              MARIE,     55,
19900907, 1200,  , TD, 12.0N, 122.0W,  25, 1011, -999, -999, -999, -999, -999, -999, -999, -999, -999, -999, -999, -999, -999
19900907, 1800,  , TD, 12.2N, 123.2W,  25, 1010, -999, -999, -999, -999, -999, -999, -999, -999, -999, -999, -999, -999, -999
19900908, 0000,  , TD, 12.4N, 124.3W,  30, 1009, -999, -999, -999, -999, -999, -999, -999, -999, -999, -999, -999, -999, -999
19900908, 0600,  , TD, 12.8N, 125.4W,  30, 1007, -999, -999, -999, -999, -999, -999, -999, -999, -999, -999, -999, -999, -999
19900908, 1200,  , TS, 13.2N, 126.3W,  35, 1003, -999, -999, -999, -999, -999, -999, -999, -999, -999, -999, -999, -999, -999
19900908, 1800,  , TS, 13.6N, 127.2W,  45,  999, -999, -999, -999, -999, -999, -999, -999, -999, -999, -999, -999, -999, -999
19900909, 0000,  , TS, 14.0N, 128.0W,  55,  994, -999, -999, -999, -999, -999, -999, -999, -999, -999, -999, -999, -999, -999
19900909, 0600,  , HU, 14.3N, 128.6W,  65,  986, -999, -999, -999, -999, -999, -999, -999, -999, -999, -999, -999, -999, -999
19900909, 1200,  , HU, 14.6N, 129.1W,  75,  980, -999, -999, -999, -999, -999, -999, -999, -999, -999, -999, -999, -999, -999
19900909, 1800,  , HU, 14.8N, 129.5W,  80,  978, -999, -999, -999, -999, -999, -999, -999, -999, -999, -999, -999, -999, -999
19900910, 0000,  , HU, 14.9N, 129.9W,  85,  974, -999, -999, -999, -999, -999, -999, -999, -999, -999, -999, -999, -999, -999
19900910, 0600,  , HU, 15.0N, 130.4W,  90,  969, -999, -999, -999, -999, -999, -999, -999, -999, -999, -999, -999, -999, -999
19900910, 1200,  , HU, 15.0N, 131.0W, 100,  962, -999, -999, -999, -999, -999, -999, -999, -999, -999, -999, -999, -999, -999
19900910, 1800,  , HU, 14.9N, 131.5W, 110,  951, -999, -999, -999, -999, -999, -999, -999, -999, -999, -999, -999, -999, -999
19900911, 0000,  , HU, 14.8N, 132.1W, 120,  945, -999, -999, -999, -999, -999, -999, -999, -999, -999, -999, -999, -999, -999
19900911, 0600,  , HU, 14.7N, 132.8W, 120,  944, -999, -999, -999, -999, -999, -999, -999, -999, -999, -999, -999, -999, -999
19900911, 1200,  , HU, 14.8N, 133.5W, 120,  946, -999, -999, -999, -999, -999, -999, -999, -999, -999, -999, -999, -999, -999
19900911, 1800,  , HU, 15.0N, 134.2W, 115,  948, -999, -999, -999, -999, -999, -999, -999, -999, -999, -999, -999, -999, -999
19900912, 0000,  , HU, 15.3N, 134.9W, 110,  952, -999, -999, -999, -999, -999, -999, -999, -999, -999, -999, -999, -999, -999
19900912, 0600,  , HU, 15.6N, 135.5W, 100,  960, -999, -999, -999, -999, -999, -999, -999, -999, -999, -999, -999, -999, -999
19900912, 1200,  , HU, 16.0N, 136.0W,  90,  969, -999, -999, -999, -999, -999, -999, -999, -999, -999, -999, -999, -999, -999
19900912, 1800,  , HU, 16.3N, 136.6W,  85,  973, -999, -999, -999, -999, -999, -999, -999, -999, -999, -999, -999, -999, -999
19900913, 0000,  , HU, 16.7N, 137.1W,  90,  973, -999, -999, -999, -999, -999, -999, -999, -999, -999, -999, -999, -999, -999
19900913, 0600,  , HU, 17.0N, 137.7W,  90,  969, -999, -999, -999, -999, -999, -999, -999, -999, -999, -999, -999, -999, -999
19900913, 1200,  , HU, 17.3N, 138.2W,  95,  963, -999, -999, -999, -999, -999, -999, -999, -999, -999, -999, -999, -999, -999
19900913, 1800,  , HU, 17.4N, 138.7W, 100,  960, -999, -999, -999, -999, -999, -999, -999, -999, -999, -999, -999, -999, -999
19900914, 0000,  , HU, 17.5N, 139.2W, 100,  960, -999, -999, -999, -999, -999, -999, -999, -999, -999, -999, -999, -999, -999
19900914, 0600,  , HU, 17.4N, 139.6W, 100,  960, -999, -999, -999, -999, -999, -999, -999, -999, -999, -999, -999, -999, -999
19900914, 1200,  , HU, 17.5N, 140.1W, 100,  960, -999, -999, -999, -999, -999, -999, -999, -999, -999, -999, -999, -999, -999
19900914, 1800,  , HU, 17.4N, 140.8W, 100,  960, -999, -999, -999, -999, -999, -999, -999, -999, -999, -999, -999, -999, -999
19900915, 0000,  , HU, 17.3N, 141.8W, 100,  960, -999, -999, -999, -999, -999, -999, -999, -999, -999, -999, -999, -999, -999
19900915, 0600,  , HU, 17.0N, 142.7W, 100,  960, -999, -999, -999, -999, -999, -999, -999, -999, -999, -999, -999, -999, -999
19900915, 1200,  , HU, 16.7N, 143.6W, 100,  960, -999, -999, -999, -999, -999, -999, -999, -999, -999, -999, -999, -999, -999
19900915, 1800,  , HU, 16.6N, 144.6W, 100,  960, -999, -999, -999, -999, -999, -999, -999, -999, -999, -999, -999, -999, -999
19900916, 0000,  , HU, 16.6N, 145.7W, 100,  960, -999, -999, -999, -999, -999, -999, -999, -999, -999, -999, -999, -999, -999
19900916, 0600,  , HU, 16.7N, 146.8W, 100,  960, -999, -999, -999, -999, -999, -999, -999, -999, -999, -999, -999, -999, -999
19900916, 1200,  , HU, 16.9N, 147.7W, 100,  960, -999, -999, -999, -999, -999, -999, -999, -999, -999, -999, -999, -999, -999
19900916, 1800,  , HU, 17.2N, 148.5W,  80,  980, -999, -999, -999, -999, -999, -999, -999, -999, -999, -999, -999, -999, -999
19900917, 0000,  , HU, 17.6N, 149.5W,  70,  989, -999, -999, -999, -999, -999, -999, -999, -999, -999, -999, -999, -999, -999
19900917, 0600,  , TS, 17.9N, 150.3W,  60,  996, -999, -999, -999, -999, -999, -999, -999, -999, -999, -999, -999, -999, -999
19900917, 1200,  , TS, 18.2N, 151.0W,  50, 1002, -999, -999, -999, -999, -999, -999, -999, -999, -999, -999, -999, -999, -999
19900917, 1800,  , TS, 18.0N, 151.5W,  50, 1002, -999, -999, -999, -999, -999, -999, -999, -999, -999, -999, -999, -999, -999
19900918, 0000,  , TS, 17.8N, 151.9W,  60,  996, -999, -999, -999, -999, -999, -999, -999, -999, -999, -999, -999, -999, -999
19900918, 0600,  , TS, 17.3N, 152.5W,  60,  996, -999, -999, -999, -999, -999, -999, -999, -999, -999, -999, -999, -999, -999
19900918, 1200,  , TS, 16.8N, 153.1W,  55, 1000, -999, -999, -999, -999, -999, -999, -999, -999, -999, -999, -999, -999, -999
19900918, 1800,  , TS, 16.4N, 153.7W,  40, 1006, -999, -999, -999, -999, -999, -999, -999, -999, -999, -999, -999, -999, -999
19900919, 0000,  , TD, 16.2N, 154.5W,  30, 1012, -999, -999, -999, -999, -999, -999, -999, -999, -999, -999, -999, -999, -999
19900919, 0600,  , TD, 16.0N, 155.2W,  30, 1012, -999, -999, -999, -999, -999, -999, -999, -999, -999, -999, -999, -999, -999
19900919, 1200,  , TD, 15.9N, 155.8W,  30, 1012, -999, -999, -999, -999, -999, -999, -999, -999, -999, -999, -999, -999, -999
19900919, 1800,  , TD, 15.8N, 156.4W,  30, 1012, -999, -999, -999, -999, -999, -999, -999, -999, -999, -999, -999, -999, -999
19900920, 0000,  , TD, 15.8N, 157.0W,  30, 1012, -999, -999, -999, -999, -999, -999, -999, -999, -999, -999, -999, -999, -999
19900920, 0600,  , TD, 15.8N, 157.8W,  30, 1012, -999, -999, -999, -999, -999, -999, -999, -999, -999, -999, -999, -999, -999
19900920, 1200,  , TD, 15.8N, 158.6W,  30, 1012, -999, -999, -999, -999, -999, -999, -999, -999, -999, -999, -999, -999, -999
19900920, 1800,  , TD, 15.9N, 159.5W,  30, 1012, -999, -999, -999, -999, -999, -999, -999, -999, -999, -999, -999, -999, -999
19900921, 0000,  , TD, 16.0N, 160.2W,  25, 1014, -999, -999, -999, -999, -999, -999, -999, -999, -999, -999, -999, -999, -999
EP171990,            NORBERT,     39,
19900910, 0000,  , TD, 12.2N, 111.6W,  25, 1009, -999, -999, -999, -999, -999, -999, -999, -999, -999, -999, -999, -999, -999
19900910, 0600,  , TD, 12.4N, 111.8W,  30, 1009, -999, -999, -999, -999, -999, -999, -999, -999, -999, -999, -999, -999, -999
19900910, 1200,  , TD, 12.7N, 111.9W,  30, 1008, -999, -999, -999, -999, -999, -999, -999, -999, -999, -999, -999, -999, -999
19900910, 1800,  , TS, 13.1N, 111.9W,  35, 1005, -999, -999, -999, -999, -999, -999, -999, -999, -999, -999, -999, -999, -999
19900911, 0000,  , TS, 13.4N, 112.0W,  40, 1002, -999, -999, -999, -999, -999, -999, -999, -999, -999, -999, -999, -999, -999
19900911, 0600,  , TS, 13.7N, 112.3W,  45, 1000, -999, -999, -999, -999, -999, -999, -999, -999, -999, -999, -999, -999, -999
19900911, 1200,  , TS, 14.3N, 112.6W,  45, 1000, -999, -999, -999, -999, -999, -999, -999, -999, -999, -999, -999, -999, -999
19900911, 1800,  , TS, 15.3N, 112.7W,  45, 1000, -999, -999, -999, -999, -999, -999, -999, -999, -999, -999, -999, -999, -999
19900912, 0000,  , TS, 16.2N, 112.7W,  45, 1000, -999, -999, -999, -999, -999, -999, -999, -999, -999, -999, -999, -999, -999
19900912, 0600,  , TS, 17.0N, 112.8W,  45, 1003, -999, -999, -999, -999, -999, -999, -999, -999, -999, -999, -999, -999, -999
19900912, 1200,  , TS, 18.1N, 113.5W,  40, 1005, -999, -999, -999, -999, -999, -999, -999, -999, -999, -999, -999, -999, -999
19900912, 1800,  , TS, 19.3N, 114.6W,  35, 1005, -999, -999, -999, -999, -999, -999, -999, -999, -999, -999, -999, -999, -999
19900913, 0000,  , TS, 19.9N, 115.7W,  40, 1002, -999, -999, -999, -999, -999, -999, -999, -999, -999, -999, -999, -999, -999
19900913, 0600,  , TS, 20.1N, 116.6W,  45, 1000, -999, -999, -999, -999, -999, -999, -999, -999, -999, -999, -999, -999, -999
19900913, 1200,  , TS, 20.1N, 117.5W,  50,  995, -999, -999, -999, -999, -999, -999, -999, -999, -999, -999, -999, -999, -999
19900913, 1800,  , TS, 20.4N, 118.3W,  55,  992, -999, -999, -999, -999, -999, -999, -999, -999, -999, -999, -999, -999, -999
19900914, 0000,  , HU, 20.7N, 119.3W,  65,  987, -999, -999, -999, -999, -999, -999, -999, -999, -999, -999, -999, -999, -999
19900914, 0600,  , HU, 20.8N, 120.3W,  65,  987, -999, -999, -999, -999, -999, -999, -999, -999, -999, -999, -999, -999, -999
19900914, 1200,  , HU, 21.0N, 121.4W,  65,  987, -999, -999, -999, -999, -999, -999, -999, -999, -999, -999, -999, -999, -999
19900914, 1800,  , HU, 21.2N, 122.5W,  65,  987, -999, -999, -999, -999, -999, -999, -999, -999, -999, -999, -999, -999, -999
19900915, 0000,  , HU, 21.1N, 123.5W,  65,  985, -999, -999, -999, -999, -999, -999, -999, -999, -999, -999, -999, -999, -999
19900915, 0600,  , HU, 21.1N, 124.4W,  70,  983, -999, -999, -999, -999, -999, -999, -999, -999, -999, -999, -999, -999, -999
19900915, 1200,  , HU, 21.0N, 125.3W,  65,  987, -999, -999, -999, -999, -999, -999, -999, -999, -999, -999, -999, -999, -999
19900915, 1800,  , TS, 20.9N, 126.2W,  55,  993, -999, -999, -999, -999, -999, -999, -999, -999, -999, -999, -999, -999, -999
19900916, 0000,  , TS, 20.8N, 126.9W,  55,  993, -999, -999, -999, -999, -999, -999, -999, -999, -999, -999, -999, -999, -999
19900916, 0600,  , TS, 20.7N, 127.4W,  55,  993, -999, -999, -999, -999, -999, -999, -999, -999, -999, -999, -999, -999, -999
19900916, 1200,  , TS, 20.7N, 127.6W,  55,  993, -999, -999, -999, -999, -999, -999, -999, -999, -999, -999, -999, -999, -999
19900916, 1800,  , TS, 20.9N, 127.7W,  55,  995, -999, -999, -999, -999, -999, -999, -999, -999, -999, -999, -999, -999, -999
19900917, 0000,  , TS, 21.3N, 127.8W,  50,  998, -999, -999, -999, -999, -999, -999, -999, -999, -999, -999, -999, -999, -999
19900917, 0600,  , TS, 21.6N, 128.0W,  45,  999, -999, -999, -999, -999, -999, -999, -999, -999, -999, -999, -999, -999, -999
19900917, 1200,  , TS, 21.9N, 128.2W,  45, 1000, -999, -999, -999, -999, -999, -999, -999, -999, -999, -999, -999, -999, -999
19900917, 1800,  , TS, 22.3N, 128.5W,  40, 1002, -999, -999, -999, -999, -999, -999, -999, -999, -999, -999, -999, -999, -999
19900918, 0000,  , TS, 22.7N, 128.6W,  35, 1005, -999, -999, -999, -999, -999, -999, -999, -999, -999, -999, -999, -999, -999
19900918, 0600,  , TD, 22.9N, 128.7W,  30, 1007, -999, -999, -999, -999, -999, -999, -999, -999, -999, -999, -999, -999, -999
19900918, 1200,  , TD, 23.1N, 128.8W,  30, 1010, -999, -999, -999, -999, -999, -999, -999, -999, -999, -999, -999, -999, -999
19900918, 1800,  , TD, 23.2N, 129.2W,  25, 1010, -999, -999, -999, -999, -999, -999, -999, -999, -999, -999, -999, -999, -999
19900919, 0000,  , TD, 23.2N, 129.9W,  25, 1010, -999, -999, -999, -999, -999, -999, -999, -999, -999, -999, -999, -999, -999
19900919, 0600,  , TD, 23.1N, 130.7W,  25, 1010, -999, -999, -999, -999, -999, -999, -999, -999, -999, -999, -999, -999, -999
19900919, 1200,  , TD, 22.9N, 131.6W,  20, 1011, -999, -999, -999, -999, -999, -999, -999, -999, -999, -999, -999, -999, -999
EP181990,            UNNAMED,     13,
19900909, 1800,  , TD, 12.8N, 102.3W,  25, -999, -999, -999, -999, -999, -999, -999, -999, -999, -999, -999, -999, -999, -999
19900910, 0000,  , TD, 13.3N, 103.1W,  25, -999, -999, -999, -999, -999, -999, -999, -999, -999, -999, -999, -999, -999, -999
19900910, 0600,  , TD, 13.9N, 104.3W,  25, -999, -999, -999, -999, -999, -999, -999, -999, -999, -999, -999, -999, -999, -999
19900910, 1200,  , TD, 14.7N, 105.8W,  25, -999, -999, -999, -999, -999, -999, -999, -999, -999, -999, -999, -999, -999, -999
19900910, 1800,  , TD, 15.6N, 107.1W,  25, -999, -999, -999, -999, -999, -999, -999, -999, -999, -999, -999, -999, -999, -999
19900911, 0000,  , TD, 16.7N, 108.2W,  25, -999, -999, -999, -999, -999, -999, -999, -999, -999, -999, -999, -999, -999, -999
19900911, 0600,  , TD, 17.8N, 109.2W,  25, -999, -999, -999, -999, -999, -999, -999, -999, -999, -999, -999, -999, -999, -999
19900911, 1200,  , TD, 18.9N, 110.2W,  25, -999, -999, -999, -999, -999, -999, -999, -999, -999, -999, -999, -999, -999, -999
19900911, 1800,  , TD, 19.7N, 111.3W,  25, -999, -999, -999, -999, -999, -999, -999, -999, -999, -999, -999, -999, -999, -999
19900912, 0000,  , TD, 19.9N, 112.5W,  30, -999, -999, -999, -999, -999, -999, -999, -999, -999, -999, -999, -999, -999, -999
19900912, 0600,  , TD, 19.6N, 113.8W,  30, -999, -999, -999, -999, -999, -999, -999, -999, -999, -999, -999, -999, -999, -999
19900912, 1200,  , TD, 19.1N, 114.7W,  30, -999, -999, -999, -999, -999, -999, -999, -999, -999, -999, -999, -999, -999, -999
19900912, 1800,  , TD, 18.6N, 115.1W,  30, -999, -999, -999, -999, -999, -999, -999, -999, -999, -999, -999, -999, -999, -999
EP191990,              ODILE,     35,
19900923, 1200,  , TD, 12.5N, 108.5W,  25, 1011, -999, -999, -999, -999, -999, -999, -999, -999, -999, -999, -999, -999, -999
19900923, 1800,  , TD, 12.8N, 109.6W,  30, 1009, -999, -999, -999, -999, -999, -999, -999, -999, -999, -999, -999, -999, -999
19900924, 0000,  , TD, 12.8N, 110.6W,  30, 1006, -999, -999, -999, -999, -999, -999, -999, -999, -999, -999, -999, -999, -999
19900924, 0600,  , TS, 12.8N, 111.6W,  40, 1002, -999, -999, -999, -999, -999, -999, -999, -999, -999, -999, -999, -999, -999
19900924, 1200,  , TS, 13.0N, 112.6W,  45,  998, -999, -999, -999, -999, -999, -999, -999, -999, -999, -999, -999, -999, -999
19900924, 1800,  , TS, 13.1N, 113.6W,  55,  995, -999, -999, -999, -999, -999, -999, -999, -999, -999, -999, -999, -999, -999
19900925, 0000,  , TS, 13.2N, 114.7W,  55,  994, -999, -999, -999, -999, -999, -999, -999, -999, -999, -999, -999, -999, -999
19900925, 0600,  , TS, 13.4N, 115.8W,  60,  988, -999, -999, -999, -999, -999, -999, -999, -999, -999, -999, -999, -999, -999
19900925, 1200,  , HU, 13.6N, 117.0W,  70,  980, -999, -999, -999, -999, -999, -999, -999, -999, -999, -999, -999, -999, -999
19900925, 1800,  , HU, 13.9N, 118.3W,  85,  972, -999, -999, -999, -999, -999, -999, -999, -999, -999, -999, -999, -999, -999
19900926, 0000,  , HU, 14.3N, 119.6W,  95,  965, -999, -999, -999, -999, -999, -999, -999, -999, -999, -999, -999, -999, -999
19900926, 0600,  , HU, 14.7N, 120.9W, 110,  953, -999, -999, -999, -999, -999, -999, -999, -999, -999, -999, -999, -999, -999
19900926, 1200,  , HU, 15.2N, 122.1W, 125,  935, -999, -999, -999, -999, -999, -999, -999, -999, -999, -999, -999, -999, -999
19900926, 1800,  , HU, 15.7N, 123.4W, 125,  935, -999, -999, -999, -999, -999, -999, -999, -999, -999, -999, -999, -999, -999
19900927, 0000,  , HU, 16.3N, 124.5W, 125,  935, -999, -999, -999, -999, -999, -999, -999, -999, -999, -999, -999, -999, -999
19900927, 0600,  , HU, 17.0N, 125.6W, 125,  935, -999, -999, -999, -999, -999, -999, -999, -999, -999, -999, -999, -999, -999
19900927, 1200,  , HU, 17.7N, 126.6W, 125,  935, -999, -999, -999, -999, -999, -999, -999, -999, -999, -999, -999, -999, -999
19900927, 1800,  , HU, 18.3N, 127.2W, 115,  946, -999, -999, -999, -999, -999, -999, -999, -999, -999, -999, -999, -999, -999
19900928, 0000,  , HU, 18.9N, 127.8W, 100,  960, -999, -999, -999, -999, -999, -999, -999, -999, -999, -999, -999, -999, -999
19900928, 0600,  , HU, 19.5N, 128.2W,  95,  963, -999, -999, -999, -999, -999, -999, -999, -999, -999, -999, -999, -999, -999
19900928, 1200,  , HU, 20.1N, 128.6W,  90,  970, -999, -999, -999, -999, -999, -999, -999, -999, -999, -999, -999, -999, -999
19900928, 1800,  , HU, 20.6N, 128.7W,  75,  980, -999, -999, -999, -999, -999, -999, -999, -999, -999, -999, -999, -999, -999
19900929, 0000,  , HU, 21.0N, 128.7W,  65,  988, -999, -999, -999, -999, -999, -999, -999, -999, -999, -999, -999, -999, -999
19900929, 0600,  , TS, 21.2N, 128.7W,  55,  994, -999, -999, -999, -999, -999, -999, -999, -999, -999, -999, -999, -999, -999
19900929, 1200,  , TS, 21.3N, 128.8W,  50,  998, -999, -999, -999, -999, -999, -999, -999, -999, -999, -999, -999, -999, -999
19900929, 1800,  , TS, 21.2N, 129.0W,  45, 1002, -999, -999, -999, -999, -999, -999, -999, -999, -999, -999, -999, -999, -999
19900930, 0000,  , TS, 20.9N, 129.3W,  35, 1006, -999, -999, -999, -999, -999, -999, -999, -999, -999, -999, -999, -999, -999
19900930, 0600,  , TD, 20.5N, 129.6W,  30, 1008, -999, -999, -999, -999, -999, -999, -999, -999, -999, -999, -999, -999, -999
19900930, 1200,  , TD, 19.9N, 130.0W,  30, 1010, -999, -999, -999, -999, -999, -999, -999, -999, -999, -999, -999, -999, -999
19900930, 1800,  , TD, 19.5N, 130.5W,  25, 1011, -999, -999, -999, -999, -999, -999, -999, -999, -999, -999, -999, -999, -999
19901001, 0000,  , TD, 19.2N, 131.1W,  25, 1012, -999, -999, -999, -999, -999, -999, -999, -999, -999, -999, -999, -999, -999
19901001, 0600,  , TD, 18.9N, 131.8W,  25, 1012, -999, -999, -999, -999, -999, -999, -999, -999, -999, -999, -999, -999, -999
19901001, 1200,  , TD, 18.5N, 132.7W,  25, 1012, -999, -999, -999, -999, -999, -999, -999, -999, -999, -999, -999, -999, -999
19901001, 1800,  , TD, 18.2N, 133.6W,  20, 1012, -999, -999, -999, -999, -999, -999, -999, -999, -999, -999, -999, -999, -999
19901002, 0000,  , TD, 17.9N, 134.6W,  20, 1012, -999, -999, -999, -999, -999, -999, -999, -999, -999, -999, -999, -999, -999
EP201990,               POLO,     13,
19900928, 1800,  , TD,  9.7N, 137.1W,  25, 1010, -999, -999, -999, -999, -999, -999, -999, -999, -999, -999, -999, -999, -999
19900929, 0000,  , TD, 10.4N, 137.5W,  25, 1010, -999, -999, -999, -999, -999, -999, -999, -999, -999, -999, -999, -999, -999
19900929, 0600,  , TD, 11.3N, 137.8W,  30, 1009, -999, -999, -999, -999, -999, -999, -999, -999, -999, -999, -999, -999, -999
19900929, 1200,  , TD, 12.3N, 138.1W,  30, 1009, -999, -999, -999, -999, -999, -999, -999, -999, -999, -999, -999, -999, -999
19900929, 1800,  , TS, 13.3N, 138.3W,  45, 1000, -999, -999, -999, -999, -999, -999, -999, -999, -999, -999, -999, -999, -999
19900930, 0000,  , TS, 14.2N, 138.7W,  55,  994, -999, -999, -999, -999, -999, -999, -999, -999, -999, -999, -999, -999, -999
19900930, 0600,  , HU, 15.0N, 139.0W,  65,  987, -999, -999, -999, -999, -999, -999, -999, -999, -999, -999, -999, -999, -999
19900930, 1200,  , HU, 15.5N, 139.3W,  65,  987, -999, -999, -999, -999, -999, -999, -999, -999, -999, -999, -999, -999, -999
19900930, 1800,  , TS, 16.0N, 139.6W,  50,  997, -999, -999, -999, -999, -999, -999, -999, -999, -999, -999, -999, -999, -999
19901001, 0000,  , TS, 16.2N, 140.3W,  45, 1000, -999, -999, -999, -999, -999, -999, -999, -999, -999, -999, -999, -999, -999
19901001, 0600,  , TS, 16.2N, 141.5W,  40, 1003, -999, -999, -999, -999, -999, -999, -999, -999, -999, -999, -999, -999, -999
19901001, 1200,  , TD, 16.0N, 142.6W,  30, 1009, -999, -999, -999, -999, -999, -999, -999, -999, -999, -999, -999, -999, -999
19901001, 1800,  , TD, 15.5N, 143.5W,  25, 1010, -999, -999, -999, -999, -999, -999, -999, -999, -999, -999, -999, -999, -999
EP211990,             RACHEL,     26,
19900927, 0000,  , TD, 13.5N,  99.3W,  25, 1010, -999, -999, -999, -999, -999, -999, -999, -999, -999, -999, -999, -999, -999
19900927, 0600,  , TD, 13.1N,  99.5W,  25, 1010, -999, -999, -999, -999, -999, -999, -999, -999, -999, -999, -999, -999, -999
19900927, 1200,  , TD, 12.7N,  99.8W,  25, 1010, -999, -999, -999, -999, -999, -999, -999, -999, -999, -999, -999, -999, -999
19900927, 1800,  , TD, 12.4N, 100.1W,  25, 1010, -999, -999, -999, -999, -999, -999, -999, -999, -999, -999, -999, -999, -999
19900928, 0000,  , TD, 12.1N, 100.5W,  25, 1009, -999, -999, -999, -999, -999, -999, -999, -999, -999, -999, -999, -999, -999
19900928, 0600,  , TD, 12.0N, 101.1W,  25, 1009, -999, -999, -999, -999, -999, -999, -999, -999, -999, -999, -999, -999, -999
19900928, 1200,  , TD, 12.0N, 101.8W,  25, 1009, -999, -999, -999, -999, -999, -999, -999, -999, -999, -999, -999, -999, -999
19900928, 1800,  , TD, 12.2N, 102.7W,  30, 1009, -999, -999, -999, -999, -999, -999, -999, -999, -999, -999, -999, -999, -999
19900929, 0000,  , TD, 12.4N, 103.7W,  30, 1008, -999, -999, -999, -999, -999, -999, -999, -999, -999, -999, -999, -999, -999
19900929, 0600,  , TD, 12.7N, 104.8W,  30, 1008, -999, -999, -999, -999, -999, -999, -999, -999, -999, -999, -999, -999, -999
19900929, 1200,  , TD, 13.2N, 105.8W,  30, 1008, -999, -999, -999, -999, -999, -999, -999, -999, -999, -999, -999, -999, -999
19900929, 1800,  , TD, 13.7N, 106.6W,  30, 1007, -999, -999, -999, -999, -999, -999, -999, -999, -999, -999, -999, -999, -999
19900930, 0000,  , TD, 14.3N, 107.8W,  30, 1006, -999, -999, -999, -999, -999, -999, -999, -999, -999, -999, -999, -999, -999
19900930, 0600,  , TS, 14.8N, 109.3W,  35, 1005, -999, -999, -999, -999, -999, -999, -999, -999, -999, -999, -999, -999, -999
19900930, 1200,  , TS, 15.4N, 110.7W,  40, 1004, -999, -999, -999, -999, -999, -999, -999, -999, -999, -999, -999, -999, -999
19900930, 1800,  , TS, 16.1N, 111.8W,  40, 1002, -999, -999, -999, -999, -999, -999, -999, -999, -999, -999, -999, -999, -999
19901001, 0000,  , TS, 16.9N, 112.4W,  45, 1001, -999, -999, -999, -999, -999, -999, -999, -999, -999, -999, -999, -999, -999
19901001, 0600,  , TS, 17.7N, 112.5W,  45,  999, -999, -999, -999, -999, -999, -999, -999, -999, -999, -999, -999, -999, -999
19901001, 1200,  , TS, 18.5N, 112.5W,  50,  998, -999, -999, -999, -999, -999, -999, -999, -999, -999, -999, -999, -999, -999
19901001, 1800,  , TS, 19.3N, 112.4W,  50,  997, -999, -999, -999, -999, -999, -999, -999, -999, -999, -999, -999, -999, -999
19901002, 0000,  , TS, 20.3N, 112.1W,  55,  995, -999, -999, -999, -999, -999, -999, -999, -999, -999, -999, -999, -999, -999
19901002, 0600,  , TS, 21.6N, 111.4W,  55,  994, -999, -999, -999, -999, -999, -999, -999, -999, -999, -999, -999, -999, -999
19901002, 1200, L, TS, 23.1N, 110.1W,  55,  995, -999, -999, -999, -999, -999, -999, -999, -999, -999, -999, -999, -999, -999
19901002, 1800,  , TS, 25.0N, 108.6W,  50,  997, -999, -999, -999, -999, -999, -999, -999, -999, -999, -999, -999, -999, -999
19901002, 1900, L, TS, 25.2N, 108.4W,  50,  998, -999, -999, -999, -999, -999, -999, -999, -999, -999, -999, -999, -999, -999
19901003, 0000,  , TD, 28.5N, 105.0W,  25, 1004, -999, -999, -999, -999, -999, -999, -999, -999, -999, -999, -999, -999, -999
EP221990,              SIMON,     24,
19901009, 0000,  , TD, 14.5N, 110.0W,  25, 1010, -999, -999, -999, -999, -999, -999, -999, -999, -999, -999, -999, -999, -999
19901009, 0600,  , TD, 14.7N, 111.3W,  30, 1009, -999, -999, -999, -999, -999, -999, -999, -999, -999, -999, -999, -999, -999
19901009, 1200,  , TD, 14.9N, 112.6W,  30, 1008, -999, -999, -999, -999, -999, -999, -999, -999, -999, -999, -999, -999, -999
19901009, 1800,  , TD, 15.1N, 113.7W,  30, 1007, -999, -999, -999, -999, -999, -999, -999, -999, -999, -999, -999, -999, -999
19901010, 0000,  , TS, 15.4N, 114.7W,  35, 1005, -999, -999, -999, -999, -999, -999, -999, -999, -999, -999, -999, -999, -999
19901010, 0600,  , TS, 15.7N, 115.7W,  40, 1003, -999, -999, -999, -999, -999, -999, -999, -999, -999, -999, -999, -999, -999
19901010, 1200,  , TS, 16.2N, 116.6W,  40, 1002, -999, -999, -999, -999, -999, -999, -999, -999, -999, -999, -999, -999, -999
19901010, 1800,  , TS, 16.6N, 117.5W,  45, 1000, -999, -999, -999, -999, -999, -999, -999, -999, -999, -999, -999, -999, -999
19901011, 0000,  , TS, 17.0N, 118.4W,  50,  998, -999, -999, -999, -999, -999, -999, -999, -999, -999, -999, -999, -999, -999
19901011, 0600,  , TS, 17.3N, 119.3W,  55,  994, -999, -999, -999, -999, -999, -999, -999, -999, -999, -999, -999, -999, -999
19901011, 1200,  , TS, 17.9N, 120.0W,  60,  991, -999, -999, -999, -999, -999, -999, -999, -999, -999, -999, -999, -999, -999
19901011, 1800,  , TS, 18.5N, 120.7W,  60,  990, -999, -999, -999, -999, -999, -999, -999, -999, -999, -999, -999, -999, -999
19901012, 0000,  , TS, 19.0N, 121.4W,  60,  990, -999, -999, -999, -999, -999, -999, -999, -999, -999, -999, -999, -999, -999
19901012, 0600,  , TS, 19.5N, 122.3W,  60,  991, -999, -999, -999, -999, -999, -999, -999, -999, -999, -999, -999, -999, -999
19901012, 1200,  , TS, 19.9N, 123.2W,  55,  994, -999, -999, -999, -999, -999, -999, -999, -999, -999, -999, -999, -999, -999
19901012, 1800,  , TS, 20.3N, 124.2W,  50,  997, -999, -999, -999, -999, -999, -999, -999, -999, -999, -999, -999, -999, -999
19901013, 0000,  , TS, 20.7N, 125.2W,  45, 1000, -999, -999, -999, -999, -999, -999, -999, -999, -999, -999, -999, -999, -999
19901013, 0600,  , TS, 21.0N, 126.3W,  40, 1003, -999, -999, -999, -999, -999, -999, -999, -999, -999, -999, -999, -999, -999
19901013, 1200,  , TS, 21.3N, 127.3W,  35, 1005, -999, -999, -999, -999, -999, -999, -999, -999, -999, -999, -999, -999, -999
19901013, 1800,  , TD, 21.5N, 128.3W,  30, 1007, -999, -999, -999, -999, -999, -999, -999, -999, -999, -999, -999, -999, -999
19901014, 0000,  , TD, 21.5N, 129.3W,  30, 1009, -999, -999, -999, -999, -999, -999, -999, -999, -999, -999, -999, -999, -999
19901014, 0600,  , TD, 21.5N, 130.3W,  30, 1010, -999, -999, -999, -999, -999, -999, -999, -999, -999, -999, -999, -999, -999
19901014, 1200,  , TD, 21.6N, 131.3W,  25, 1011, -999, -999, -999, -999, -999, -999, -999, -999, -999, -999, -999, -999, -999
19901014, 1800,  , TD, 21.9N, 132.2W,  25, 1012, -999, -999, -999, -999, -999, -999, -999, -999, -999, -999, -999, -999, -999
EP231990,              TRUDY,     67,
19901016, 0000,  , TD, 10.3N,  99.4W,  25, 1010, -999, -999, -999, -999, -999, -999, -999, -999, -999, -999, -999, -999, -999
19901016, 0600,  , TD, 10.5N, 101.3W,  25, 1010, -999, -999, -999, -999, -999, -999, -999, -999, -999, -999, -999, -999, -999
19901016, 1200,  , TD, 10.8N, 101.9W,  25, 1010, -999, -999, -999, -999, -999, -999, -999, -999, -999, -999, -999, -999, -999
19901016, 1800,  , TD, 11.1N, 102.3W,  25, 1010, -999, -999, -999, -999, -999, -999, -999, -999, -999, -999, -999, -999, -999
19901017, 0000,  , TD, 11.6N, 102.4W,  30, 1009, -999, -999, -999, -999, -999, -999, -999, -999, -999, -999, -999, -999, -999
19901017, 0600,  , TD, 12.1N, 102.7W,  30, 1009, -999, -999, -999, -999, -999, -999, -999, -999, -999, -999, -999, -999, -999
19901017, 1200,  , TS, 12.5N, 103.0W,  35, 1008, -999, -999, -999, -999, -999, -999, -999, -999, -999, -999, -999, -999, -999
19901017, 1800,  , TS, 12.8N, 103.3W,  40, 1005, -999, -999, -999, -999, -999, -999, -999, -999, -999, -999, -999, -999, -999
19901018, 0000,  , TS, 13.0N, 103.7W,  50, 1000, -999, -999, -999, -999, -999, -999, -999, -999, -999, -999, -999, -999, -999
19901018, 0600,  , TS, 13.2N, 104.3W,  60,  995, -999, -999, -999, -999, -999, -999, -999, -999, -999, -999, -999, -999, -999
19901018, 1200,  , HU, 13.3N, 105.1W,  70,  989, -999, -999, -999, -999, -999, -999, -999, -999, -999, -999, -999, -999, -999
19901018, 1800,  , HU, 13.3N, 105.9W,  80,  980, -999, -999, -999, -999, -999, -999, -999, -999, -999, -999, -999, -999, -999
19901019, 0000,  , HU, 13.3N, 106.6W,  90,  972, -999, -999, -999, -999, -999, -999, -999, -999, -999, -999, -999, -999, -999
19901019, 0600,  , HU, 13.6N, 107.4W, 100,  963, -999, -999, -999, -999, -999, -999, -999, -999, -999, -999, -999, -999, -999
19901019, 1200,  , HU, 14.0N, 108.3W, 105,  958, -999, -999, -999, -999, -999, -999, -999, -999, -999, -999, -999, -999, -999
19901019, 1800,  , HU, 14.5N, 109.2W, 115,  945, -999, -999, -999, -999, -999, -999, -999, -999, -999, -999, -999, -999, -999
19901020, 0000,  , HU, 14.8N, 110.0W, 125,  935, -999, -999, -999, -999, -999, -999, -999, -999, -999, -999, -999, -999, -999
19901020, 0600,  , HU, 15.2N, 110.6W, 130,  925, -999, -999, -999, -999, -999, -999, -999, -999, -999, -999, -999, -999, -999
19901020, 1200,  , HU, 15.5N, 111.0W, 135,  924, -999, -999, -999, -999, -999, -999, -999, -999, -999, -999, -999, -999, -999
19901020, 1800,  , HU, 15.8N, 111.3W, 130,  930, -999, -999, -999, -999, -999, -999, -999, -999, -999, -999, -999, -999, -999
19901021, 0000,  , HU, 16.1N, 111.4W, 125,  945, -999, -999, -999, -999, -999, -999, -999, -999, -999, -999, -999, -999, -999
19901021, 0600,  , HU, 16.4N, 111.4W, 115,  950, -999, -999, -999, -999, -999, -999, -999, -999, -999, -999, -999, -999, -999
19901021, 1200,  , HU, 16.5N, 111.3W, 105,  955, -999, -999, -999, -999, -999, -999, -999, -999, -999, -999, -999, -999, -999
19901021, 1800,  , HU, 16.6N, 111.1W, 100,  962, -999, -999, -999, -999, -999, -999, -999, -999, -999, -999, -999, -999, -999
19901022, 0000,  , HU, 16.7N, 111.0W,  95,  968, -999, -999, -999, -999, -999, -999, -999, -999, -999, -999, -999, -999, -999
19901022, 0600,  , HU, 16.9N, 110.9W,  90,  970, -999, -999, -999, -999, -999, -999, -999, -999, -999, -999, -999, -999, -999
19901022, 1200,  , HU, 17.2N, 111.0W,  85,  975, -999, -999, -999, -999, -999, -999, -999, -999, -999, -999, -999, -999, -999
19901022, 1800,  , HU, 17.4N, 111.1W,  80,  979, -999, -999, -999, -999, -999, -999, -999, -999, -999, -999, -999, -999, -999
19901023, 0000,  , HU, 17.6N, 111.2W,  75,  981, -999, -999, -999, -999, -999, -999, -999, -999, -999, -999, -999, -999, -999
19901023, 0600,  , HU, 17.6N, 111.4W,  70,  983, -999, -999, -999, -999, -999, -999, -999, -999, -999, -999, -999, -999, -999
19901023, 1200,  , HU, 17.6N, 111.7W,  70,  984, -999, -999, -999, -999, -999, -999, -999, -999, -999, -999, -999, -999, -999
19901023, 1800,  , HU, 17.5N, 111.2W,  70,  985, -999, -999, -999, -999, -999, -999, -999, -999, -999, -999, -999, -999, -999
19901024, 0000,  , HU, 17.5N, 111.8W,  70,  985, -999, -999, -999, -999, -999, -999, -999, -999, -999, -999, -999, -999, -999
19901024, 0600,  , HU, 17.4N, 113.5W,  70,  984, -999, -999, -999, -999, -999, -999, -999, -999, -999, -999, -999, -999, -999
19901024, 1200,  , HU, 17.3N, 114.1W,  70,  982, -999, -999, -999, -999, -999, -999, -999, -999, -999, -999, -999, -999, -999
19901024, 1800,  , HU, 17.2N, 114.9W,  75,  980, -999, -999, -999, -999, -999, -999, -999, -999, -999, -999, -999, -999, -999
19901025, 0000,  , HU, 17.1N, 115.7W,  85,  975, -999, -999, -999, -999, -999, -999, -999, -999, -999, -999, -999, -999, -999
19901025, 0600,  , HU, 17.1N, 116.5W,  90,  970, -999, -999, -999, -999, -999, -999, -999, -999, -999, -999, -999, -999, -999
19901025, 1200,  , HU, 17.1N, 117.3W, 100,  960, -999, -999, -999, -999, -999, -999, -999, -999, -999, -999, -999, -999, -999
19901025, 1800,  , HU, 17.1N, 118.1W, 105,  958, -999, -999, -999, -999, -999, -999, -999, -999, -999, -999, -999, -999, -999
19901026, 0000,  , HU, 17.3N, 118.7W, 110,  954, -999, -999, -999, -999, -999, -999, -999, -999, -999, -999, -999, -999, -999
19901026, 0600,  , HU, 17.5N, 119.3W, 115,  950, -999, -999, -999, -999, -999, -999, -999, -999, -999, -999, -999, -999, -999
19901026, 1200,  , HU, 17.7N, 119.9W, 115,  949, -999, -999, -999, -999, -999, -999, -999, -999, -999, -999, -999, -999, -999
19901026, 1800,  , HU, 17.9N, 120.4W, 115,  949, -999, -999, -999, -999, -999, -999, -999, -999, -999, -999, -999, -999, -999
19901027, 0000,  , HU, 18.0N, 120.8W, 115,  949, -999, -999, -999, -999, -999, -999, -999, -999, -999, -999, -999, -999, -999
19901027, 0600,  , HU, 18.1N, 121.2W, 115,  949, -999, -999, -999, -999, -999, -999, -999, -999, -999, -999, -999, -999, -999
19901027, 1200,  , HU, 18.1N, 121.5W, 115,  950, -999, -999, -999, -999, -999, -999, -999, -999, -999, -999, -999, -999, -999
19901027, 1800,  , HU, 18.1N, 121.8W, 110,  955, -999, -999, -999, -999, -999, -999, -999, -999, -999, -999, -999, -999, -999
19901028, 0000,  , HU, 18.1N, 122.0W, 100,  958, -999, -999, -999, -999, -999, -999, -999, -999, -999, -999, -999, -999, -999
19901028, 0600,  , HU, 18.2N, 122.4W, 100,  960, -999, -999, -999, -999, -999, -999, -999, -999, -999, -999, -999, -999, -999
19901028, 1200,  , HU, 18.3N, 122.6W,  90,  965, -999, -999, -999, -999, -999, -999, -999, -999, -999, -999, -999, -999, -999
19901028, 1800,  , HU, 18.4N, 122.9W,  85,  970, -999, -999, -999, -999, -999, -999, -999, -999, -999, -999, -999, -999, -999
19901029, 0000,  , HU, 18.7N, 123.0W,  80,  975, -999, -999, -999, -999, -999, -999, -999, -999, -999, -999, -999, -999, -999
19901029, 0600,  , HU, 18.9N, 123.1W,  70,  979, -999, -999, -999, -999, -999, -999, -999, -999, -999, -999, -999, -999, -999
19901029, 1200,  , HU, 19.3N, 123.1W,  65,  982, -999, -999, -999, -999, -999, -999, -999, -999, -999, -999, -999, -999, -999
19901029, 1800,  , TS, 19.7N, 123.3W,  60,  988, -999, -999, -999, -999, -999, -999, -999, -999, -999, -999, -999, -999, -999
19901030, 0000,  , TS, 20.1N, 123.5W,  55,  990, -999, -999, -999, -999, -999, -999, -999, -999, -999, -999, -999, -999, -999
19901030, 0600,  , TS, 20.4N, 123.7W,  50,  995, -999, -999, -999, -999, -999, -999, -999, -999, -999, -999, -999, -999, -999
19901030, 1200,  , TS, 20.6N, 123.8W,  45,  998, -999, -999, -999, -999, -999, -999, -999, -999, -999, -999, -999, -999, -999
19901030, 1800,  , TS, 20.7N, 123.7W,  40, 1000, -999, -999, -999, -999, -999, -999, -999, -999, -999, -999, -999, -999, -999
19901031, 0000,  , TS, 21.0N, 123.5W,  35, 1005, -999, -999, -999, -999, -999, -999, -999, -999, -999, -999, -999, -999, -999
19901031, 0600,  , TS, 21.6N, 123.2W,  35, 1005, -999, -999, -999, -999, -999, -999, -999, -999, -999, -999, -999, -999, -999
19901031, 1200,  , TD, 21.0N, 123.0W,  30, 1008, -999, -999, -999, -999, -999, -999, -999, -999, -999, -999, -999, -999, -999
19901031, 1800,  , TD, 20.8N, 123.0W,  25, 1009, -999, -999, -999, -999, -999, -999, -999, -999, -999, -999, -999, -999, -999
19901101, 0000,  , TD, 20.3N, 123.4W,  25, 1010, -999, -999, -999, -999, -999, -999, -999, -999, -999, -999, -999, -999, -999
19901101, 0600,  , TD, 19.8N, 123.9W,  25, 1010, -999, -999, -999, -999, -999, -999, -999, -999, -999, -999, -999, -999, -999
19901101, 1200,  , TD, 19.1N, 124.7W,  20, 1010, -999, -999, -999, -999, -999, -999, -999, -999, -999, -999, -999, -999, -999
EP241990,              VANCE,     41,
19901021, 1800,  , TD, 11.3N,  99.1W,  25, 1011, -999, -999, -999, -999, -999, -999, -999, -999, -999, -999, -999, -999, -999
19901022, 0000,  , TD, 11.1N,  99.3W,  25, 1010, -999, -999, -999, -999, -999, -999, -999, -999, -999, -999, -999, -999, -999
19901022, 0600,  , TD, 11.0N,  99.6W,  25, 1010, -999, -999, -999, -999, -999, -999, -999, -999, -999, -999, -999, -999, -999
19901022, 1200,  , TD, 11.3N,  99.8W,  30, 1009, -999, -999, -999, -999, -999, -999, -999, -999, -999, -999, -999, -999, -999
19901022, 1800,  , TD, 11.8N, 100.0W,  30, 1008, -999, -999, -999, -999, -999, -999, -999, -999, -999, -999, -999, -999, -999
19901023, 0000,  , TS, 12.2N, 100.3W,  35, 1005, -999, -999, -999, -999, -999, -999, -999, -999, -999, -999, -999, -999, -999
19901023, 0600,  , TS, 12.5N, 100.7W,  40, 1002, -999, -999, -999, -999, -999, -999, -999, -999, -999, -999, -999, -999, -999
19901023, 1200,  , TS, 12.8N, 101.3W,  45, 1000, -999, -999, -999, -999, -999, -999, -999, -999, -999, -999, -999, -999, -999
19901023, 1800,  , TS, 13.2N, 101.9W,  50,  997, -999, -999, -999, -999, -999, -999, -999, -999, -999, -999, -999, -999, -999
19901024, 0000,  , TS, 13.6N, 102.4W,  55,  994, -999, -999, -999, -999, -999, -999, -999, -999, -999, -999, -999, -999, -999
19901024, 0600,  , TS, 14.1N, 102.9W,  55,  994, -999, -999, -999, -999, -999, -999, -999, -999, -999, -999, -999, -999, -999
19901024, 1200,  , TS, 14.6N, 103.3W,  55,  994, -999, -999, -999, -999, -999, -999, -999, -999, -999, -999, -999, -999, -999
19901024, 1800,  , TS, 15.2N, 103.9W,  55,  994, -999, -999, -999, -999, -999, -999, -999, -999, -999, -999, -999, -999, -999
19901025, 0000,  , TS, 15.8N, 104.7W,  55,  993, -999, -999, -999, -999, -999, -999, -999, -999, -999, -999, -999, -999, -999
19901025, 0600,  , TS, 16.3N, 105.6W,  60,  990, -999, -999, -999, -999, -999, -999, -999, -999, -999, -999, -999, -999, -999
19901025, 1200,  , HU, 16.8N, 106.5W,  65,  987, -999, -999, -999, -999, -999, -999, -999, -999, -999, -999, -999, -999, -999
19901025, 1800,  , HU, 17.4N, 107.3W,  75,  979, -999, -999, -999, -999, -999, -999, -999, -999, -999, -999, -999, -999, -999
19901026, 0000,  , HU, 17.9N, 107.9W,  85,  975, -999, -999, -999, -999, -999, -999, -999, -999, -999, -999, -999, -999, -999
19901026, 0600,  , HU, 18.3N, 108.3W,  85,  975, -999, -999, -999, -999, -999, -999, -999, -999, -999, -999, -999, -999, -999
19901026, 1200,  , HU, 18.6N, 108.6W,  85,  975, -999, -999, -999, -999, -999, -999, -999, -999, -999, -999, -999, -999, -999
19901026, 1800,  , HU, 18.8N, 108.7W,  85,  976, -999, -999, -999, -999, -999, -999, -999, -999, -999, -999, -999, -999, -999
19901027, 0000,  , HU, 18.9N, 108.6W,  80,  978, -999, -999, -999, -999, -999, -999, -999, -999, -999, -999, -999, -999, -999
19901027, 0600,  , HU, 18.9N, 108.5W,  75,  982, -999, -999, -999, -999, -999, -999, -999, -999, -999, -999, -999, -999, -999
19901027, 1200,  , HU, 18.8N, 108.1W,  65,  987, -999, -999, -999, -999, -999, -999, -999, -999, -999, -999, -999, -999, -999
19901027, 1800,  , TS, 18.5N, 107.8W,  60,  993, -999, -999, -999, -999, -999, -999, -999, -999, -999, -999, -999, -999, -999
19901028, 0000,  , TS, 18.2N, 107.5W,  60,  996, -999, -999, -999, -999, -999, -999, -999, -999, -999, -999, -999, -999, -999
19901028, 0600,  , TS, 17.9N, 107.6W,  50,  998, -999, -999, -999, -999, -999, -999, -999, -999, -999, -999, -999, -999, -999
19901028, 1200,  , TS, 17.4N, 107.9W,  45,  999, -999, -999, -999, -999, -999, -999, -999, -999, -999, -999, -999, -999, -999
19901028, 1800,  , TS, 16.9N, 108.5W,  45, 1000, -999, -999, -999, -999, -999, -999, -999, -999, -999, -999, -999, -999, -999
19901029, 0000,  , TS, 16.6N, 108.9W,  45, 1000, -999, -999, -999, -999, -999, -999, -999, -999, -999, -999, -999, -999, -999
19901029, 0600,  , TS, 16.6N, 109.2W,  45, 1000, -999, -999, -999, -999, -999, -999, -999, -999, -999, -999, -999, -999, -999
19901029, 1200,  , TS, 16.8N, 109.5W,  45, 1001, -999, -999, -999, -999, -999, -999, -999, -999, -999, -999, -999, -999, -999
19901029, 1800,  , TS, 17.2N, 110.1W,  40, 1003, -999, -999, -999, -999, -999, -999, -999, -999, -999, -999, -999, -999, -999
19901030, 0000,  , TS, 17.5N, 110.8W,  35, 1007, -999, -999, -999, -999, -999, -999, -999, -999, -999, -999, -999, -999, -999
19901030, 0600,  , TD, 17.6N, 111.6W,  30, 1009, -999, -999, -999, -999, -999, -999, -999, -999, -999, -999, -999, -999, -999
19901030, 1200,  , TD, 17.7N, 112.4W,  25, 1010, -999, -999, -999, -999, -999, -999, -999, -999, -999, -999, -999, -999, -999
19901030, 1800,  , TD, 17.9N, 113.2W,  25, 1010, -999, -999, -999, -999, -999, -999, -999, -999, -999, -999, -999, -999, -999
19901031, 0000,  , TD, 18.2N, 113.9W,  25, 1010, -999, -999, -999, -999, -999, -999, -999, -999, -999, -999, -999, -999, -999
19901031, 0600,  , TD, 18.6N, 114.5W,  25, 1010, -999, -999, -999, -999, -999, -999, -999, -999, -999, -999, -999, -999, -999
19901031, 1200,  , TD, 19.0N, 115.0W,  20, 1010, -999, -999, -999, -999, -999, -999, -999, -999, -999, -999, -999, -999, -999
19901031, 1800,  , TD, 19.4N, 115.1W,  20, 1010, -999, -999, -999, -999, -999, -999, -999, -999, -999, -999, -999, -999, -999
