EP012013,              ALVIN,     15,
20130513, 1200,  , LO,  6.7N,  95.2W,  20, 1009,    0,    0,    0,    0,    0,    0,    0,    0,    0,    0,    0,    0, -999
20130513, 1800,  , LO,  6.9N,  95.9W,  20, 1008,    0,    0,    0,    0,    0,    0,    0,    0,    0,    0,    0,    0, -999
20130514, 0000,  , LO,  7.0N,  96.8W,  25, 1007,    0,    0,    0,    0,    0,    0,    0,    0,    0,    0,    0,    0, -999
20130514, 0600,  , LO,  7.1N,  97.7W,  25, 1007,    0,    0,    0,    0,    0,    0,    0,    0,    0,    0,    0,    0, -999
20130514, 1200,  , LO,  7.2N,  98.7W,  25, 1007,    0,    0,    0,    0,    0,    0,    0,    0,    0,    0,    0,    0, -999
20130514, 1800,  , LO,  7.4N,  99.8W,  25, 1007,    0,    0,    0,    0,    0,    0,    0,    0,    0,    0,    0,    0, -999
20130515, 0000,  , LO,  7.6N, 101.0W,  25, 1006,    0,    0,    0,    0,    0,    0,    0,    0,    0,    0,    0,    0, -999
20130515, 0600,  , TD,  7.8N, 102.3W,  30, 1006,    0,    0,    0,    0,    0,    0,    0,    0,    0,    0,    0,    0, -999
20130515, 1200,  , TD,  8.1N, 103.6W,  30, 1006,    0,    0,    0,    0,    0,    0,    0,    0,    0,    0,    0,    0, -999
20130515, 1800,  , TS,  8.4N, 104.6W,  35, 1005,   30,    0,    0,    0,    0,    0,    0,    0,    0,    0,    0,    0, -999
20130516, 0000,  , TS,  8.6N, 105.5W,  40, 1004,   40,   20,    0,   40,    0,    0,    0,    0,    0,    0,    0,    0, -999
20130516, 0600,  , TS,  8.9N, 106.4W,  50, 1000,   40,   30,    0,   40,   20,    0,    0,    0,    0,    0,    0,    0, -999
20130516, 1200,  , TS,  9.1N, 107.4W,  45, 1002,   50,   50,    0,   40,    0,    0,    0,    0,    0,    0,    0,    0, -999
20130516, 1800,  , TS,  9.3N, 108.8W,  40, 1003,   40,   40,    0,   40,    0,    0,    0,    0,    0,    0,    0,    0, -999
20130517, 0000,  , TS,  9.6N, 110.1W,  35, 1004,   30,   30,    0,    0,    0,    0,    0,    0,    0,    0,    0,    0, -999
EP022013,            BARBARA,     11,
20130528, 1200,  , TD, 13.9N,  96.1W,  30, 1006,    0,    0,    0,    0,    0,    0,    0,    0,    0,    0,    0,    0, -999
20130528, 1800,  , TS, 14.1N,  96.1W,  35, 1004,   50,   30,    0,   50,    0,    0,    0,    0,    0,    0,    0,    0, -999
20130529, 0000,  , TS, 14.2N,  96.0W,  40, 1001,   50,   30,   30,   50,    0,    0,    0,    0,    0,    0,    0,    0, -999
20130529, 0600,  , TS, 14.6N,  95.5W,  50,  998,   60,   50,   40,   50,   30,   30,    0,   20,    0,    0,    0,    0, -999
20130529, 1200,  , TS, 15.1N,  94.8W,  55,  994,   60,   50,   40,   50,   30,   30,    0,   20,    0,    0,    0,    0, -999
20130529, 1800,  , HU, 15.7N,  94.2W,  65,  986,   60,   60,   50,   50,   30,   30,   20,   20,   20,   20,    0,    0, -999
20130529, 1950, L, HU, 16.0N,  94.0W,  70,  983,   60,   60,   50,   50,   30,   30,   20,   20,   20,   20,    0,    0, -999
20130530, 0000,  , TS, 16.7N,  93.9W,  50,  993,   40,   40,   30,   30,   20,   20,    0,    0,    0,    0,    0,    0, -999
20130530, 0600,  , TD, 17.6N,  93.9W,  30, 1001,    0,    0,    0,    0,    0,    0,    0,    0,    0,    0,    0,    0, -999
20130530, 1200,  , LO, 18.2N,  93.9W,  25, 1004,    0,    0,    0,    0,    0,    0,    0,    0,    0,    0,    0,    0, -999
20130530, 1800,  , LO, 18.8N,  93.9W,  20, 1006,    0,    0,    0,    0,    0,    0,    0,    0,    0,    0,    0,    0, -999
EP032013,              COSME,     30,
20130623, 1200,  , TD, 11.8N, 103.6W,  30, 1005,    0,    0,    0,    0,    0,    0,    0,    0,    0,    0,    0,    0, -999
20130623, 1800,  , TD, 12.0N, 103.7W,  30, 1005,    0,    0,    0,    0,    0,    0,    0,    0,    0,    0,    0,    0, -999
20130624, 0000,  , TS, 12.2N, 104.1W,  35, 1003,    0,   90,    0,    0,    0,    0,    0,    0,    0,    0,    0,    0, -999
20130624, 0600,  , TS, 12.7N, 104.7W,  40, 1000,   90,  120,    0,    0,    0,    0,    0,    0,    0,    0,    0,    0, -999
20130624, 1200,  , TS, 13.8N, 105.5W,  45,  997,  150,  150,    0,    0,    0,    0,    0,    0,    0,    0,    0,    0, -999
20130624, 1800,  , TS, 14.7N, 106.5W,  50,  995,  150,  150,    0,   90,   30,    0,    0,    0,    0,    0,    0,    0, -999
20130625, 0000,  , TS, 15.6N, 107.5W,  55,  992,  150,  150,    0,  150,   30,   30,    0,    0,    0,    0,    0,    0, -999
20130625, 0600,  , TS, 16.5N, 108.9W,  60,  990,  150,  150,    0,  150,   30,   30,    0,    0,    0,    0,    0,    0, -999
20130625, 1200,  , HU, 17.2N, 110.2W,  65,  988,  150,  150,   30,  120,   30,   30,   20,   20,   15,    0,    0,    0, -999
20130625, 1800,  , HU, 17.5N, 111.5W,  70,  984,  150,  120,   60,  100,   50,   40,   30,   40,   30,   20,    0,    0, -999
20130626, 0000,  , HU, 17.8N, 112.8W,  75,  980,  150,  120,   60,  100,   50,   40,   30,   40,   30,   20,   20,   20, -999
20130626, 0600,  , HU, 18.2N, 113.9W,  70,  983,  150,  120,   80,  100,   60,   50,   40,   50,   30,   20,   20,   20, -999
20130626, 1200,  , TS, 18.7N, 114.9W,  65,  985,  150,  100,   90,  120,   70,   60,   50,   70,   20,    0,    0,    0, -999
20130626, 1800,  , TS, 19.1N, 115.9W,  60,  988,  150,  100,   90,  120,   60,   50,   40,   60,    0,    0,    0,    0, -999
20130627, 0000,  , TS, 19.5N, 117.1W,  50,  993,  120,   70,   60,  110,   40,    0,    0,   40,    0,    0,    0,    0, -999
20130627, 0600,  , TS, 19.9N, 118.6W,  45, 1000,   90,   40,   40,   90,    0,    0,    0,    0,    0,    0,    0,    0, -999
20130627, 1200,  , LO, 20.3N, 120.2W,  35, 1003,   80,    0,    0,   80,    0,    0,    0,    0,    0,    0,    0,    0, -999
20130627, 1800,  , LO, 20.7N, 121.8W,  30, 1004,    0,    0,    0,    0,    0,    0,    0,    0,    0,    0,    0,    0, -999
20130628, 0000,  , LO, 21.0N, 123.4W,  30, 1004,    0,    0,    0,    0,    0,    0,    0,    0,    0,    0,    0,    0, -999
20130628, 0600,  , LO, 21.4N, 125.0W,  30, 1004,    0,    0,    0,    0,    0,    0,    0,    0,    0,    0,    0,    0, -999
20130628, 1200,  , LO, 21.7N, 126.5W,  30, 1006,    0,    0,    0,    0,    0,    0,    0,    0,    0,    0,    0,    0, -999
20130628, 1800,  , LO, 21.9N, 128.0W,  25, 1006,    0,    0,    0,    0,    0,    0,    0,    0,    0,    0,    0,    0, -999
20130629, 0000,  , LO, 22.0N, 129.5W,  25, 1006,    0,    0,    0,    0,    0,    0,    0,    0,    0,    0,    0,    0, -999
20130629, 0600,  , LO, 22.1N, 131.0W,  25, 1006,    0,    0,    0,    0,    0,    0,    0,    0,    0,    0,    0,    0, -999
20130629, 1200,  , LO, 22.3N, 132.6W,  20, 1006,    0,    0,    0,    0,    0,    0,    0,    0,    0,    0,    0,    0, -999
20130629, 1800,  , LO, 22.5N, 134.2W,  20, 1006,    0,    0,    0,    0,    0,    0,    0,    0,    0,    0,    0,    0, -999
20130630, 0000,  , LO, 22.7N, 135.5W,  20, 1007,    0,    0,    0,    0,    0,    0,    0,    0,    0,    0,    0,    0, -999
20130630, 0600,  , LO, 22.9N, 136.7W,  20, 1008,    0,    0,    0,    0,    0,    0,    0,    0,    0,    0,    0,    0, -999
20130630, 1200,  , LO, 23.0N, 137.8W,  20, 1008,    0,    0,    0,    0,    0,    0,    0,    0,    0,    0,    0,    0, -999
20130630, 1800,  , LO, 23.1N, 138.8W,  20, 1010,    0,    0,    0,    0,    0,    0,    0,    0,    0,    0,    0,    0, -999
EP042013,             DALILA,     41,
20130628, 1800,  , LO, 10.7N, 104.2W,  25, 1008,    0,    0,    0,    0,    0,    0,    0,    0,    0,    0,    0,    0, -999
20130629, 0000,  , LO, 10.8N, 104.6W,  25, 1008,    0,    0,    0,    0,    0,    0,    0,    0,    0,    0,    0,    0, -999
20130629, 0600,  , LO, 11.2N, 104.4W,  25, 1008,    0,    0,    0,    0,    0,    0,    0,    0,    0,    0,    0,    0, -999
20130629, 1200,  , LO, 11.6N, 103.8W,  25, 1008,    0,    0,    0,    0,    0,    0,    0,    0,    0,    0,    0,    0, -999
20130629, 1800,  , TD, 12.4N, 103.2W,  25, 1007,    0,    0,    0,    0,    0,    0,    0,    0,    0,    0,    0,    0, -999
20130630, 0000,  , TD, 13.3N, 103.0W,  30, 1006,    0,    0,    0,    0,    0,    0,    0,    0,    0,    0,    0,    0, -999
20130630, 0600,  , TS, 14.2N, 103.0W,  35, 1005,   30,   30,    0,    0,    0,    0,    0,    0,    0,    0,    0,    0, -999
20130630, 1200,  , TS, 15.1N, 103.1W,  35, 1004,   30,   30,    0,   30,    0,    0,    0,    0,    0,    0,    0,    0, -999
20130630, 1800,  , TS, 15.9N, 103.5W,  35, 1004,   30,   30,    0,   30,    0,    0,    0,    0,    0,    0,    0,    0, -999
20130701, 0000,  , TS, 16.5N, 104.1W,  40, 1003,   40,   30,    0,   30,    0,    0,    0,    0,    0,    0,    0,    0, -999
20130701, 0600,  , TS, 17.0N, 104.8W,  45, 1000,   40,   30,    0,   30,    0,    0,    0,    0,    0,    0,    0,    0, -999
20130701, 1200,  , TS, 17.5N, 105.5W,  50,  998,   50,   40,   20,   40,   30,    0,    0,    0,    0,    0,    0,    0, -999
20130701, 1800,  , TS, 17.7N, 106.2W,  55,  996,   60,   50,   40,   50,   30,    0,    0,    0,    0,    0,    0,    0, -999
20130702, 0000,  , TS, 17.9N, 106.5W,  55,  994,   60,   60,   50,   60,   30,   30,   20,   20,    0,    0,    0,    0, -999
20130702, 0600,  , TS, 18.1N, 106.7W,  55,  994,   60,   60,   50,   60,   30,   30,   20,   20,    0,    0,    0,    0, -999
20130702, 1200,  , HU, 18.2N, 106.8W,  65,  986,   60,   60,   50,   60,   30,   30,   20,   30,   20,   20,   10,   20, -999
20130702, 1800,  , HU, 18.4N, 107.0W,  70,  984,   60,   60,   50,   60,   30,   30,   20,   30,   20,   20,   10,   20, -999
20130703, 0000,  , HU, 18.3N, 107.2W,  70,  985,   60,   60,   50,   60,   30,   30,   20,   30,   20,   20,   10,   20, -999
20130703, 0600,  , HU, 18.1N, 107.4W,  65,  987,   60,   60,   50,   60,   30,   30,   20,   30,   20,   20,   10,   20, -999
20130703, 1200,  , HU, 17.8N, 107.6W,  65,  987,   60,   60,   60,   60,   30,   30,   30,   30,   20,   20,   20,   20, -999
20130703, 1800,  , TS, 17.6N, 107.9W,  60,  991,   50,   50,   50,   50,   30,   30,   30,   30,    0,    0,    0,    0, -999
20130704, 0000,  , TS, 17.5N, 108.4W,  50,  995,   50,   50,   50,   50,   30,   30,   30,   30,    0,    0,    0,    0, -999
20130704, 0600,  , TS, 17.5N, 108.9W,  50,  995,   50,   50,   50,   50,   20,   20,   20,   20,    0,    0,    0,    0, -999
20130704, 1200,  , TS, 17.4N, 109.5W,  40, 1000,   50,   40,   40,   50,    0,    0,    0,    0,    0,    0,    0,    0, -999
20130704, 1800,  , TS, 17.3N, 110.1W,  35, 1004,   40,   40,   20,   40,    0,    0,    0,    0,    0,    0,    0,    0, -999
20130705, 0000,  , TD, 17.3N, 110.7W,  30, 1005,    0,    0,    0,    0,    0,    0,    0,    0,    0,    0,    0,    0, -999
20130705, 0600,  , TD, 17.2N, 111.3W,  30, 1006,    0,    0,    0,    0,    0,    0,    0,    0,    0,    0,    0,    0, -999
20130705, 1200,  , TD, 17.1N, 111.8W,  30, 1006,    0,    0,    0,    0,    0,    0,    0,    0,    0,    0,    0,    0, -999
20130705, 1800,  , TD, 17.1N, 112.2W,  30, 1006,    0,    0,    0,    0,    0,    0,    0,    0,    0,    0,    0,    0, -999
20130706, 0000,  , TD, 17.0N, 112.5W,  25, 1006,    0,    0,    0,    0,    0,    0,    0,    0,    0,    0,    0,    0, -999
20130706, 0600,  , TD, 17.0N, 112.8W,  25, 1006,    0,    0,    0,    0,    0,    0,    0,    0,    0,    0,    0,    0, -999
20130706, 1200,  , TD, 17.0N, 113.1W,  25, 1007,    0,    0,    0,    0,    0,    0,    0,    0,    0,    0,    0,    0, -999
20130706, 1800,  , TD, 17.0N, 113.1W,  25, 1007,    0,    0,    0,    0,    0,    0,    0,    0,    0,    0,    0,    0, -999
20130707, 0000,  , TD, 16.8N, 113.2W,  25, 1007,    0,    0,    0,    0,    0,    0,    0,    0,    0,    0,    0,    0, -999
20130707, 0600,  , LO, 16.7N, 112.9W,  25, 1007,    0,    0,    0,    0,    0,    0,    0,    0,    0,    0,    0,    0, -999
20130707, 1200,  , LO, 16.6N, 112.6W,  25, 1008,    0,    0,    0,    0,    0,    0,    0,    0,    0,    0,    0,    0, -999
20130707, 1800,  , LO, 16.5N, 112.3W,  25, 1008,    0,    0,    0,    0,    0,    0,    0,    0,    0,    0,    0,    0, -999
20130708, 0000,  , LO, 16.6N, 112.1W,  20, 1008,    0,    0,    0,    0,    0,    0,    0,    0,    0,    0,    0,    0, -999
20130708, 0600,  , LO, 16.7N, 111.9W,  20, 1008,    0,    0,    0,    0,    0,    0,    0,    0,    0,    0,    0,    0, -999
20130708, 1200,  , LO, 17.1N, 111.5W,  20, 1008,    0,    0,    0,    0,    0,    0,    0,    0,    0,    0,    0,    0, -999
20130708, 1800,  , LO, 17.7N, 110.8W,  20, 1008,    0,    0,    0,    0,    0,    0,    0,    0,    0,    0,    0,    0, -999
EP052013,              ERICK,     22,
20130704, 1200,  , TD, 13.2N,  98.2W,  30, 1006,    0,    0,    0,    0,    0,    0,    0,    0,    0,    0,    0,    0, -999
20130704, 1800,  , TD, 13.8N,  98.9W,  30, 1006,    0,    0,    0,    0,    0,    0,    0,    0,    0,    0,    0,    0, -999
20130705, 0000,  , TS, 14.4N,  99.8W,  35, 1005,   70,    0,    0,   40,    0,    0,    0,    0,    0,    0,    0,    0, -999
20130705, 0600,  , TS, 15.0N, 100.8W,  40, 1003,   80,   40,    0,   40,    0,    0,    0,    0,    0,    0,    0,    0, -999
20130705, 1200,  , TS, 15.5N, 101.6W,  50,  998,   80,   50,   30,   50,   30,    0,    0,    0,    0,    0,    0,    0, -999
20130705, 1800,  , TS, 16.0N, 102.2W,  55,  996,   80,   60,   40,   60,   30,   30,    0,   30,    0,    0,    0,    0, -999
20130706, 0000,  , TS, 16.4N, 102.7W,  60,  991,   90,   60,   40,   60,   30,   30,    0,   30,    0,    0,    0,    0, -999
20130706, 0600,  , HU, 16.9N, 103.3W,  65,  987,   90,   60,   40,   60,   30,   30,    0,   30,   15,    0,    0,    0, -999
20130706, 1200,  , HU, 17.4N, 104.0W,  70,  983,   90,   60,   40,   60,   30,   30,   20,   30,   15,    0,    0,    0, -999
20130706, 1800,  , HU, 17.9N, 104.6W,  70,  984,   90,   60,   40,   60,   30,   30,   20,   30,   20,    0,    0,    0, -999
20130707, 0000,  , HU, 18.5N, 105.3W,  70,  984,   70,   60,   40,   60,   30,   30,   20,   30,   20,    0,    0,    0, -999
20130707, 0600,  , HU, 19.1N, 106.1W,  70,  984,   60,   60,   40,   60,   30,   30,   20,   30,   20,    0,    0,    0, -999
20130707, 1200,  , HU, 19.7N, 106.9W,  65,  986,   60,   60,   40,   60,   30,   30,   20,   30,   15,    0,    0,    0, -999
20130707, 1800,  , TS, 20.1N, 107.7W,  55,  993,   60,   60,   40,   60,   30,   30,   20,   30,    0,    0,    0,    0, -999
20130708, 0000,  , TS, 20.6N, 108.4W,  50,  996,   60,   50,   40,   50,   20,   20,    0,    0,    0,    0,    0,    0, -999
20130708, 0600,  , TS, 21.1N, 109.0W,  45,  998,   50,   40,   20,   30,    0,    0,    0,    0,    0,    0,    0,    0, -999
20130708, 1200,  , TS, 21.7N, 109.7W,  40, 1001,   50,   40,   20,   20,    0,    0,    0,    0,    0,    0,    0,    0, -999
20130708, 1800,  , TS, 22.3N, 110.5W,  40, 1001,   50,   30,   20,   20,    0,    0,    0,    0,    0,    0,    0,    0, -999
20130709, 0000,  , TS, 22.9N, 111.2W,  35, 1003,   50,   30,   20,   20,    0,    0,    0,    0,    0,    0,    0,    0, -999
20130709, 0600,  , LO, 23.6N, 112.0W,  30, 1007,    0,    0,    0,    0,    0,    0,    0,    0,    0,    0,    0,    0, -999
20130709, 1200,  , LO, 24.1N, 112.8W,  25, 1011,    0,    0,    0,    0,    0,    0,    0,    0,    0,    0,    0,    0, -999
20130709, 1800,  , LO, 24.7N, 113.5W,  25, 1013,    0,    0,    0,    0,    0,    0,    0,    0,    0,    0,    0,    0, -999
EP062013,            FLOSSIE,     23,
20130725, 0000,  , TD, 14.9N, 121.8W,  30, 1005,    0,    0,    0,    0,    0,    0,    0,    0,    0,    0,    0,    0, -999
20130725, 0600,  , TS, 14.9N, 123.5W,  35, 1004,   30,    0,    0,    0,    0,    0,    0,    0,    0,    0,    0,    0, -999
20130725, 1200,  , TS, 14.9N, 125.2W,  35, 1003,   30,    0,    0,   30,    0,    0,    0,    0,    0,    0,    0,    0, -999
20130725, 1800,  , TS, 14.8N, 126.7W,  40, 1002,   60,   60,    0,   60,    0,    0,    0,    0,    0,    0,    0,    0, -999
20130726, 0000,  , TS, 15.1N, 128.3W,  40, 1002,   60,   60,    0,   60,    0,    0,    0,    0,    0,    0,    0,    0, -999
20130726, 0600,  , TS, 15.5N, 129.9W,  45, 1000,   60,   60,    0,   60,    0,    0,    0,    0,    0,    0,    0,    0, -999
20130726, 1200,  , TS, 15.9N, 131.6W,  45, 1000,   60,   60,    0,   60,    0,    0,    0,    0,    0,    0,    0,    0, -999
20130726, 1800,  , TS, 16.3N, 133.3W,  50,  999,   60,   60,    0,   60,   20,    0,    0,    0,    0,    0,    0,    0, -999
20130727, 0000,  , TS, 16.8N, 135.0W,  50,  999,   60,   60,    0,   60,   20,    0,    0,    0,    0,    0,    0,    0, -999
20130727, 0600,  , TS, 17.2N, 136.7W,  55,  997,  100,   60,   30,   80,   30,    0,    0,   30,    0,    0,    0,    0, -999
20130727, 1200,  , TS, 17.7N, 138.4W,  60,  994,  140,   40,   30,  120,   30,    0,    0,   30,    0,    0,    0,    0, -999
20130727, 1800,  , TS, 18.4N, 140.2W,  55,  996,  130,   30,   30,  130,   20,    0,    0,   20,    0,    0,    0,    0, -999
20130728, 0000,  , TS, 18.9N, 142.3W,  50,  999,  120,   20,   20,  120,   20,    0,    0,   20,    0,    0,    0,    0, -999
20130728, 0600,  , TS, 19.3N, 144.3W,  50,  999,  120,   20,   20,  120,   20,    0,    0,   20,    0,    0,    0,    0, -999
20130728, 1200,  , TS, 19.7N, 146.0W,  55,  998,  130,   30,   30,  130,   30,    0,    0,   30,    0,    0,    0,    0, -999
20130728, 1800,  , TS, 19.8N, 147.7W,  50, 1000,  120,   20,   20,  120,   20,    0,    0,   20,    0,    0,    0,    0, -999
20130729, 0000,  , TS, 19.7N, 149.4W,  50, 1001,  110,   20,   20,  110,   10,    0,    0,   10,    0,    0,    0,    0, -999
20130729, 0600,  , TS, 19.9N, 151.1W,  45, 1002,   90,   10,   10,   90,    0,    0,    0,    0,    0,    0,    0,    0, -999
20130729, 1200,  , TS, 20.2N, 152.7W,  40, 1004,   80,    0,    0,   80,    0,    0,    0,    0,    0,    0,    0,    0, -999
20130729, 1800,  , TS, 20.5N, 154.2W,  35, 1006,   70,    0,    0,   70,    0,    0,    0,    0,    0,    0,    0,    0, -999
20130730, 0000,  , TD, 21.0N, 155.7W,  30, 1007,    0,    0,    0,    0,    0,    0,    0,    0,    0,    0,    0,    0, -999
20130730, 0600,  , TD, 21.8N, 157.4W,  30, 1009,    0,    0,    0,    0,    0,    0,    0,    0,    0,    0,    0,    0, -999
20130730, 1200,  , LO, 22.3N, 159.4W,  25, 1011,    0,    0,    0,    0,    0,    0,    0,    0,    0,    0,    0,    0, -999
EP072013,                GIL,     32,
20130730, 0000,  , LO, 11.2N, 111.6W,  20, 1009,    0,    0,    0,    0,    0,    0,    0,    0,    0,    0,    0,    0, -999
20130730, 0600,  , LO, 11.7N, 112.9W,  20, 1009,    0,    0,    0,    0,    0,    0,    0,    0,    0,    0,    0,    0, -999
20130730, 1200,  , TD, 12.1N, 114.2W,  25, 1008,    0,    0,    0,    0,    0,    0,    0,    0,    0,    0,    0,    0, -999
20130730, 1800,  , TS, 12.5N, 115.6W,  35, 1005,   30,   20,    0,   30,    0,    0,    0,    0,    0,    0,    0,    0, -999
20130731, 0000,  , TS, 12.8N, 116.9W,  40, 1002,   40,   20,    0,   30,    0,    0,    0,    0,    0,    0,    0,    0, -999
20130731, 0600,  , TS, 13.1N, 118.1W,  45, 1001,   60,   30,   20,   30,    0,    0,    0,    0,    0,    0,    0,    0, -999
20130731, 1200,  , TS, 13.4N, 119.2W,  55,  997,   60,   30,   20,   40,   30,    0,    0,   30,    0,    0,    0,    0, -999
20130731, 1800,  , HU, 13.7N, 120.2W,  65,  993,   50,   30,   30,   50,   30,    0,    0,   30,   10,    0,    0,   10, -999
20130801, 0000,  , HU, 13.9N, 121.2W,  70,  990,   50,   30,   30,   50,   30,   20,   20,   30,   10,    0,    0,   10, -999
20130801, 0600,  , HU, 14.2N, 122.3W,  70,  990,   50,   30,   30,   50,   30,   20,   20,   30,   10,    0,    0,   10, -999
20130801, 1200,  , HU, 14.3N, 123.5W,  70,  990,   50,   30,   30,   50,   30,   20,   20,   30,   10,    0,    0,   10, -999
20130801, 1800,  , HU, 14.3N, 124.6W,  75,  987,   50,   30,   30,   50,   30,   20,   20,   30,   10,    0,    0,   10, -999
20130802, 0000,  , HU, 14.4N, 125.8W,  75,  985,   50,   30,   30,   50,   30,   20,   20,   30,   20,    0,    0,   10, -999
20130802, 0600,  , HU, 14.5N, 126.9W,  75,  985,   50,   30,   30,   50,   30,   20,   20,   30,   20,    0,    0,   10, -999
20130802, 1200,  , HU, 14.6N, 128.0W,  65,  990,   50,   30,   30,   50,   30,   20,   20,   30,   20,    0,    0,   10, -999
20130802, 1800,  , TS, 14.6N, 129.0W,  60,  992,   50,   30,   30,   50,   30,   20,   20,   30,    0,    0,    0,    0, -999
20130803, 0000,  , TS, 14.7N, 130.0W,  55,  995,   50,   30,   30,   50,   30,   20,   20,   30,    0,    0,    0,    0, -999
20130803, 0600,  , TS, 14.9N, 131.0W,  50,  998,   50,   30,   30,   50,   30,   20,   20,   30,    0,    0,    0,    0, -999
20130803, 1200,  , TS, 15.2N, 132.1W,  50,  999,   50,   30,   30,   50,   30,   20,   20,   30,    0,    0,    0,    0, -999
20130803, 1800,  , TS, 15.4N, 133.1W,  45, 1001,   50,   30,   30,   50,    0,    0,    0,    0,    0,    0,    0,    0, -999
20130804, 0000,  , TS, 15.1N, 134.0W,  40, 1003,   50,   30,   30,   50,    0,    0,    0,    0,    0,    0,    0,    0, -999
20130804, 0600,  , TS, 14.7N, 134.8W,  35, 1006,   50,   30,   30,   50,    0,    0,    0,    0,    0,    0,    0,    0, -999
20130804, 1200,  , TD, 14.5N, 135.5W,  30, 1007,    0,    0,    0,    0,    0,    0,    0,    0,    0,    0,    0,    0, -999
20130804, 1800,  , TD, 14.3N, 136.2W,  30, 1007,    0,    0,    0,    0,    0,    0,    0,    0,    0,    0,    0,    0, -999
20130805, 0000,  , TD, 14.1N, 136.8W,  25, 1007,    0,    0,    0,    0,    0,    0,    0,    0,    0,    0,    0,    0, -999
20130805, 0600,  , TD, 13.8N, 137.5W,  25, 1007,    0,    0,    0,    0,    0,    0,    0,    0,    0,    0,    0,    0, -999
20130805, 1200,  , TD, 13.7N, 138.2W,  25, 1007,    0,    0,    0,    0,    0,    0,    0,    0,    0,    0,    0,    0, -999
20130805, 1800,  , TD, 13.6N, 139.0W,  30, 1006,    0,    0,    0,    0,    0,    0,    0,    0,    0,    0,    0,    0, -999
20130806, 0000,  , TD, 13.5N, 139.8W,  30, 1006,    0,    0,    0,    0,    0,    0,    0,    0,    0,    0,    0,    0, -999
20130806, 0600,  , TS, 13.4N, 140.3W,  35, 1006,   40,    0,    0,    0,    0,    0,    0,    0,    0,    0,    0,    0, -999
20130806, 1200,  , TS, 13.3N, 140.9W,  35, 1006,   40,    0,    0,   40,    0,    0,    0,    0,    0,    0,    0,    0, -999
20130806, 1800,  , TD, 13.3N, 141.5W,  30, 1008,    0,    0,    0,    0,    0,    0,    0,    0,    0,    0,    0,    0, -999
EP082013,          HENRIETTE,     41,
20130802, 0000,  , LO, 12.7N, 116.8W,  25, 1009,    0,    0,    0,    0,    0,    0,    0,    0,    0,    0,    0,    0, -999
20130802, 0600,  , LO, 12.7N, 117.6W,  25, 1009,    0,    0,    0,    0,    0,    0,    0,    0,    0,    0,    0,    0, -999
20130802, 1200,  , LO, 12.8N, 118.5W,  25, 1009,    0,    0,    0,    0,    0,    0,    0,    0,    0,    0,    0,    0, -999
20130802, 1800,  , LO, 12.9N, 119.5W,  25, 1009,    0,    0,    0,    0,    0,    0,    0,    0,    0,    0,    0,    0, -999
20130803, 0000,  , LO, 12.9N, 120.5W,  25, 1009,    0,    0,    0,    0,    0,    0,    0,    0,    0,    0,    0,    0, -999
20130803, 0600,  , LO, 12.8N, 121.5W,  25, 1009,    0,    0,    0,    0,    0,    0,    0,    0,    0,    0,    0,    0, -999
20130803, 1200,  , TD, 12.7N, 122.5W,  25, 1008,    0,    0,    0,    0,    0,    0,    0,    0,    0,    0,    0,    0, -999
20130803, 1800,  , TD, 12.7N, 123.5W,  30, 1007,    0,    0,    0,    0,    0,    0,    0,    0,    0,    0,    0,    0, -999
20130804, 0000,  , TS, 12.8N, 124.4W,  35, 1006,   30,   50,   50,   30,    0,    0,    0,    0,    0,    0,    0,    0, -999
20130804, 0600,  , TS, 12.7N, 125.3W,  35, 1006,   30,   50,   50,   30,    0,    0,    0,    0,    0,    0,    0,    0, -999
20130804, 1200,  , TS, 12.5N, 126.0W,  40, 1004,   30,   50,   50,   30,    0,    0,    0,    0,    0,    0,    0,    0, -999
20130804, 1800,  , TS, 12.1N, 126.6W,  45, 1002,   30,   50,   50,   30,    0,    0,    0,    0,    0,    0,    0,    0, -999
20130805, 0000,  , TS, 11.9N, 127.0W,  45, 1002,   40,   50,   40,   40,    0,    0,    0,    0,    0,    0,    0,    0, -999
20130805, 0600,  , TS, 11.8N, 127.5W,  45, 1002,   40,   50,   40,   40,    0,    0,    0,    0,    0,    0,    0,    0, -999
20130805, 1200,  , TS, 12.0N, 128.0W,  50, 1000,   40,   60,   40,   40,    0,   20,    0,    0,    0,    0,    0,    0, -999
20130805, 1800,  , TS, 12.4N, 128.7W,  55,  998,   50,   60,   40,   40,   10,   20,    0,    0,    0,    0,    0,    0, -999
20130806, 0000,  , TS, 12.9N, 129.5W,  60,  995,   60,   60,   40,   50,   20,   30,   10,   10,    0,    0,    0,    0, -999
20130806, 0600,  , HU, 13.5N, 130.4W,  70,  989,   60,   70,   40,   50,   30,   30,   20,   20,   15,   15,   15,   15, -999
20130806, 1200,  , HU, 14.0N, 131.2W,  75,  984,   70,   70,   40,   60,   40,   40,   30,   30,   20,   20,   15,   20, -999
20130806, 1800,  , HU, 14.4N, 132.0W,  80,  981,   70,   70,   50,   70,   40,   40,   30,   40,   20,   20,   20,   20, -999
20130807, 0000,  , HU, 14.8N, 132.8W,  80,  981,   70,   70,   50,   70,   40,   40,   30,   40,   20,   20,   20,   20, -999
20130807, 0600,  , HU, 15.3N, 133.6W,  80,  981,   70,   70,   50,   70,   40,   40,   30,   40,   20,   20,   20,   20, -999
20130807, 1200,  , HU, 15.8N, 134.4W,  80,  981,   70,   70,   50,   70,   40,   40,   30,   40,   20,   20,   20,   20, -999
20130807, 1800,  , HU, 16.4N, 135.3W,  80,  981,   70,   60,   50,   70,   40,   40,   30,   40,   20,   20,   20,   20, -999
20130808, 0000,  , HU, 16.8N, 136.2W,  80,  981,   70,   60,   50,   60,   30,   30,   30,   30,   15,   15,   15,   15, -999
20130808, 0600,  , HU, 17.1N, 137.0W,  80,  981,   70,   50,   40,   60,   30,   30,   20,   30,   15,   15,   15,   15, -999
20130808, 1200,  , HU, 17.2N, 137.9W,  85,  979,   60,   40,   40,   50,   20,   20,   20,   20,   10,   10,   10,   10, -999
20130808, 1800,  , HU, 17.2N, 138.9W,  90,  976,   50,   40,   40,   50,   20,   20,   20,   20,   10,   10,   10,   10, -999
20130809, 0000,  , HU, 17.0N, 139.9W,  85,  980,   50,   30,   30,   40,   20,   20,   20,   20,   10,   10,   10,   10, -999
20130809, 0600,  , HU, 16.6N, 140.8W,  65,  992,   40,   20,   30,   40,   20,   15,   20,   20,   10,   10,   10,   10, -999
20130809, 1200,  , TS, 16.1N, 141.8W,  60,  995,   40,   20,   30,   40,   20,   15,   20,   20,    0,    0,    0,    0, -999
20130809, 1800,  , TS, 15.6N, 143.3W,  55,  996,   40,   20,   30,   40,   20,   10,   15,   20,    0,    0,    0,    0, -999
20130810, 0000,  , TS, 15.1N, 144.6W,  50,  998,   50,   20,   30,   50,   20,   10,   10,   20,    0,    0,    0,    0, -999
20130810, 0600,  , TS, 14.5N, 145.9W,  45, 1002,   50,   20,   20,   50,    0,    0,    0,    0,    0,    0,    0,    0, -999
20130810, 1200,  , TS, 14.2N, 147.5W,  45, 1002,   50,   20,   20,   50,    0,    0,    0,    0,    0,    0,    0,    0, -999
20130810, 1800,  , TS, 14.0N, 149.3W,  45, 1002,   50,   20,   20,   50,    0,    0,    0,    0,    0,    0,    0,    0, -999
20130811, 0000,  , TS, 13.9N, 151.0W,  35, 1006,   40,   10,   10,   40,    0,    0,    0,    0,    0,    0,    0,    0, -999
20130811, 0600,  , TS, 13.7N, 153.0W,  35, 1008,   40,   10,   10,   40,    0,    0,    0,    0,    0,    0,    0,    0, -999
20130811, 1200,  , TD, 13.6N, 155.0W,  30, 1009,    0,    0,    0,    0,    0,    0,    0,    0,    0,    0,    0,    0, -999
20130811, 1800,  , LO, 13.5N, 157.2W,  30, 1010,    0,    0,    0,    0,    0,    0,    0,    0,    0,    0,    0,    0, -999
20130812, 0000,  , LO, 13.4N, 159.3W,  25, 1010,    0,    0,    0,    0,    0,    0,    0,    0,    0,    0,    0,    0, -999
CP012013,               PEWA,     42,
20130815, 0000,  , DB,  7.6N, 167.3W,  25, 1009,    0,    0,    0,    0,    0,    0,    0,    0,    0,    0,    0,    0, -999
20130815, 0600,  , DB,  7.8N, 168.1W,  25, 1008,    0,    0,    0,    0,    0,    0,    0,    0,    0,    0,    0,    0, -999
20130815, 1200,  , DB,  8.2N, 168.9W,  25, 1008,    0,    0,    0,    0,    0,    0,    0,    0,    0,    0,    0,    0, -999
20130815, 1800,  , DB,  8.6N, 169.9W,  25, 1008,    0,    0,    0,    0,    0,    0,    0,    0,    0,    0,    0,    0, -999
20130816, 0000,  , DB,  8.9N, 170.9W,  25, 1007,    0,    0,    0,    0,    0,    0,    0,    0,    0,    0,    0,    0, -999
20130816, 0600,  , TD,  9.2N, 172.0W,  30, 1005,    0,    0,    0,    0,    0,    0,    0,    0,    0,    0,    0,    0, -999
20130816, 1200,  , TS,  9.4N, 173.1W,  35, 1005,   40,   10,   10,   40,    0,    0,    0,    0,    0,    0,    0,    0, -999
20130816, 1800,  , TS,  9.7N, 174.0W,  35, 1005,   40,   10,   10,   40,    0,    0,    0,    0,    0,    0,    0,    0, -999
20130817, 0000,  , TS, 10.0N, 175.0W,  45, 1001,   40,   30,   10,   40,    0,    0,    0,    0,    0,    0,    0,    0, -999
20130817, 0600,  , TS, 10.4N, 176.0W,  45,  999,   40,   35,   20,   40,    0,    0,    0,    0,    0,    0,    0,    0, -999
20130817, 1200,  , TS, 10.8N, 176.9W,  50,  997,   45,   35,   20,   40,   20,   20,    0,    0,    0,    0,    0,    0, -999
20130817, 1800,  , TS, 11.2N, 177.9W,  55,  995,   50,   40,   20,   40,   20,   20,    0,    0,    0,    0,    0,    0, -999
20130818, 0000,  , TS, 11.5N, 179.0W,  55,  995,   50,   40,   20,   40,   20,   20,    0,    0,    0,    0,    0,    0, -999
20130818, 0600,  , TS, 11.9N, 179.9W,  55,  995,   50,   40,   20,   40,   20,   20,    0,    0,    0,    0,    0,    0, -999
20130818, 1200,  , TS, 12.5N, 179.3E,  50,  997,   50,   40,   20,   40,   10,    5,    5,   10,    0,    0,    0,    0, -999
20130818, 1800,  , TS, 12.9N, 178.8E,  55,  994,   45,   40,   55,   65,   15,   10,   10,   15,    0,    0,    0,    0, -999
20130819, 0000,  , HU, 13.3N, 178.4E,  65,  988,   55,   45,   50,   65,   20,   20,   20,   20,   10,   10,   10,   10, -999
20130819, 0600,  , HU, 13.9N, 178.0E,  65,  987,   65,   60,   60,   65,   30,   30,   30,   30,   10,   10,   10,   10, -999
20130819, 1200,  , TS, 14.6N, 177.2E,  60,  989,   65,   60,   60,   65,   30,   30,   30,   30,    0,    0,    0,    0, -999
20130819, 1800,  , TS, 14.6N, 176.3E,  55,  994,   75,   65,   65,   70,   30,   30,   30,   30,    0,    0,    0,    0, -999
20130820, 0000,  , TS, 15.3N, 175.6E,  50,  996,   70,   60,   55,   65,   30,   25,   25,   25,    0,    0,    0,    0, -999
20130820, 0600,  , TS, 16.2N, 174.8E,  45,  997,   60,   50,   45,   55,    0,    0,    0,    0,    0,    0,    0,    0, -999
20130820, 1200,  , TS, 17.4N, 174.0E,  45,  998,   65,   55,   50,   60,    0,    0,    0,    0,    0,    0,    0,    0, -999
20130820, 1800,  , TS, 18.3N, 172.8E,  45,  998,   65,   55,   50,   60,    0,    0,    0,    0,    0,    0,    0,    0, -999
20130821, 0000,  , TS, 18.7N, 171.8E,  45,  998,   65,   55,   50,   60,    0,    0,    0,    0,    0,    0,    0,    0, -999
20130821, 0600,  , TS, 19.6N, 171.3E,  35, 1001,   65,   55,   50,   60,    0,    0,    0,    0,    0,    0,    0,    0, -999
20130821, 1200,  , TS, 20.4N, 170.6E,  35, 1002,   65,   55,   50,   60,    0,    0,    0,    0,    0,    0,    0,    0, -999
20130821, 1800,  , TS, 21.2N, 170.0E,  35, 1003,   65,   55,   50,   60,    0,    0,    0,    0,    0,    0,    0,    0, -999
20130822, 0000,  , TD, 22.1N, 169.9E,  30, 1005,    0,    0,    0,    0,    0,    0,    0,    0,    0,    0,    0,    0, -999
20130822, 0600,  , TD, 23.2N, 169.6E,  30, 1005,    0,    0,    0,    0,    0,    0,    0,    0,    0,    0,    0,    0, -999
20130822, 1200,  , TD, 24.4N, 169.3E,  30, 1006,    0,    0,    0,    0,    0,    0,    0,    0,    0,    0,    0,    0, -999
20130822, 1800,  , TD, 25.2N, 169.2E,  30, 1006,    0,    0,    0,    0,    0,    0,    0,    0,    0,    0,    0,    0, -999
20130823, 0000,  , TD, 26.2N, 169.5E,  30, 1006,    0,    0,    0,    0,    0,    0,    0,    0,    0,    0,    0,    0, -999
20130823, 0600,  , TD, 26.5N, 169.5E,  30, 1006,    0,    0,    0,    0,    0,    0,    0,    0,    0,    0,    0,    0, -999
20130823, 1200,  , TD, 26.8N, 169.3E,  30, 1006,    0,    0,    0,    0,    0,    0,    0,    0,    0,    0,    0,    0, -999
20130823, 1800,  , TD, 27.1N, 169.3E,  30, 1006,    0,    0,    0,    0,    0,    0,    0,    0,    0,    0,    0,    0, -999
20130824, 0000,  , TD, 27.6N, 169.3E,  30, 1006,    0,    0,    0,    0,    0,    0,    0,    0,    0,    0,    0,    0, -999
20130824, 0600,  , TD, 27.9N, 168.9E,  25, 1007,    0,    0,    0,    0,    0,    0,    0,    0,    0,    0,    0,    0, -999
20130824, 1200,  , DB, 27.9N, 168.8E,  20, 1007,    0,    0,    0,    0,    0,    0,    0,    0,    0,    0,    0,    0, -999
20130824, 1800,  , DB, 28.2N, 167.6E,  20, 1008,    0,    0,    0,    0,    0,    0,    0,    0,    0,    0,    0,    0, -999
20130825, 0000,  , DB, 28.3N, 166.9E,  20, 1009,    0,    0,    0,    0,    0,    0,    0,    0,    0,    0,    0,    0, -999
20130825, 0600,  , DB, 28.4N, 166.2E,  20, 1009,    0,    0,    0,    0,    0,    0,    0,    0,    0,    0,    0,    0, -999
CP022013,              UNALA,     29,
20130812, 0600,  , DB, 12.0N, 139.6W,  20, 1010,    0,    0,    0,    0,    0,    0,    0,    0,    0,    0,    0,    0, -999
20130812, 1200,  , DB, 12.0N, 140.6W,  25, 1009,    0,    0,    0,    0,    0,    0,    0,    0,    0,    0,    0,    0, -999
20130812, 1800,  , DB, 11.8N, 141.8W,  25, 1009,    0,    0,    0,    0,    0,    0,    0,    0,    0,    0,    0,    0, -999
20130813, 0000,  , DB, 11.5N, 142.9W,  25, 1008,    0,    0,    0,    0,    0,    0,    0,    0,    0,    0,    0,    0, -999
20130813, 0600,  , DB, 11.0N, 143.8W,  25, 1008,    0,    0,    0,    0,    0,    0,    0,    0,    0,    0,    0,    0, -999
20130813, 1200,  , DB, 11.0N, 145.5W,  25, 1008,    0,    0,    0,    0,    0,    0,    0,    0,    0,    0,    0,    0, -999
20130813, 1800,  , DB, 11.0N, 147.2W,  25, 1009,    0,    0,    0,    0,    0,    0,    0,    0,    0,    0,    0,    0, -999
20130814, 0000,  , DB, 11.2N, 148.9W,  25, 1009,    0,    0,    0,    0,    0,    0,    0,    0,    0,    0,    0,    0, -999
20130814, 0600,  , DB, 11.3N, 150.7W,  25, 1009,    0,    0,    0,    0,    0,    0,    0,    0,    0,    0,    0,    0, -999
20130814, 1200,  , DB, 11.7N, 152.5W,  25, 1009,    0,    0,    0,    0,    0,    0,    0,    0,    0,    0,    0,    0, -999
20130814, 1800,  , DB, 12.3N, 154.0W,  25, 1009,    0,    0,    0,    0,    0,    0,    0,    0,    0,    0,    0,    0, -999
20130815, 0000,  , DB, 12.5N, 155.9W,  25, 1010,    0,    0,    0,    0,    0,    0,    0,    0,    0,    0,    0,    0, -999
20130815, 0600,  , DB, 12.5N, 157.5W,  30, 1010,    0,    0,    0,    0,    0,    0,    0,    0,    0,    0,    0,    0, -999
20130815, 1200,  , DB, 12.3N, 159.1W,  30, 1010,    0,    0,    0,    0,    0,    0,    0,    0,    0,    0,    0,    0, -999
20130815, 1800,  , DB, 12.3N, 160.6W,  30, 1010,    0,    0,    0,    0,    0,    0,    0,    0,    0,    0,    0,    0, -999
20130816, 0000,  , DB, 12.5N, 162.1W,  30, 1010,    0,    0,    0,    0,    0,    0,    0,    0,    0,    0,    0,    0, -999
20130816, 0600,  , DB, 12.6N, 163.8W,  30, 1010,    0,    0,    0,    0,    0,    0,    0,    0,    0,    0,    0,    0, -999
20130816, 1200,  , DB, 12.7N, 165.6W,  25, 1010,    0,    0,    0,    0,    0,    0,    0,    0,    0,    0,    0,    0, -999
20130816, 1800,  , DB, 13.0N, 166.9W,  25, 1010,    0,    0,    0,    0,    0,    0,    0,    0,    0,    0,    0,    0, -999
20130817, 0000,  , DB, 13.4N, 168.1W,  25, 1010,    0,    0,    0,    0,    0,    0,    0,    0,    0,    0,    0,    0, -999
20130817, 0600,  , DB, 13.6N, 169.2W,  25, 1010,    0,    0,    0,    0,    0,    0,    0,    0,    0,    0,    0,    0, -999
20130817, 1200,  , DB, 14.0N, 170.4W,  25, 1010,    0,    0,    0,    0,    0,    0,    0,    0,    0,    0,    0,    0, -999
20130817, 1800,  , DB, 14.4N, 171.7W,  25, 1010,    0,    0,    0,    0,    0,    0,    0,    0,    0,    0,    0,    0, -999
20130818, 0000,  , DB, 14.9N, 172.9W,  25, 1009,    0,    0,    0,    0,    0,    0,    0,    0,    0,    0,    0,    0, -999
20130818, 0600,  , DB, 15.4N, 174.0W,  30, 1008,    0,    0,    0,    0,    0,    0,    0,    0,    0,    0,    0,    0, -999
20130818, 1200,  , DB, 15.9N, 175.0W,  30, 1007,    0,    0,    0,    0,    0,    0,    0,    0,    0,    0,    0,    0, -999
20130818, 1800,  , DB, 16.5N, 176.2W,  30, 1006,    0,    0,    0,    0,    0,    0,    0,    0,    0,    0,    0,    0, -999
20130819, 0000,  , TS, 17.0N, 177.9W,  35, 1005,   30,    0,    0,   30,    0,    0,    0,    0,    0,    0,    0,    0, -999
20130819, 0600,  , TD, 17.3N, 179.4W,  30, 1007,    0,    0,    0,    0,    0,    0,    0,    0,    0,    0,    0,    0, -999
CP032013,              THREE,     48,
20130809, 0600,  , DB, 11.0N, 116.2W,  20, 1008,    0,    0,    0,    0,    0,    0,    0,    0,    0,    0,    0,    0, -999
20130809, 1200,  , DB, 11.2N, 116.2W,  20, 1007,    0,    0,    0,    0,    0,    0,    0,    0,    0,    0,    0,    0, -999
20130809, 1800,  , DB, 11.4N, 116.8W,  20, 1007,    0,    0,    0,    0,    0,    0,    0,    0,    0,    0,    0,    0, -999
20130810, 0000,  , DB, 11.6N, 117.4W,  20, 1007,    0,    0,    0,    0,    0,    0,    0,    0,    0,    0,    0,    0, -999
20130810, 0600,  , DB, 12.0N, 118.1W,  25, 1008,    0,    0,    0,    0,    0,    0,    0,    0,    0,    0,    0,    0, -999
20130810, 1200,  , DB, 12.4N, 118.5W,  25, 1008,    0,    0,    0,    0,    0,    0,    0,    0,    0,    0,    0,    0, -999
20130810, 1800,  , DB, 12.8N, 118.8W,  25, 1008,    0,    0,    0,    0,    0,    0,    0,    0,    0,    0,    0,    0, -999
20130811, 0000,  , DB, 13.0N, 119.4W,  25, 1008,    0,    0,    0,    0,    0,    0,    0,    0,    0,    0,    0,    0, -999
20130811, 0600,  , DB, 13.2N, 120.2W,  25, 1008,    0,    0,    0,    0,    0,    0,    0,    0,    0,    0,    0,    0, -999
20130811, 1200,  , DB, 13.2N, 121.3W,  25, 1008,    0,    0,    0,    0,    0,    0,    0,    0,    0,    0,    0,    0, -999
20130811, 1800,  , DB, 13.2N, 122.4W,  25, 1008,    0,    0,    0,    0,    0,    0,    0,    0,    0,    0,    0,    0, -999
20130812, 0000,  , DB, 13.3N, 123.4W,  25, 1008,    0,    0,    0,    0,    0,    0,    0,    0,    0,    0,    0,    0, -999
20130812, 0600,  , DB, 13.4N, 124.5W,  25, 1008,    0,    0,    0,    0,    0,    0,    0,    0,    0,    0,    0,    0, -999
20130812, 1200,  , DB, 13.4N, 125.6W,  25, 1008,    0,    0,    0,    0,    0,    0,    0,    0,    0,    0,    0,    0, -999
20130812, 1800,  , LO, 13.3N, 126.8W,  25, 1008,    0,    0,    0,    0,    0,    0,    0,    0,    0,    0,    0,    0, -999
20130813, 0000,  , LO, 13.3N, 128.5W,  25, 1008,    0,    0,    0,    0,    0,    0,    0,    0,    0,    0,    0,    0, -999
20130813, 0600,  , LO, 13.2N, 130.6W,  25, 1008,    0,    0,    0,    0,    0,    0,    0,    0,    0,    0,    0,    0, -999
20130813, 1200,  , LO, 13.2N, 133.0W,  25, 1008,    0,    0,    0,    0,    0,    0,    0,    0,    0,    0,    0,    0, -999
20130813, 1800,  , LO, 13.1N, 135.2W,  25, 1008,    0,    0,    0,    0,    0,    0,    0,    0,    0,    0,    0,    0, -999
20130814, 0000,  , LO, 13.1N, 136.9W,  25, 1008,    0,    0,    0,    0,    0,    0,    0,    0,    0,    0,    0,    0, -999
20130814, 0600,  , LO, 13.1N, 138.2W,  25, 1008,    0,    0,    0,    0,    0,    0,    0,    0,    0,    0,    0,    0, -999
20130814, 1200,  , LO, 13.9N, 140.2W,  25, 1008,    0,    0,    0,    0,    0,    0,    0,    0,    0,    0,    0,    0, -999
20130814, 1800,  , LO, 14.2N, 142.1W,  25, 1008,    0,    0,    0,    0,    0,    0,    0,    0,    0,    0,    0,    0, -999
20130815, 0000,  , DB, 14.0N, 143.7W,  25, 1009,    0,    0,    0,    0,    0,    0,    0,    0,    0,    0,    0,    0, -999
20130815, 0600,  , DB, 13.9N, 145.2W,  25, 1010,    0,    0,    0,    0,    0,    0,    0,    0,    0,    0,    0,    0, -999
20130815, 1200,  , DB, 13.8N, 147.3W,  25, 1010,    0,    0,    0,    0,    0,    0,    0,    0,    0,    0,    0,    0, -999
20130815, 1800,  , DB, 13.8N, 148.9W,  25, 1010,    0,    0,    0,    0,    0,    0,    0,    0,    0,    0,    0,    0, -999
20130816, 0000,  , DB, 14.0N, 150.9W,  25, 1010,    0,    0,    0,    0,    0,    0,    0,    0,    0,    0,    0,    0, -999
20130816, 0600,  , DB, 14.2N, 152.6W,  25, 1010,    0,    0,    0,    0,    0,    0,    0,    0,    0,    0,    0,    0, -999
20130816, 1200,  , DB, 14.4N, 154.7W,  25, 1010,    0,    0,    0,    0,    0,    0,    0,    0,    0,    0,    0,    0, -999
20130816, 1800,  , DB, 14.6N, 156.8W,  25, 1010,    0,    0,    0,    0,    0,    0,    0,    0,    0,    0,    0,    0, -999
20130817, 0000,  , DB, 14.7N, 158.3W,  25, 1010,    0,    0,    0,    0,    0,    0,    0,    0,    0,    0,    0,    0, -999
20130817, 0600,  , DB, 14.9N, 159.8W,  25, 1010,    0,    0,    0,    0,    0,    0,    0,    0,    0,    0,    0,    0, -999
20130817, 1200,  , DB, 15.0N, 161.0W,  25, 1010,    0,    0,    0,    0,    0,    0,    0,    0,    0,    0,    0,    0, -999
20130817, 1800,  , DB, 15.2N, 162.5W,  25, 1010,    0,    0,    0,    0,    0,    0,    0,    0,    0,    0,    0,    0, -999
20130818, 0000,  , DB, 15.3N, 164.5W,  25, 1010,    0,    0,    0,    0,    0,    0,    0,    0,    0,    0,    0,    0, -999
20130818, 0600,  , DB, 15.5N, 166.9W,  25, 1010,    0,    0,    0,    0,    0,    0,    0,    0,    0,    0,    0,    0, -999
20130818, 1200,  , DB, 15.7N, 169.2W,  25, 1010,    0,    0,    0,    0,    0,    0,    0,    0,    0,    0,    0,    0, -999
20130818, 1800,  , DB, 16.2N, 170.5W,  25, 1010,    0,    0,    0,    0,    0,    0,    0,    0,    0,    0,    0,    0, -999
20130819, 0000,  , DB, 16.5N, 171.5W,  25, 1010,    0,    0,    0,    0,    0,    0,    0,    0,    0,    0,    0,    0, -999
20130819, 0600,  , DB, 17.0N, 172.4W,  25, 1010,    0,    0,    0,    0,    0,    0,    0,    0,    0,    0,    0,    0, -999
20130819, 1200,  , DB, 17.6N, 173.4W,  25, 1010,    0,    0,    0,    0,    0,    0,    0,    0,    0,    0,    0,    0, -999
20130819, 1800,  , TD, 18.1N, 174.6W,  30, 1008,    0,    0,    0,    0,    0,    0,    0,    0,    0,    0,    0,    0, -999
20130820, 0000,  , TD, 18.8N, 175.7W,  30, 1008,    0,    0,    0,    0,    0,    0,    0,    0,    0,    0,    0,    0, -999
20130820, 0600,  , TD, 18.9N, 177.3W,  30, 1008,    0,    0,    0,    0,    0,    0,    0,    0,    0,    0,    0,    0, -999
20130820, 1200,  , TD, 19.3N, 178.8W,  30, 1008,    0,    0,    0,    0,    0,    0,    0,    0,    0,    0,    0,    0, -999
20130820, 1800,  , LO, 20.0N, 179.7E,  20, 1010,    0,    0,    0,    0,    0,    0,    0,    0,    0,    0,    0,    0, -999
20130821, 0000,  , DB, 20.4N, 178.2E,  15, 1012,    0,    0,    0,    0,    0,    0,    0,    0,    0,    0,    0,    0, -999
EP092013,                IVO,     31,
20130820, 0600,  , LO, 13.6N, 108.2W,  20, 1008,    0,    0,    0,    0,    0,    0,    0,    0,    0,    0,    0,    0, -999
20130820, 1200,  , LO, 13.8N, 108.9W,  20, 1008,    0,    0,    0,    0,    0,    0,    0,    0,    0,    0,    0,    0, -999
20130820, 1800,  , LO, 14.2N, 109.6W,  25, 1007,    0,    0,    0,    0,    0,    0,    0,    0,    0,    0,    0,    0, -999
20130821, 0000,  , LO, 14.5N, 110.0W,  25, 1007,    0,    0,    0,    0,    0,    0,    0,    0,    0,    0,    0,    0, -999
20130821, 0600,  , LO, 14.8N, 110.3W,  25, 1007,    0,    0,    0,    0,    0,    0,    0,    0,    0,    0,    0,    0, -999
20130821, 1200,  , LO, 15.2N, 110.7W,  25, 1006,    0,    0,    0,    0,    0,    0,    0,    0,    0,    0,    0,    0, -999
20130821, 1800,  , LO, 15.7N, 111.0W,  30, 1006,    0,    0,    0,    0,    0,    0,    0,    0,    0,    0,    0,    0, -999
20130822, 0000,  , LO, 16.2N, 111.2W,  30, 1005,    0,    0,    0,    0,    0,    0,    0,    0,    0,    0,    0,    0, -999
20130822, 0600,  , LO, 16.6N, 111.4W,  30, 1004,    0,    0,    0,    0,    0,    0,    0,    0,    0,    0,    0,    0, -999
20130822, 1200,  , TD, 17.0N, 111.6W,  30, 1003,    0,    0,    0,    0,    0,    0,    0,    0,    0,    0,    0,    0, -999
20130822, 1800,  , TD, 17.4N, 112.0W,  30, 1002,    0,    0,    0,    0,    0,    0,    0,    0,    0,    0,    0,    0, -999
20130823, 0000,  , TS, 17.8N, 112.5W,  35, 1001,  150,  150,  150,    0,    0,    0,    0,    0,    0,    0,    0,    0, -999
20130823, 0600,  , TS, 18.3N, 112.5W,  35, 1000,  150,  150,  150,    0,    0,    0,    0,    0,    0,    0,    0,    0, -999
20130823, 1200,  , TS, 18.9N, 112.0W,  35,  999,  150,  150,  150,    0,    0,    0,    0,    0,    0,    0,    0,    0, -999
20130823, 1800,  , TS, 19.6N, 111.4W,  35,  998,  150,  150,  150,    0,    0,    0,    0,    0,    0,    0,    0,    0, -999
20130824, 0000,  , TS, 20.5N, 111.8W,  40,  997,  170,  170,  150,    0,    0,    0,    0,    0,    0,    0,    0,    0, -999
20130824, 0600,  , TS, 21.4N, 112.6W,  40,  997,  170,  170,  150,    0,    0,    0,    0,    0,    0,    0,    0,    0, -999
20130824, 1200,  , TS, 22.0N, 113.3W,  40,  998,  170,  170,  150,    0,    0,    0,    0,    0,    0,    0,    0,    0, -999
20130824, 1800,  , TS, 22.5N, 113.8W,  35,  999,  170,  170,  150,    0,    0,    0,    0,    0,    0,    0,    0,    0, -999
20130825, 0000,  , TD, 23.1N, 114.1W,  30, 1001,    0,    0,    0,    0,    0,    0,    0,    0,    0,    0,    0,    0, -999
20130825, 0600,  , TD, 23.9N, 114.5W,  30, 1002,    0,    0,    0,    0,    0,    0,    0,    0,    0,    0,    0,    0, -999
20130825, 1200,  , TD, 24.7N, 114.9W,  30, 1003,    0,    0,    0,    0,    0,    0,    0,    0,    0,    0,    0,    0, -999
20130825, 1800,  , LO, 25.7N, 115.2W,  25, 1004,    0,    0,    0,    0,    0,    0,    0,    0,    0,    0,    0,    0, -999
20130826, 0000,  , LO, 26.7N, 115.6W,  25, 1005,    0,    0,    0,    0,    0,    0,    0,    0,    0,    0,    0,    0, -999
20130826, 0600,  , LO, 27.0N, 115.8W,  20, 1006,    0,    0,    0,    0,    0,    0,    0,    0,    0,    0,    0,    0, -999
20130826, 1200,  , LO, 27.0N, 116.0W,  20, 1007,    0,    0,    0,    0,    0,    0,    0,    0,    0,    0,    0,    0, -999
20130826, 1800,  , LO, 26.9N, 116.1W,  20, 1007,    0,    0,    0,    0,    0,    0,    0,    0,    0,    0,    0,    0, -999
20130827, 0000,  , LO, 26.7N, 116.2W,  20, 1007,    0,    0,    0,    0,    0,    0,    0,    0,    0,    0,    0,    0, -999
20130827, 0600,  , LO, 26.3N, 116.3W,  20, 1007,    0,    0,    0,    0,    0,    0,    0,    0,    0,    0,    0,    0, -999
20130827, 1200,  , LO, 25.5N, 116.4W,  15, 1008,    0,    0,    0,    0,    0,    0,    0,    0,    0,    0,    0,    0, -999
20130827, 1800,  , LO, 24.5N, 116.6W,  15, 1008,    0,    0,    0,    0,    0,    0,    0,    0,    0,    0,    0,    0, -999
EP102013,           JULIETTE,     11,
20130828, 1200,  , TS, 19.3N, 106.4W,  35, 1003,   40,   40,    0,    0,    0,    0,    0,    0,    0,    0,    0,    0, -999
20130828, 1800,  , TS, 20.9N, 108.1W,  40, 1002,   50,   50,    0,   40,    0,    0,    0,    0,    0,    0,    0,    0, -999
20130829, 0000,  , TS, 22.3N, 109.5W,  50,  998,   60,   60,    0,   30,   20,   30,    0,    0,    0,    0,    0,    0, -999
20130829, 0600,  , TS, 23.8N, 111.0W,  55,  997,   60,   60,    0,   30,   30,   40,    0,    0,    0,    0,    0,    0, -999
20130829, 0900, L, TS, 24.4N, 111.7W,  55,  997,   60,   60,    0,   30,   30,   40,    0,    0,    0,    0,    0,    0, -999
20130829, 1200,  , TS, 25.0N, 112.4W,  45, 1000,   40,   40,    0,   20,    0,    0,    0,    0,    0,    0,    0,    0, -999
20130829, 1800,  , TS, 25.7N, 113.3W,  35, 1005,   20,   20,    0,    0,    0,    0,    0,    0,    0,    0,    0,    0, -999
20130830, 0000,  , LO, 26.4N, 114.3W,  30, 1007,    0,    0,    0,    0,    0,    0,    0,    0,    0,    0,    0,    0, -999
20130830, 0600,  , LO, 27.0N, 115.2W,  25, 1010,    0,    0,    0,    0,    0,    0,    0,    0,    0,    0,    0,    0, -999
20130830, 1200,  , LO, 27.4N, 116.3W,  25, 1010,    0,    0,    0,    0,    0,    0,    0,    0,    0,    0,    0,    0, -999
20130830, 1800,  , LO, 27.8N, 117.5W,  25, 1010,    0,    0,    0,    0,    0,    0,    0,    0,    0,    0,    0,    0, -999
EP112013,               KIKO,     23,
20130829, 1800,  , LO, 15.0N, 115.1W,  20, 1008,    0,    0,    0,    0,    0,    0,    0,    0,    0,    0,    0,    0, -999
20130830, 0000,  , LO, 15.7N, 115.1W,  25, 1008,    0,    0,    0,    0,    0,    0,    0,    0,    0,    0,    0,    0, -999
20130830, 0600,  , LO, 16.4N, 115.1W,  25, 1008,    0,    0,    0,    0,    0,    0,    0,    0,    0,    0,    0,    0, -999
20130830, 1200,  , TD, 17.0N, 115.2W,  25, 1007,    0,    0,    0,    0,    0,    0,    0,    0,    0,    0,    0,    0, -999
20130830, 1800,  , TD, 17.6N, 115.4W,  30, 1007,    0,    0,    0,    0,    0,    0,    0,    0,    0,    0,    0,    0, -999
20130831, 0000,  , TD, 18.0N, 115.9W,  30, 1005,    0,    0,    0,    0,    0,    0,    0,    0,    0,    0,    0,    0, -999
20130831, 0600,  , TD, 18.4N, 116.3W,  30, 1005,    0,    0,    0,    0,    0,    0,    0,    0,    0,    0,    0,    0, -999
20130831, 1200,  , TS, 18.8N, 116.4W,  35, 1003,   30,   40,    0,   30,    0,    0,    0,    0,    0,    0,    0,    0, -999
20130831, 1800,  , TS, 19.2N, 116.2W,  45, 1001,   50,   40,   30,   40,    0,    0,    0,    0,    0,    0,    0,    0, -999
20130901, 0000,  , TS, 19.7N, 115.9W,  55,  996,   60,   50,   40,   40,   20,   20,    0,   20,    0,    0,    0,    0, -999
20130901, 0600,  , HU, 20.3N, 115.6W,  65,  989,   60,   50,   40,   40,   30,   20,    0,   20,   20,   10,    0,   10, -999
20130901, 1200,  , HU, 21.0N, 115.6W,  65,  989,   60,   50,   40,   40,   30,   20,    0,   20,   20,   10,    0,   10, -999
20130901, 1800,  , TS, 21.7N, 115.7W,  55,  995,   60,   50,   30,   40,   20,   20,    0,   20,    0,    0,    0,    0, -999
20130902, 0000,  , TS, 22.3N, 116.0W,  45, 1000,   60,   50,   30,   40,    0,    0,    0,    0,    0,    0,    0,    0, -999
20130902, 0600,  , TS, 22.6N, 116.2W,  35, 1003,   50,   40,    0,   40,    0,    0,    0,    0,    0,    0,    0,    0, -999
20130902, 1200,  , LO, 22.8N, 116.3W,  30, 1005,    0,    0,    0,    0,    0,    0,    0,    0,    0,    0,    0,    0, -999
20130902, 1800,  , LO, 22.9N, 116.5W,  30, 1005,    0,    0,    0,    0,    0,    0,    0,    0,    0,    0,    0,    0, -999
20130903, 0000,  , LO, 22.8N, 116.6W,  25, 1006,    0,    0,    0,    0,    0,    0,    0,    0,    0,    0,    0,    0, -999
20130903, 0600,  , LO, 22.7N, 116.5W,  20, 1008,    0,    0,    0,    0,    0,    0,    0,    0,    0,    0,    0,    0, -999
20130903, 1200,  , LO, 22.7N, 116.4W,  20, 1008,    0,    0,    0,    0,    0,    0,    0,    0,    0,    0,    0,    0, -999
20130903, 1800,  , LO, 22.7N, 116.2W,  20, 1008,    0,    0,    0,    0,    0,    0,    0,    0,    0,    0,    0,    0, -999
20130904, 0000,  , LO, 22.6N, 116.1W,  15, 1009,    0,    0,    0,    0,    0,    0,    0,    0,    0,    0,    0,    0, -999
20130904, 0600,  , LO, 22.4N, 116.1W,  15, 1010,    0,    0,    0,    0,    0,    0,    0,    0,    0,    0,    0,    0, -999
EP122013,             LORENA,     19,
20130904, 1200,  , LO, 17.1N, 104.9W,  25, 1006,    0,    0,    0,    0,    0,    0,    0,    0,    0,    0,    0,    0, -999
20130904, 1800,  , LO, 17.2N, 105.3W,  25, 1006,    0,    0,    0,    0,    0,    0,    0,    0,    0,    0,    0,    0, -999
20130905, 0000,  , LO, 17.3N, 105.6W,  25, 1006,    0,    0,    0,    0,    0,    0,    0,    0,    0,    0,    0,    0, -999
20130905, 0600,  , TD, 17.5N, 105.8W,  30, 1005,    0,    0,    0,    0,    0,    0,    0,    0,    0,    0,    0,    0, -999
20130905, 1200,  , TS, 18.1N, 106.1W,  35, 1004,   70,    0,    0,    0,    0,    0,    0,    0,    0,    0,    0,    0, -999
20130905, 1800,  , TS, 18.9N, 106.5W,  35, 1004,   70,    0,    0,    0,    0,    0,    0,    0,    0,    0,    0,    0, -999
20130906, 0000,  , TS, 19.9N, 107.2W,  35, 1004,   70,    0,    0,    0,    0,    0,    0,    0,    0,    0,    0,    0, -999
20130906, 0600,  , TS, 20.9N, 108.0W,  40, 1003,   60,    0,    0,    0,    0,    0,    0,    0,    0,    0,    0,    0, -999
20130906, 1200,  , TS, 21.8N, 109.0W,  45, 1002,   60,    0,    0,    0,    0,    0,    0,    0,    0,    0,    0,    0, -999
20130906, 1800,  , TS, 22.5N, 110.0W,  45, 1002,   70,    0,    0,    0,    0,    0,    0,    0,    0,    0,    0,    0, -999
20130907, 0000,  , TS, 22.8N, 110.8W,  40, 1003,   70,    0,    0,    0,    0,    0,    0,    0,    0,    0,    0,    0, -999
20130907, 0600,  , TS, 23.2N, 111.3W,  35, 1005,   60,    0,    0,    0,    0,    0,    0,    0,    0,    0,    0,    0, -999
20130907, 1200,  , TD, 23.5N, 111.6W,  30, 1006,    0,    0,    0,    0,    0,    0,    0,    0,    0,    0,    0,    0, -999
20130907, 1800,  , LO, 23.8N, 111.8W,  25, 1007,    0,    0,    0,    0,    0,    0,    0,    0,    0,    0,    0,    0, -999
20130908, 0000,  , LO, 24.2N, 112.1W,  25, 1007,    0,    0,    0,    0,    0,    0,    0,    0,    0,    0,    0,    0, -999
20130908, 0600,  , LO, 24.3N, 112.6W,  25, 1007,    0,    0,    0,    0,    0,    0,    0,    0,    0,    0,    0,    0, -999
20130908, 1200,  , LO, 24.1N, 112.8W,  20, 1008,    0,    0,    0,    0,    0,    0,    0,    0,    0,    0,    0,    0, -999
20130908, 1800,  , LO, 23.9N, 112.9W,  20, 1008,    0,    0,    0,    0,    0,    0,    0,    0,    0,    0,    0,    0, -999
20130909, 0000,  , LO, 23.9N, 112.8W,  15, 1008,    0,    0,    0,    0,    0,    0,    0,    0,    0,    0,    0,    0, -999
EP132013,             MANUEL,     26,
20130913, 1200,  , TD, 15.3N, 101.4W,  30,  999,    0,    0,    0,    0,    0,    0,    0,    0,    0,    0,    0,    0, -999
20130913, 1800,  , TS, 15.3N, 101.9W,  35,  998,   20,   20,    0,    0,    0,    0,    0,    0,    0,    0,    0,    0, -999
20130914, 0000,  , TS, 15.4N, 102.2W,  40,  997,   50,   50,   50,    0,    0,    0,    0,    0,    0,    0,    0,    0, -999
20130914, 0600,  , TS, 15.5N, 102.3W,  45,  995,   50,   50,   50,    0,    0,    0,    0,    0,    0,    0,    0,    0, -999
20130914, 1200,  , TS, 15.9N, 102.1W,  45,  993,   60,   60,   50,   60,    0,    0,    0,    0,    0,    0,    0,    0, -999
20130914, 1800,  , TS, 16.4N, 102.1W,  50,  990,   70,   70,   50,   60,   20,   20,    0,    0,    0,    0,    0,    0, -999
20130915, 0000,  , TS, 17.0N, 102.2W,  55,  987,   80,   90,   60,   70,   20,   30,    0,    0,    0,    0,    0,    0, -999
20130915, 0600,  , TS, 17.6N, 102.6W,  60,  984,   80,   90,   60,   60,   30,   20,   10,   20,    0,    0,    0,    0, -999
20130915, 1200, L, TS, 18.2N, 103.2W,  60,  985,   80,   90,   60,   60,   30,   20,   10,   20,    0,    0,    0,    0, -999
20130915, 1800,  , TS, 18.9N, 104.0W,  45,  996,    0,   90,   40,    0,    0,    0,    0,    0,    0,    0,    0,    0, -999
20130916, 0000,  , TD, 19.6N, 104.7W,  30, 1000,    0,    0,    0,    0,    0,    0,    0,    0,    0,    0,    0,    0, -999
20130916, 0600,  , DB, 20.2N, 105.2W,  25, 1002,    0,    0,    0,    0,    0,    0,    0,    0,    0,    0,    0,    0, -999
20130916, 1200,  , DB, 20.6N, 105.5W,  25, 1003,    0,    0,    0,    0,    0,    0,    0,    0,    0,    0,    0,    0, -999
20130916, 1800,  , DB, 21.0N, 105.8W,  20, 1004,    0,    0,    0,    0,    0,    0,    0,    0,    0,    0,    0,    0, -999
20130917, 0000,  , DB, 21.4N, 106.1W,  20, 1004,    0,    0,    0,    0,    0,    0,    0,    0,    0,    0,    0,    0, -999
20130917, 0600,  , DB, 21.8N, 106.4W,  20, 1003,    0,    0,    0,    0,    0,    0,    0,    0,    0,    0,    0,    0, -999
20130917, 1200,  , DB, 22.2N, 106.8W,  25, 1002,    0,    0,    0,    0,    0,    0,    0,    0,    0,    0,    0,    0, -999
20130917, 1800,  , TD, 22.5N, 107.2W,  30, 1001,    0,    0,    0,    0,    0,    0,    0,    0,    0,    0,    0,    0, -999
20130918, 0000,  , TD, 22.7N, 107.5W,  30, 1000,    0,    0,    0,    0,    0,    0,    0,    0,    0,    0,    0,    0, -999
20130918, 0600,  , TS, 22.9N, 107.7W,  35,  998,   30,   30,    0,    0,    0,    0,    0,    0,    0,    0,    0,    0, -999
20130918, 1200,  , TS, 23.2N, 107.9W,  45,  995,   40,   40,    0,   20,    0,    0,    0,    0,    0,    0,    0,    0, -999
20130918, 1800,  , TS, 23.6N, 108.1W,  55,  989,   40,   40,   20,   30,   20,   20,    0,    0,    0,    0,    0,    0, -999
20130919, 0000,  , HU, 24.1N, 108.2W,  65,  984,   50,   40,   20,   30,   30,   20,    0,    0,   20,   10,    0,    0, -999
20130919, 0600,  , HU, 24.5N, 108.2W,  65,  983,   50,   40,   40,   40,   20,   20,    0,   20,   15,   10,    0,    0, -999
20130919, 1200, L, HU, 24.8N, 108.0W,  65,  984,   50,   40,   40,   40,   20,   20,    0,   20,   15,   10,    0,    0, -999
20130919, 1800,  , TS, 25.3N, 107.6W,  40,  999,   30,   30,   20,   20,    0,    0,    0,    0,    0,    0,    0,    0, -999
EP142013,              NARDA,     24,
20131006, 1800,  , TD, 12.9N, 118.0W,  30, 1007,    0,    0,    0,    0,    0,    0,    0,    0,    0,    0,    0,    0, -999
20131007, 0000,  , TS, 13.1N, 119.2W,  35, 1005,   30,    0,    0,   30,    0,    0,    0,    0,    0,    0,    0,    0, -999
20131007, 0600,  , TS, 13.6N, 120.5W,  40, 1003,   40,    0,    0,   40,    0,    0,    0,    0,    0,    0,    0,    0, -999
20131007, 1200,  , TS, 14.0N, 121.7W,  50,  999,   50,   30,   20,   50,   20,    0,    0,   20,    0,    0,    0,    0, -999
20131007, 1800,  , TS, 14.4N, 122.8W,  55,  997,   50,   30,   20,   50,   20,    0,    0,   20,    0,    0,    0,    0, -999
20131008, 0000,  , TS, 14.8N, 123.9W,  55,  998,   50,   30,   20,   50,   20,    0,    0,   20,    0,    0,    0,    0, -999
20131008, 0600,  , TS, 15.1N, 124.9W,  50,  999,   50,   30,   20,   50,   20,    0,    0,   20,    0,    0,    0,    0, -999
20131008, 1200,  , TS, 15.6N, 126.0W,  40, 1002,   40,   30,   30,   40,    0,    0,    0,    0,    0,    0,    0,    0, -999
20131008, 1800,  , TS, 16.1N, 127.0W,  35, 1007,   30,    0,    0,   30,    0,    0,    0,    0,    0,    0,    0,    0, -999
20131009, 0000,  , TD, 16.5N, 127.7W,  30, 1007,    0,    0,    0,    0,    0,    0,    0,    0,    0,    0,    0,    0, -999
20131009, 0600,  , TD, 16.8N, 128.2W,  30, 1007,    0,    0,    0,    0,    0,    0,    0,    0,    0,    0,    0,    0, -999
20131009, 1200,  , TD, 16.9N, 128.4W,  30, 1007,    0,    0,    0,    0,    0,    0,    0,    0,    0,    0,    0,    0, -999
20131009, 1800,  , TD, 16.9N, 128.4W,  30, 1007,    0,    0,    0,    0,    0,    0,    0,    0,    0,    0,    0,    0, -999
20131010, 0000,  , TD, 16.7N, 128.5W,  30, 1007,    0,    0,    0,    0,    0,    0,    0,    0,    0,    0,    0,    0, -999
20131010, 0600,  , TD, 16.5N, 128.7W,  30, 1007,    0,    0,    0,    0,    0,    0,    0,    0,    0,    0,    0,    0, -999
20131010, 1200,  , LO, 16.4N, 128.9W,  25, 1007,    0,    0,    0,    0,    0,    0,    0,    0,    0,    0,    0,    0, -999
20131010, 1800,  , LO, 16.3N, 129.2W,  25, 1007,    0,    0,    0,    0,    0,    0,    0,    0,    0,    0,    0,    0, -999
20131011, 0000,  , LO, 16.1N, 129.6W,  25, 1007,    0,    0,    0,    0,    0,    0,    0,    0,    0,    0,    0,    0, -999
20131011, 0600,  , LO, 15.9N, 130.1W,  25, 1007,    0,    0,    0,    0,    0,    0,    0,    0,    0,    0,    0,    0, -999
20131011, 1200,  , LO, 15.9N, 130.8W,  25, 1007,    0,    0,    0,    0,    0,    0,    0,    0,    0,    0,    0,    0, -999
20131011, 1800,  , LO, 15.7N, 131.5W,  25, 1007,    0,    0,    0,    0,    0,    0,    0,    0,    0,    0,    0,    0, -999
20131012, 0000,  , LO, 15.2N, 132.1W,  25, 1007,    0,    0,    0,    0,    0,    0,    0,    0,    0,    0,    0,    0, -999
20131012, 0600,  , LO, 14.8N, 132.6W,  25, 1007,    0,    0,    0,    0,    0,    0,    0,    0,    0,    0,    0,    0, -999
20131012, 1200,  , LO, 14.5N, 133.0W,  20, 1008,    0,    0,    0,    0,    0,    0,    0,    0,    0,    0,    0,    0, -999
EP152013,             OCTAVE,     15,
20131012, 1800,  , TD, 15.0N, 109.1W,  30, 1005,    0,    0,    0,    0,    0,    0,    0,    0,    0,    0,    0,    0, -999
20131013, 0000,  , TS, 15.6N, 110.0W,  35, 1003,   40,   40,    0,    0,    0,    0,    0,    0,    0,    0,    0,    0, -999
20131013, 0600,  , TS, 16.6N, 111.0W,  40, 1000,   40,   40,    0,   40,    0,    0,    0,    0,    0,    0,    0,    0, -999
20131013, 1200,  , TS, 17.6N, 112.0W,  45,  997,   40,   40,    0,   40,    0,    0,    0,    0,    0,    0,    0,    0, -999
20131013, 1800,  , TS, 18.8N, 112.8W,  55,  994,   40,   40,   30,   40,   20,   20,    0,    0,    0,    0,    0,    0, -999
20131014, 0000,  , TS, 20.0N, 113.4W,  55,  994,   50,   50,   30,   40,   20,   20,    0,    0,    0,    0,    0,    0, -999
20131014, 0600,  , TS, 21.2N, 113.9W,  55,  994,   60,   50,   40,   50,   30,   20,    0,   20,    0,    0,    0,    0, -999
20131014, 1200,  , TS, 22.4N, 113.8W,  50,  997,   70,   50,   40,   50,   20,   20,    0,   20,    0,    0,    0,    0, -999
20131014, 1800,  , TS, 23.6N, 113.4W,  45,  999,   80,   40,   40,   50,    0,    0,    0,    0,    0,    0,    0,    0, -999
20131015, 0000,  , TS, 24.5N, 112.8W,  40, 1002,   90,   30,   30,   40,    0,    0,    0,    0,    0,    0,    0,    0, -999
20131015, 0500, L, TS, 25.0N, 112.2W,  40, 1002,   90,   30,   30,   40,    0,    0,    0,    0,    0,    0,    0,    0, -999
20131015, 0600,  , TS, 25.1N, 112.0W,  40, 1002,   90,    0,    0,   40,    0,    0,    0,    0,    0,    0,    0,    0, -999
20131015, 1200,  , TD, 25.8N, 111.0W,  30, 1005,    0,    0,    0,    0,    0,    0,    0,    0,    0,    0,    0,    0, -999
20131015, 1800,  , LO, 26.5N, 109.7W,  20, 1008,    0,    0,    0,    0,    0,    0,    0,    0,    0,    0,    0,    0, -999
20131016, 0000,  , LO, 27.1N, 108.8W,  15, 1009,    0,    0,    0,    0,    0,    0,    0,    0,    0,    0,    0,    0, -999
EP162013,          PRISCILLA,     21,
20131013, 1200,  , LO, 12.5N, 116.8W,  25, 1005,    0,    0,    0,    0,    0,    0,    0,    0,    0,    0,    0,    0, -999
20131013, 1800,  , LO, 12.5N, 116.7W,  25, 1005,    0,    0,    0,    0,    0,    0,    0,    0,    0,    0,    0,    0, -999
20131014, 0000,  , TD, 12.7N, 116.2W,  30, 1003,    0,    0,    0,    0,    0,    0,    0,    0,    0,    0,    0,    0, -999
20131014, 0600,  , TS, 13.7N, 115.8W,  35, 1002,    0,   60,   60,   30,    0,    0,    0,    0,    0,    0,    0,    0, -999
20131014, 1200,  , TS, 14.7N, 115.6W,  40, 1001,    0,   60,   60,   30,    0,    0,    0,    0,    0,    0,    0,    0, -999
20131014, 1800,  , TS, 15.4N, 115.7W,  40, 1001,    0,   60,   60,    0,    0,    0,    0,    0,    0,    0,    0,    0, -999
20131015, 0000,  , TS, 16.1N, 115.8W,  35, 1003,    0,   60,   60,    0,    0,    0,    0,    0,    0,    0,    0,    0, -999
20131015, 0600,  , TS, 16.9N, 115.9W,  35, 1004,    0,   40,   40,   30,    0,    0,    0,    0,    0,    0,    0,    0, -999
20131015, 1200,  , TS, 17.3N, 116.3W,  35, 1004,    0,   40,   40,   30,    0,    0,    0,    0,    0,    0,    0,    0, -999
20131015, 1800,  , TD, 17.5N, 117.0W,  30, 1005,    0,    0,    0,    0,    0,    0,    0,    0,    0,    0,    0,    0, -999
20131016, 0000,  , TD, 17.6N, 117.7W,  30, 1006,    0,    0,    0,    0,    0,    0,    0,    0,    0,    0,    0,    0, -999
20131016, 0600,  , TD, 17.8N, 118.4W,  30, 1006,    0,    0,    0,    0,    0,    0,    0,    0,    0,    0,    0,    0, -999
20131016, 1200,  , TD, 18.1N, 119.2W,  30, 1007,    0,    0,    0,    0,    0,    0,    0,    0,    0,    0,    0,    0, -999
20131016, 1800,  , LO, 18.5N, 120.0W,  25, 1008,    0,    0,    0,    0,    0,    0,    0,    0,    0,    0,    0,    0, -999
20131017, 0000,  , LO, 19.0N, 120.7W,  25, 1008,    0,    0,    0,    0,    0,    0,    0,    0,    0,    0,    0,    0, -999
20131017, 0600,  , LO, 19.2N, 121.6W,  25, 1009,    0,    0,    0,    0,    0,    0,    0,    0,    0,    0,    0,    0, -999
20131017, 1200,  , LO, 19.1N, 122.6W,  25, 1009,    0,    0,    0,    0,    0,    0,    0,    0,    0,    0,    0,    0, -999
20131017, 1800,  , LO, 18.9N, 123.5W,  25, 1009,    0,    0,    0,    0,    0,    0,    0,    0,    0,    0,    0,    0, -999
20131018, 0000,  , LO, 18.8N, 124.2W,  25, 1009,    0,    0,    0,    0,    0,    0,    0,    0,    0,    0,    0,    0, -999
20131018, 0600,  , LO, 18.7N, 124.9W,  20, 1009,    0,    0,    0,    0,    0,    0,    0,    0,    0,    0,    0,    0, -999
20131018, 1200,  , LO, 18.6N, 125.4W,  20, 1009,    0,    0,    0,    0,    0,    0,    0,    0,    0,    0,    0,    0, -999
EP172013,            RAYMOND,     50,
20131019, 1800,  , LO, 13.2N,  99.8W,  25, 1006,    0,    0,    0,    0,    0,    0,    0,    0,    0,    0,    0,    0, -999
20131020, 0000,  , TD, 13.7N, 100.5W,  30, 1004,    0,    0,    0,    0,    0,    0,    0,    0,    0,    0,    0,    0, -999
20131020, 0600,  , TS, 14.2N, 101.0W,  35, 1003,   30,   30,    0,   30,    0,    0,    0,    0,    0,    0,    0,    0, -999
20131020, 1200,  , TS, 14.7N, 101.4W,  45, 1000,   40,   40,    0,   40,    0,    0,    0,    0,    0,    0,    0,    0, -999
20131020, 1800,  , TS, 15.2N, 101.7W,  60,  993,   40,   40,   20,   40,   20,   20,    0,    0,    0,    0,    0,    0, -999
20131021, 0000,  , HU, 15.7N, 102.0W,  80,  978,   50,   50,   20,   50,   30,   30,   10,   20,   10,   10,    0,   10, -999
20131021, 0600,  , HU, 16.0N, 102.2W,  95,  965,   60,   50,   30,   50,   30,   30,   20,   30,   20,   20,   10,   20, -999
20131021, 1200,  , HU, 16.2N, 102.2W, 105,  956,   60,   50,   30,   60,   30,   30,   20,   30,   20,   20,   10,   20, -999
20131021, 1800,  , HU, 16.4N, 102.1W, 110,  951,   70,   50,   40,   60,   40,   30,   20,   30,   20,   20,   10,   20, -999
20131022, 0000,  , HU, 16.4N, 101.9W, 105,  955,   70,   50,   40,   60,   40,   30,   20,   30,   20,   20,   10,   20, -999
20131022, 0600,  , HU, 16.4N, 101.9W,  95,  962,   70,   50,   40,   60,   40,   30,   20,   30,   20,   20,   10,   20, -999
20131022, 1200,  , HU, 16.4N, 101.9W,  85,  969,   70,   50,   40,   60,   40,   30,   20,   30,   20,   20,   10,   20, -999
20131022, 1800,  , HU, 16.3N, 101.8W,  75,  987,   70,   50,   40,   60,   30,   30,   20,   30,   20,   10,   10,   10, -999
20131023, 0000,  , HU, 16.0N, 101.8W,  65,  988,   70,   50,   40,   60,   30,   20,   20,   20,   20,   10,   10,   10, -999
20131023, 0600,  , TS, 15.7N, 102.1W,  60,  990,   70,   50,   40,   60,   30,   20,   20,   20,    0,    0,    0,    0, -999
20131023, 1200,  , TS, 15.4N, 102.8W,  55,  995,   60,   50,   30,   50,   30,   20,    0,   20,    0,    0,    0,    0, -999
20131023, 1800,  , TS, 15.1N, 103.5W,  45, 1000,   60,   50,   30,   50,    0,    0,    0,    0,    0,    0,    0,    0, -999
20131024, 0000,  , TS, 14.9N, 104.2W,  40, 1002,   60,   40,   20,   50,    0,    0,    0,    0,    0,    0,    0,    0, -999
20131024, 0600,  , TS, 14.8N, 104.9W,  40, 1002,   60,   40,   20,   40,    0,    0,    0,    0,    0,    0,    0,    0, -999
20131024, 1200,  , TS, 14.8N, 105.6W,  40, 1002,   60,   40,   20,   40,    0,    0,    0,    0,    0,    0,    0,    0, -999
20131024, 1800,  , TS, 14.8N, 106.4W,  40, 1002,   60,   40,    0,   40,    0,    0,    0,    0,    0,    0,    0,    0, -999
20131025, 0000,  , TS, 14.6N, 107.2W,  45, 1000,   60,   50,    0,   40,    0,    0,    0,    0,    0,    0,    0,    0, -999
20131025, 0600,  , TS, 14.3N, 107.9W,  45, 1000,   60,   50,    0,   30,    0,    0,    0,    0,    0,    0,    0,    0, -999
20131025, 1200,  , TS, 13.9N, 108.5W,  50,  999,   60,   50,    0,   30,   30,   30,    0,    0,    0,    0,    0,    0, -999
20131025, 1800,  , TS, 13.4N, 109.3W,  50,  999,   70,   50,    0,   30,   30,   30,    0,    0,    0,    0,    0,    0, -999
20131026, 0000,  , TS, 13.1N, 110.3W,  55,  998,   70,   50,    0,   30,   30,   30,    0,    0,    0,    0,    0,    0, -999
20131026, 0600,  , TS, 13.0N, 111.3W,  55,  998,   80,   60,    0,   40,   30,   30,    0,    0,    0,    0,    0,    0, -999
20131026, 1200,  , TS, 13.0N, 112.2W,  55,  998,   80,   60,    0,   40,   30,   30,    0,    0,    0,    0,    0,    0, -999
20131026, 1800,  , TS, 13.0N, 113.0W,  55,  998,   80,   60,    0,   40,   40,   30,    0,   20,    0,    0,    0,    0, -999
20131027, 0000,  , TS, 13.2N, 113.9W,  55,  998,   90,   70,   20,   40,   40,   30,    0,   20,    0,    0,    0,    0, -999
20131027, 0600,  , TS, 13.5N, 114.8W,  60,  995,   90,   70,   20,   50,   40,   30,    0,   20,    0,    0,    0,    0, -999
20131027, 1200,  , HU, 13.8N, 115.6W,  75,  983,   90,   70,   30,   50,   40,   30,   20,   30,   20,    0,    0,   20, -999
20131027, 1800,  , HU, 14.2N, 116.3W,  80,  979,   80,   70,   40,   50,   40,   30,   20,   40,   20,   10,   10,   20, -999
20131028, 0000,  , HU, 14.8N, 116.8W,  90,  972,   80,   70,   40,   60,   40,   30,   20,   40,   20,   10,   10,   20, -999
20131028, 0600,  , HU, 15.4N, 117.0W,  90,  971,   70,   70,   50,   60,   30,   30,   20,   30,   20,   10,   10,   20, -999
20131028, 1200,  , HU, 16.0N, 117.0W,  80,  977,   70,   70,   50,   60,   30,   30,   20,   30,   20,   10,   10,   20, -999
20131028, 1800,  , HU, 16.4N, 117.0W,  65,  990,   60,   60,   60,   60,   30,   30,   20,   30,   20,    0,    0,    0, -999
20131029, 0000,  , TS, 16.8N, 117.0W,  50,  998,   60,   60,   60,   60,   30,   30,   20,   30,    0,    0,    0,    0, -999
20131029, 0600,  , TS, 17.4N, 117.0W,  45, 1002,   60,   60,   50,   60,    0,    0,    0,    0,    0,    0,    0,    0, -999
20131029, 1200,  , TS, 18.0N, 116.9W,  40, 1003,   70,   50,   40,   50,    0,    0,    0,    0,    0,    0,    0,    0, -999
20131029, 1800,  , TS, 18.6N, 116.5W,  40, 1004,  100,   50,    0,   50,    0,    0,    0,    0,    0,    0,    0,    0, -999
20131030, 0000,  , TS, 19.0N, 115.9W,  40, 1005,  120,   50,    0,   40,    0,    0,    0,    0,    0,    0,    0,    0, -999
20131030, 0600,  , TD, 19.4N, 115.3W,  30, 1006,    0,    0,    0,    0,    0,    0,    0,    0,    0,    0,    0,    0, -999
20131030, 1200,  , LO, 19.9N, 114.7W,  30, 1007,    0,    0,    0,    0,    0,    0,    0,    0,    0,    0,    0,    0, -999
20131030, 1800,  , LO, 20.4N, 114.4W,  30, 1008,    0,    0,    0,    0,    0,    0,    0,    0,    0,    0,    0,    0, -999
20131031, 0000,  , LO, 20.7N, 114.4W,  25, 1009,    0,    0,    0,    0,    0,    0,    0,    0,    0,    0,    0,    0, -999
20131031, 0600,  , LO, 20.9N, 114.6W,  20, 1009,    0,    0,    0,    0,    0,    0,    0,    0,    0,    0,    0,    0, -999
20131031, 1200,  , LO, 21.0N, 114.8W,  20, 1009,    0,    0,    0,    0,    0,    0,    0,    0,    0,    0,    0,    0, -999
20131031, 1800,  , LO, 21.0N, 115.0W,  20, 1010,    0,    0,    0,    0,    0,    0,    0,    0,    0,    0,    0,    0, -999
20131101, 0000,  , LO, 21.0N, 115.2W,  20, 1010,    0,    0,    0,    0,    0,    0,    0,    0,    0,    0,    0,    0, -999
EP182013,              SONIA,     14,
20131101, 0600,  , TD, 16.0N, 107.9W,  30, 1007,    0,    0,    0,    0,    0,    0,    0,    0,    0,    0,    0,    0, -999
20131101, 1200,  , TD, 16.3N, 108.0W,  30, 1006,    0,    0,    0,    0,    0,    0,    0,    0,    0,    0,    0,    0, -999
20131101, 1800,  , TD, 16.6N, 108.1W,  30, 1006,    0,    0,    0,    0,    0,    0,    0,    0,    0,    0,    0,    0, -999
20131102, 0000,  , TD, 16.9N, 108.3W,  30, 1006,    0,    0,    0,    0,    0,    0,    0,    0,    0,    0,    0,    0, -999
20131102, 0600,  , TD, 17.1N, 108.6W,  30, 1006,    0,    0,    0,    0,    0,    0,    0,    0,    0,    0,    0,    0, -999
20131102, 1200,  , TD, 17.3N, 109.0W,  30, 1006,    0,    0,    0,    0,    0,    0,    0,    0,    0,    0,    0,    0, -999
20131102, 1800,  , TD, 17.4N, 109.5W,  30, 1006,    0,    0,    0,    0,    0,    0,    0,    0,    0,    0,    0,    0, -999
20131103, 0000,  , TS, 17.8N, 110.0W,  35, 1005,    0,    0,    0,   70,    0,    0,    0,    0,    0,    0,    0,    0, -999
20131103, 0600,  , TS, 18.5N, 110.2W,  35, 1004,    0,    0,    0,   70,    0,    0,    0,    0,    0,    0,    0,    0, -999
20131103, 1200,  , TS, 19.5N, 110.0W,  40, 1003,    0,    0,    0,   60,    0,    0,    0,    0,    0,    0,    0,    0, -999
20131103, 1800,  , TS, 20.9N, 109.3W,  40, 1002,   30,   40,    0,   60,    0,    0,    0,    0,    0,    0,    0,    0, -999
20131104, 0000,  , TS, 22.7N, 108.4W,  40, 1003,   30,   80,    0,   30,    0,    0,    0,    0,    0,    0,    0,    0, -999
20131104, 0500, L, TS, 24.4N, 107.6W,  35, 1004,   30,   80,    0,   30,    0,    0,    0,    0,    0,    0,    0,    0, -999
20131104, 0600,  , TD, 24.6N, 107.5W,  25, 1007,    0,    0,    0,    0,    0,    0,    0,    0,    0,    0,    0,    0, -999
