AL, 08, 2026092712, 03, HCCA,   0, 329N,  573W,  30,    0,   ,   0,    ,    0,    0,    0,    0, 
AL, 08, 2026092718, 03, AVNO,   0, 345N,  573W,  18, 1013, XX,  34, NEQ,    0,    0,    0,    0,  -99,  -99, 148,   0,   0, 
AL, 08, 2026092718, 03, HCCA,   0, 344N,  561W,  30,    0,   ,   0,    ,    0,    0,    0,    0, 
AL, 08, 2026092718, 03, HFSA,   0, 344N,  565W,  29, 1013, XX,  34, NEQ,    0,    0,    0,    0,  -99,  -99,  83,   0,   0,    ,   0,    ,  38,  18,           ,  ,  0,    ,    0,    0,    0,    0, THERMO PARAMS, 7, -251, -11, N, 10, DT, -999, SHR82, -99, 
AL, 08, 2026092718, 03, HFSA,   6, 357N,  554W,  21, 1014, XX,  34, NEQ,    0,    0,    0,    0,  -99,  -99,  72,   0,   0,    ,   0,    ,  54,  16,           ,  ,  0,    ,    0,    0,    0,    0, THERMO PARAMS, 36, -301, -79, N, 10, DT, -999, SHR82, -99, 
AL, 08, 2026092718, 03, HFSA,  12, 366N,  538W,  26, 1013, XX,  34, NEQ,    0,    0,    0,    0,  -99,  -99,  33,   0,   0,    ,   0,    ,  73,  17,           ,  ,  0,    ,    0,    0,    0,    0, THERMO PARAMS, 67, -339, -118, N, 10, DT, -999, SHR82, -99, 
AL, 08, 2026092718, 03, HFSA,  18, 373N,  522W,  28, 1014, XX,  34, NEQ,    0,    0,    0,    0,  -99,  -99, 156,   0,   0,    ,   0,    ,  84,  16,           ,  ,  0,    ,    0,    0,    0,    0, THERMO PARAMS, 117, -521, -138, N, 10, DT, -999, SHR82, -99, 
AL, 08, 2026092718, 03, HFSA,  24, 374N,  499W,  35, 1010, XX,  34, NEQ,    0,    0,    0,    0, 1014,   89, 153,   0,   0,    ,   0,    ,  97,  19,           ,  ,  0,    ,    0,    0,    0,    0, THERMO PARAMS, 216, -625, -406, N, 10, DT, -999, SHR82, -99, 
AL, 08, 2026092718, 03, HFSA,  30, 369N,  482W,  31, 1011, XX,  34, NEQ,    0,    0,    0,    0, 1015,   76, 151,   0,   0,    ,   0,    , 114,  15,           ,  ,  0,    ,    0,    0,    0,    0, THERMO PARAMS, 262, -666, -519, N, 10, DT, -999, SHR82, -99, 
AL, 08, 2026092718, 03, HFSA,  36, 362N,  467W,  28, 1007, XX,  34, NEQ,    0,    0,    0,    0, 1011,   16,  46,   0,   0,    ,   0,    , 122,  13,           ,  ,  0,    ,    0,    0,    0,    0, THERMO PARAMS, 297, -137, -689, N, 10, DT, -999, SHR82, -99, 
AL, 08, 2026092718, 03, HFSA,  42, 357N,  453W,  34, 1009, XX,  34, NEQ,    0,    0,    0,    0, 1013,   16,  65,   0,   0,    ,   0,    , 122,  10,           ,  ,  0,    ,    0,    0,    0,    0, THERMO PARAMS, 303, -286, -752, N, 10, DT, -999, SHR82, -99, 
AL, 08, 2026092718, 03, HFSA,  48, 353N,  449W,  34, 1009, XX,  34, NEQ,    0,    0,    0,    0, 1013,   52,  38,   0,   0,    ,   0,    , 141,   7,           ,  ,  0,    ,    0,    0,    0,    0, THERMO PARAMS, 264, -336, -882, N, 10, DT, -999, SHR82, -99, 
AL, 08, 2026092718, 03, HFSA,  54, 350N,  449W,  34, 1011, XX,  34, NEQ,    0,    0,    0,    0, 1015,   65,  97,   0,   0,    ,   0,    , 149,   5,           ,  ,  0,    ,    0,    0,    0,    0, THERMO PARAMS, 169, -383, -953, N, 10, DT, -999, SHR82, -99, 
AL, 08, 2026092718, 03, HFSA,  60, 348N,  447W,  31, 1011, XX,  34, NEQ,    0,    0,    0,    0, 1015,   89, 109,   0,   0,    ,   0,    , 127,   4,           ,  ,  0,    ,    0,    0,    0,    0, THERMO PARAMS, -9999, -9999, -9999, N, 10, DT, -999, SHR82, -99, 
AL, 08, 2026092718, 03, HFSA,  66, 348N,  445W,  30, 1013, XX,  34, NEQ,    0,    0,    0,    0, 1017,  107, 145,   0,   0,    ,   0,    ,  92,   4,           ,  ,  0,    ,    0,    0,    0,    0, THERMO PARAMS, -9999, -9999, -9999, N, 10, DT, -999, SHR82, -99, 
AL, 08, 2026092718, 03, HFSA,  72, 351N,  439W,  27, 1012, XX,  34, NEQ,    0,    0,    0,    0,  -99,  -99, 131,   0,   0,    ,   0,    ,  83,   7,           ,  ,  0,    ,    0,    0,    0,    0, THERMO PARAMS, -9999, -9999, -9999, N, 10, DT, -999, SHR82, -99, 
AL, 08, 2026092718, 03, HFSA,  78, 355N,  432W,  29, 1014, XX,  34, NEQ,    0,    0,    0,    0,  -99,  -99, 151,   0,   0,    ,   0,    ,  80,   9,           ,  ,  0,    ,    0,    0,    0,    0, THERMO PARAMS, -9999, -9999, -9999, N, 10, DT, -999, SHR82, -99, 
AL, 08, 2026092718, 03, HFSA,  84, 361N,  421W,  29, 1013, XX,  34, NEQ,    0,    0,    0,    0,  -99,  -99, 151,   0,   0,    ,   0,    ,  75,  13,           ,  ,  0,    ,    0,    0,    0,    0, THERMO PARAMS, -9999, -9999, -9999, N, 10, DT, -999, SHR82, -99, 
AL, 08, 2026092718, 03, HFSA,  90, 371N,  408W,  31, 1014, XX,  34, NEQ,    0,    0,    0,    0,  -99,  -99, 159,   0,   0,    ,   0,    ,  71,  15,           ,  ,  0,    ,    0,    0,    0,    0, THERMO PARAMS, -9999, -9999, -9999, N, 10, DT, -999, SHR82, -99, 
AL, 08, 2026092718, 03, HFSA,  96, 393N,  388W,  31, 1011, XX,  34, NEQ,    0,    0,    0,    0,  -99,  -99,  98,   0,   0,    ,   0,    ,  58,  23,           ,  ,  0,    ,    0,    0,    0,    0, THERMO PARAMS, 27, -1244, -2261, N, 10, DT, -999, SHR82, -99, 
AL, 08, 2026092718, 03, HFSA, 102, 411N,  366W,  34, 1010, XX,  34, NEQ,    0,    0,    0,    0,  -99,  -99,  36,   0,   0,    ,   0,    ,  82,  18,           ,  ,  0,    ,    0,    0,    0,    0, THERMO PARAMS, 236, -1425, -2143, N, 10, DT, -999, SHR82, -99, 
AL, 08, 2026092718, 03, HFSA, 108, 412N,  337W,  37, 1008, XX,  34, NEQ,    0,    0,    0,    0,  -99,  -99, 110,   0,   0,    ,   0,    ,  87,  17,           ,  ,  0,    ,    0,    0,    0,    0, THERMO PARAMS, 293, -1486, -1970, N, 10, DT, -999, SHR82, -99, 
AL, 08, 2026092718, 03, HFSA, 114, 416N,  296W,  49, 1003, XX,  34, NEQ,   63,   87,   13,    0, 1007,   15,   9,   0,   0,    ,   0,    ,  84,  28,           ,  ,  0,    ,    0,    0,    0,    0, THERMO PARAMS, 324, -179, -1628, N, 10, DT, -999, SHR82, -99, 
AL, 08, 2026092718, 03, HFSA, 120, 428N,  272W,  44, 1002, XX,  34, NEQ,  102,  133,   16,   23, 1006,   23,  10,   0,   0,    ,   0,    ,  74,  16,           ,  ,  0,    ,    0,    0,    0,    0, THERMO PARAMS, 123, 204, -1558, N, 10, DT, -999, SHR82, -99, 
AL, 08, 2026092718, 03, HFSA, 126, 434N,  255W,  43,  999, XX,  34, NEQ,   89,  123,   39,   68, 1007,   41,  55,   0,   0,    ,   0,    , -99, -99,           ,  ,  0,    ,    0,    0,    0,    0, THERMO PARAMS, 207, 1267, -1382, N, 10, DT, -999, SHR82, -99, 
AL, 08, 2026092800, 03,  UKX,   0, 357N,  552W,  20, 1014, XX,  34, NEQ,    0,    0,    0,    0, 
AL, 08, 2026092800, 03,  UKX,   6, 371N,  544W,  20, 1013, XX,  34, NEQ,    0,    0,    0,    0, 
AL, 08, 2026092800, 03,  UKX,  12, 376N,  525W,  26, 1014, XX,  34, NEQ,    0,    0,    0,    0, 
AL, 08, 2026092800, 03,  UKX,  18, 370N,  499W,  22, 1013, XX,  34, NEQ,    0,    0,    0,    0, 
AL, 08, 2026092800, 03,  UKX,  24, 362N,  481W,  23, 1013, XX,  34, NEQ,    0,    0,    0,    0, 
AL, 08, 2026092800, 03,  UKX,  30, 354N,  464W,  25, 1012, XX,  34, NEQ,    0,    0,    0,    0, 
AL, 08, 2026092800, 03,  UKX,  36, 346N,  446W,  28, 1014, XX,  34, NEQ,    0,    0,    0,    0, 
AL, 08, 2026092800, 03,  UKX,  42, 345N,  440W,  27, 1013, XX,  34, NEQ,    0,    0,    0,    0, 
AL, 08, 2026092800, 03,  UKX,  48, 345N,  440W,  29, 1014, XX,  34, NEQ,    0,    0,    0,    0, 
AL, 08, 2026092800, 03,  UKX,  54, 345N,  445W,  27, 1013, XX,  34, NEQ,    0,    0,    0,    0, 
AL, 08, 2026092800, 03,  UKX,  60, 343N,  450W,  26, 1015, XX,  34, NEQ,    0,    0,    0,    0, 
AL, 08, 2026092800, 03,  UKX,  66, 344N,  445W,  24, 1013, XX,  34, NEQ,    0,    0,    0,    0, 
AL, 08, 2026092800, 03,  UKX,  72, 347N,  440W,  20, 1015, XX,  34, NEQ,    0,    0,    0,    0, 
AL, 08, 2026092800, 03,  UKX,  78, 354N,  432W,  21, 1014, XX,  34, NEQ,    0,    0,    0,    0, 
AL, 08, 2026092800, 03,  UKX,  84, 358N,  420W,  20, 1016, XX,  34, NEQ,    0,    0,    0,    0, 
AL, 08, 2026092800, 03,  UKX,  90, 363N,  405W,  20, 1015, XX,  34, NEQ,    0,    0,    0,    0, 
AL, 08, 2026092800, 03,  UKX,  96, 376N,  389W,  20, 1017, XX,  34, NEQ,    0,    0,    0,    0, 
AL, 08, 2026092800, 03,  UKX, 102, 391N,  371W,  18, 1016, XX,  34, NEQ,    0,    0,    0,    0, 
AL, 08, 2026092800, 03,  UKX, 108, 382N,  348W,  18, 1018, XX,  34, NEQ,    0,    0,    0,    0, 
AL, 08, 2026092800, 03,  UKX, 114, 378N,  328W,  18, 1017, XX,  34, NEQ,    0,    0,    0,    0, 
AL, 08, 2026092800, 03,  UKX, 120, 380N,  319W,  18, 1018, XX,  34, NEQ,    0,    0,    0,    0, 
AL, 08, 2026092800, 03,  UKX, 126, 375N,  302W,  24, 1017, XX,  34, NEQ,    0,    0,    0,    0, 
AL, 08, 2026092800, 03,  UKX, 132, 371N,  294W,  25, 1018, XX,  34, NEQ,    0,    0,    0,    0, 
AL, 08, 2026092800, 03,  UKX, 138, 373N,  296W,  29, 1016, XX,  34, NEQ,    0,    0,    0,    0, 
AL, 08, 2026092800, 03,  UKX, 144, 368N,  302W,  29, 1017, XX,  34, NEQ,    0,    0,    0,    0, 
AL, 08, 2026092800, 03, AVNO,   0, 358N,  558W,  17, 1014, XX,  34, NEQ,    0,    0,    0,    0,  -99,  -99, 104,   0,   0, 
AL, 08, 2026092800, 03, AVNO,   6, 369N,  542W,  18, 1013, XX,  34, NEQ,    0,    0,    0,    0,  -99,  -99, 109,   0,   0, 
AL, 08, 2026092800, 03, AVNO,  12, 375N,  522W,  23, 1014, XX,  34, NEQ,    0,    0,    0,    0,  -99,  -99, 151,   0,   0, 
AL, 08, 2026092800, 03, AVNO,  18, 377N,  498W,  29, 1013, XX,  34, NEQ,    0,    0,    0,    0,  -99,  -99, 132,   0,   0, 
AL, 08, 2026092800, 03, AVNO,  24, 368N,  478W,  27, 1014, XX,  34, NEQ,    0,    0,    0,    0,  -99,  -99, 138,   0,   0, 
AL, 08, 2026092800, 03, AVNO,  30, 361N,  463W,  26, 1012, XX,  34, NEQ,    0,    0,    0,    0,  -99,  -99, 121,   0,   0, 
AL, 08, 2026092800, 03, AVNO,  36, 354N,  449W,  25, 1014, XX,  34, NEQ,    0,    0,    0,    0,  -99,  -99, 146,   0,   0, 
AL, 08, 2026092800, 03, AVNO,  42, 349N,  440W,  25, 1014, XX,  34, NEQ,    0,    0,    0,    0,  -99,  -99,  65,   0,   0, 
AL, 08, 2026092800, 03, AVNO,  48, 348N,  441W,  25, 1015, XX,  34, NEQ,    0,    0,    0,    0,  -99,  -99,  60,   0,   0, 
AL, 08, 2026092800, 03, AVNO,  54, 343N,  435W,  24, 1014, XX,  34, NEQ,    0,    0,    0,    0,  -99,  -99,  47,   0,   0, 
AL, 08, 2026092800, 03, AVNO,  60, 344N,  428W,  25, 1016, XX,  34, NEQ,    0,    0,    0,    0,  -99,  -99,  91,   0,   0, 
AL, 08, 2026092800, 03, AVNO,  66, 350N,  420W,  21, 1015, XX,  34, NEQ,    0,    0,    0,    0,  -99,  -99, 133,   0,   0, 
AL, 08, 2026092800, 03, AVNO,  72, 361N,  410W,  23, 1016, XX,  34, NEQ,    0,    0,    0,    0,  -99,  -99,  65,   0,   0, 
AL, 08, 2026092800, 03, AVNO,  78, 366N,  402W,  20, 1015, XX,  34, NEQ,    0,    0,    0,    0,  -99,  -99, 131,   0,   0, 
AL, 08, 2026092800, 03, AVNO,  84, 374N,  392W,  21, 1016, XX,  34, NEQ,    0,    0,    0,    0,  -99,  -99, 141,   0,   0, 
AL, 08, 2026092800, 03, AVNO,  90, 377N,  389W,  18, 1015, XX,  34, NEQ,    0,    0,    0,    0,  -99,  -99, 151,   0,   0, 
AL, 08, 2026092800, 03, AVNO,  96, 384N,  377W,  20, 1016, XX,  34, NEQ,    0,    0,    0,    0,  -99,  -99, 157,   0,   0, 
AL, 08, 2026092800, 03, HCCA,   0, 357N,  550W,  30,    0,   ,   0,    ,    0,    0,    0,    0, 
AL, 08, 2026092800, 03, HFSA,   0, 357N,  551W,  29, 1014, XX,  34, NEQ,    0,    0,    0,    0,  -99,  -99,  99,   0,   0,    ,   0,    ,  55,  15,           ,  ,  0,    ,    0,    0,    0,    0, THERMO PARAMS, 43, -338, -61, N, 10, DT, -999, SHR82, -99, 
AL, 08, 2026092800, 03, HFSA,   6, 368N,  542W,  20, 1013, XX,  34, NEQ,    0,    0,    0,    0,  -99,  -99,  75,   0,   0,    ,   0,    ,  64,  16,           ,  ,  0,    ,    0,    0,    0,    0, THERMO PARAMS, -9999, -9999, -9999, N, 10, DT, -999, SHR82, -99, 
AL, 08, 2026092800, 03, TVCN,   0, 357N,  550W,   0,    0,   ,   0,    ,    0,    0,    0,    0, 
AL, 08, 2026092806, 03, AVNO,   0, 368N,  540W,  18, 1013, XX,  34, NEQ,    0,    0,    0,    0,  -99,  -99,  99,   0,   0, 
AL, 08, 2026092806, 03, AVNO,   6, 375N,  522W,  25, 1014, XX,  34, NEQ,    0,    0,    0,    0,  -99,  -99, 152,   0,   0, 
AL, 08, 2026092806, 03, AVNO,  12, 383N,  507W,  29, 1013, XX,  34, NEQ,    0,    0,    0,    0,  -99,  -99, 157,   0,   0, 
AL, 08, 2026092806, 03, AVNO,  18, 376N,  489W,  27, 1014, XX,  34, NEQ,    0,    0,    0,    0,  -99,  -99, 131,   0,   0, 
AL, 08, 2026092806, 03, AVNO,  24, 363N,  468W,  26, 1013, XX,  34, NEQ,    0,    0,    0,    0,  -99,  -99, 105,   0,   0, 
AL, 08, 2026092806, 03, AVNO,  30, 352N,  440W,  25, 1015, XX,  34, NEQ,    0,    0,    0,    0,  -99,  -99,  45,   0,   0, 
AL, 08, 2026092806, 03, AVNO,  36, 346N,  432W,  26, 1014, XX,  34, NEQ,    0,    0,    0,    0,  -99,  -99,  57,   0,   0, 
AL, 08, 2026092806, 03, AVNO,  42, 344N,  432W,  27, 1015, XX,  34, NEQ,    0,    0,    0,    0,  -99,  -99,  35,   0,   0, 
AL, 08, 2026092806, 03, AVNO,  48, 345N,  431W,  26, 1014, XX,  34, NEQ,    0,    0,    0,    0,  -99,  -99,  62,   0,   0, 
AL, 08, 2026092806, 03, AVNO,  54, 344N,  433W,  24, 1015, XX,  34, NEQ,    0,    0,    0,    0,  -99,  -99,  80,   0,   0, 
AL, 08, 2026092806, 03, AVNO,  60, 347N,  431W,  21, 1014, XX,  34, NEQ,    0,    0,    0,    0,  -99,  -99, 161,   0,   0, 
AL, 08, 2026092806, 03, AVNO,  66, 347N,  429W,  20, 1015, XX,  34, NEQ,    0,    0,    0,    0,  -99,  -99, 160,   0,   0, 
AL, 08, 2026092806, 03, AVNO,  72, 355N,  421W,  19, 1014, XX,  34, NEQ,    0,    0,    0,    0,  -99,  -99, 158,   0,   0, 
AL, 08, 2026092806, 03, AVNO,  78, 364N,  410W,  18, 1016, XX,  34, NEQ,    0,    0,    0,    0,  -99,  -99, 156,   0,   0, 
AL, 08, 2026092806, 03, AVNO,  84, 370N,  399W,  18, 1015, XX,  34, NEQ,    0,    0,    0,    0,  -99,  -99, 154,   0,   0, 
AL, 08, 2026092806, 03, AVNO,  90, 375N,  389W,  19, 1017, XX,  34, NEQ,    0,    0,    0,    0,  -99,  -99, 158,   0,   0, 
AL, 08, 2026092806, 03, AVNO,  96, 376N,  378W,  16, 1017, XX,  34, NEQ,    0,    0,    0,    0,  -99,  -99, 123,   0,   0, 
AL, 08, 2026092806, 03, AVNO, 102, 372N,  369W,  14, 1018, XX,  34, NEQ,    0,    0,    0,    0,  -99,  -99, 137,   0,   0, 
AL, 08, 2026092806, 03, AVNO, 108, 369N,  360W,  13, 1018, XX,  34, NEQ,    0,    0,    0,    0,  -99,  -99, 156,   0,   0, 
AL, 08, 2026092806, 03, AVNO, 114, 366N,  353W,  11, 1020, XX,  34, NEQ,    0,    0,    0,    0,  -99,  -99, 155,   0,   0, 
AL, 08, 2026092806, 03, AVNO, 120, 362N,  348W,  14, 1019, XX,  34, NEQ,    0,    0,    0,    0,  -99,  -99, 106,   0,   0, 
AL, 08, 2026092806, 03, AVNO, 126, 359N,  343W,  15, 1021, XX,  34, NEQ,    0,    0,    0,    0,  -99,  -99, 143,   0,   0, 
AL, 08, 2026092806, 03, AVNO, 132, 351N,  346W,  16, 1019, XX,  34, NEQ,    0,    0,    0,    0,  -99,  -99, 132,   0,   0, 
AL, 08, 2026092806, 03, AVNO, 138, 347N,  347W,  14, 1021, XX,  34, NEQ,    0,    0,    0,    0,  -99,  -99, 140,   0,   0, 
AL, 08, 2026092806, 03, AVNO, 144, 338N,  356W,  13, 1019, XX,  34, NEQ,    0,    0,    0,    0,  -99,  -99, 107,   0,   0, 
AL, 08, 2026092806, 03, HCCA,   0, 363N,  531W,  30,    0,   ,   0,    ,    0,    0,    0,    0, 
AL, 08, 2026092806, 03, HCCA,  12, 365N,  494W,  34,    0,   ,   0,    ,    0,    0,    0,    0, 
AL, 08, 2026092806, 03, HCCA,  24, 362N,  481W,  34,    0,   ,   0,    ,    0,    0,    0,    0, 
AL, 08, 2026092806, 03, HCCA,  36, 358N,  469W,  34,    0,   ,   0,    ,    0,    0,    0,    0, 
AL, 08, 2026092806, 03, HCCA,  48, 359N,  455W,  32,    0,   ,   0,    ,    0,    0,    0,    0, 
AL, 08, 2026092806, 03, HCCA,  60, 363N,  440W,  29,    0,   ,   0,    ,    0,    0,    0,    0, 
AL, 08, 2026092806, 03, HCCA,  72, 371N,  413W,  31,    0,   ,   0,    ,    0,    0,    0,    0, 
AL, 08, 2026092806, 03, HCCA,  84, 378N,  382W,  29,    0,   ,   0,    ,    0,    0,    0,    0, 
AL, 08, 2026092806, 03, HCCA,  96, 383N,  355W,  27,    0,   ,   0,    ,    0,    0,    0,    0, 
AL, 08, 2026092806, 03, HCCA, 108, 385N,  343W,  28,    0,   ,   0,    ,    0,    0,    0,    0, 
AL, 08, 2026092806, 03, HFSA,   0, 363N,  533W,  29, 1013, XX,  34, NEQ,    0,    0,    0,    0,  -99,  -99,  67,   0,   0,    ,   0,    ,  70,  16,           ,  ,  0,    ,    0,    0,    0,    0, THERMO PARAMS, 51, -578, -232, N, 10, DT, -999, SHR82, -99, 
AL, 08, 2026092806, 03, HFSA,   6, 369N,  517W,  24, 1013, XX,  34, NEQ,    0,    0,    0,    0,  -99,  -99,  80,   0,   0,    ,   0,    ,  89,  15,           ,  ,  0,    ,    0,    0,    0,    0, THERMO PARAMS, 140, -754, -149, N, 10, DT, -999, SHR82, -99, 
AL, 08, 2026092806, 03, HFSA,  12, 369N,  497W,  30, 1010, XX,  34, NEQ,    0,    0,    0,    0, 1014,   63,  85,   0,   0,    ,   0,    , 102,  16,           ,  ,  0,    ,    0,    0,    0,    0, THERMO PARAMS, 209, -323, -465, N, 10, DT, -999, SHR82, -99, 
AL, 08, 2026092806, 03, HFSA,  18, 360N,  476W,  41, 1006, XX,  34, NEQ,    0,    0,    0,    0, 1010,    4,  22,   0,   0,    ,   0,    , 118,  16,           ,  ,  0,    ,    0,    0,    0,    0, THERMO PARAMS, 242, -151, -42, N, 10, DT, -999, SHR82, -99, 
AL, 08, 2026092806, 03, HFSA,  24, 354N,  461W,  46, 1003, XX,  34, NEQ,   18,    5,    3,   21, 1011,   20,  15,   0,   0,    ,   0,    , 118,  12,           ,  ,  0,    ,    0,    0,    0,    0, THERMO PARAMS, 258, 469, -433, N, 10, DT, -999, SHR82, -99, 
AL, 08, 2026092806, 03, HFSA,  30, 347N,  454W,  39, 1008, XX,  34, NEQ,   21,    0,    0,   24, 1012,   20,  22,   0,   0,    ,   0,    , 135,  10,           ,  ,  0,    ,    0,    0,    0,    0, THERMO PARAMS, 251, -385, -129, N, 10, DT, -999, SHR82, -99, 
AL, 08, 2026092806, 03, HFSA,  36, 344N,  451W,  35, 1005, XX,  34, NEQ,    0,    0,    0,   23, 1013,   45,  21,   0,   0,    ,   0,    , 134,   6,           ,  ,  0,    ,    0,    0,    0,    0, THERMO PARAMS, 242, 795, -637, N, 10, DT, -999, SHR82, -99, 
AL, 08, 2026092806, 03, HFSA,  42, 340N,  448W,  30, 1008, XX,  34, NEQ,    0,    0,    0,    0, 1012,   17,  64,   0,   0,    ,   0,    , 143,   5,           ,  ,  0,    ,    0,    0,    0,    0, THERMO PARAMS, 206, -76, -455, N, 10, DT, -999, SHR82, -99, 
AL, 08, 2026092806, 03, HFSA,  48, 341N,  447W,  32, 1007, XX,  34, NEQ,    0,    0,    0,    0, 1015,  112,  17,   0,   0,    ,   0,    ,  89,   2,           ,  ,  0,    ,    0,    0,    0,    0, THERMO PARAMS, -123, 515, -715, N, 10, DT, -999, SHR82, -99, 
AL, 08, 2026092806, 03, HFSA,  54, 343N,  449W,  34, 1010, XX,  34, NEQ,    0,    0,    0,    0, 1014,   25,  19,   0,   0,    ,   0,    ,  54,   2,           ,  ,  0,    ,    0,    0,    0,    0, THERMO PARAMS, -162, 817, -965, N, 10, DT, -999, SHR82, -99, 
AL, 08, 2026092806, 03, HFSA,  60, 346N,  449W,  28, 1009, XX,  34, NEQ,    0,    0,    0,    0, 1013,   28,  10,   0,   0,    ,   0,    ,  72,   6,           ,  ,  0,    ,    0,    0,    0,    0, THERMO PARAMS, 30, 510, -712, N, 10, DT, -999, SHR82, -99, 
AL, 08, 2026092806, 03, HFSA,  66, 349N,  444W,  25, 1012, XX,  34, NEQ,    0,    0,    0,    0, 1016,   42,  16,   0,   0,    ,   0,    ,  76,   7,           ,  ,  0,    ,    0,    0,    0,    0, THERMO PARAMS, 76, 87, -822, N, 10, DT, -999, SHR82, -99, 
AL, 08, 2026092806, 03, HFSA,  72, 353N,  437W,  28, 1010, XX,  34, NEQ,    0,    0,    0,    0, 1014,   33,  13,   0,   0,    ,   0,    ,  75,  11,           ,  ,  0,    ,    0,    0,    0,    0, THERMO PARAMS, 114, 0, -947, N, 10, DT, -999, SHR82, -99, 
AL, 08, 2026092806, 03, HFSA,  78, 356N,  426W,  28, 1011, XX,  34, NEQ,    0,    0,    0,    0, 1015,   29,  11,   0,   0,    ,   0,    ,  84,  11,           ,  ,  0,    ,    0,    0,    0,    0, THERMO PARAMS, 104, 66, -1165, N, 10, DT, -999, SHR82, -99, 
AL, 08, 2026092806, 03, HFSA,  84, 360N,  414W,  28, 1010, XX,  34, NEQ,    0,    0,    0,    0, 1014,   34,  15,   0,   0,    ,   0,    ,  83,  12,           ,  ,  0,    ,    0,    0,    0,    0, THERMO PARAMS, 103, 290, -1161, N, 10, DT, -999, SHR82, -99, 
AL, 08, 2026092806, 03, HFSA,  90, 362N,  405W,  23, 1013, XX,  34, NEQ,    0,    0,    0,    0, 1017,   50,  13,   0,   0,    ,   0,    ,  90,  10,           ,  ,  0,    ,    0,    0,    0,    0, THERMO PARAMS, 129, -532, -1091, N, 10, DT, -999, SHR82, -99, 
AL, 08, 2026092806, 03, HFSA,  96, 364N,  396W,  24, 1012, XX,  34, NEQ,    0,    0,    0,    0, 1016,   39,  16,   0,   0,    ,   0,    ,  90,   9,           ,  ,  0,    ,    0,    0,    0,    0, THERMO PARAMS, 114, 159, -1699, N, 10, DT, -999, SHR82, -99, 
AL, 08, 2026092806, 03, HFSA, 102, 365N,  388W,  25, 1014, XX,  34, NEQ,    0,    0,    0,    0, 1018,   61,  42,   0,   0,    ,   0,    ,  96,   8,           ,  ,  0,    ,    0,    0,    0,    0, THERMO PARAMS, 121, -113, -1378, N, 10, DT, -999, SHR82, -99, 
AL, 08, 2026092806, 03, HFSA, 108, 365N,  381W,  20, 1014, XX,  34, NEQ,    0,    0,    0,    0,  -99,  -99,  27,   0,   0,    ,   0,    , 102,   7,           ,  ,  0,    ,    0,    0,    0,    0, THERMO PARAMS, 145, 79, -1402, N, 10, DT, -999, SHR82, -99, 
AL, 08, 2026092806, 03, HFSA, 114, 362N,  377W,  18, 1016, XX,  34, NEQ,    0,    0,    0,    0, 1020,   91,  27,   0,   0,    ,   0,    , 123,   5,           ,  ,  0,    ,    0,    0,    0,    0, THERMO PARAMS, 152, -184, -1440, N, 10, DT, -999, SHR82, -99, 
AL, 08, 2026092806, 03, HFSA, 120, 359N,  375W,  18, 1016, XX,  34, NEQ,    0,    0,    0,    0,  -99,  -99,  34,   0,   0,    ,   0,    , 145,   6,           ,  ,  0,    ,    0,    0,    0,    0, THERMO PARAMS, 136, -113, -1385, N, 10, DT, -999, SHR82, -99, 
AL, 08, 2026092806, 03, HFSA, 126, 355N,  375W,  17, 1018, XX,  34, NEQ,    0,    0,    0,    0,  -99,  -99, 157,   0,   0,    ,   0,    , -99, -99,           ,  ,  0,    ,    0,    0,    0,    0, THERMO PARAMS, -9999, -9999, -9999, N, 10, DT, -999, SHR82, -99, 
AL, 08, 2026092806, 03, TVCN,   0, 363N,  531W,   0,    0,   ,   0,    ,    0,    0,    0,    0, 
AL, 08, 2026092806, 03, TVCN,  12, 370N,  503W,   0,    0,   ,   0,    ,    0,    0,    0,    0, 
AL, 08, 2026092806, 03, TVCN,  24, 377N,  513W,   0,    0,   ,   0,    ,    0,    0,    0,    0, 
AL, 08, 2026092806, 03, TVCN,  36, 383N,  508W,   0,    0,   ,   0,    ,    0,    0,    0,    0, 
AL, 08, 2026092806, 03, TVCN,  48, 390N,  492W,   0,    0,   ,   0,    ,    0,    0,    0,    0, 
AL, 08, 2026092806, 03, TVCN,  60, 395N,  472W,   0,    0,   ,   0,    ,    0,    0,    0,    0, 
AL, 08, 2026092806, 03, TVCN,  72, 396N,  437W,   0,    0,   ,   0,    ,    0,    0,    0,    0, 
AL, 08, 2026092806, 03, TVCN,  84, 397N,  395W,   0,    0,   ,   0,    ,    0,    0,    0,    0, 
AL, 08, 2026092806, 03, TVCN,  96, 400N,  366W,   0,    0,   ,   0,    ,    0,    0,    0,    0, 
AL, 08, 2026092806, 03, TVCN, 108, 401N,  353W,   0,    0,   ,   0,    ,    0,    0,    0,    0, 
AL, 08, 2026092806, 03, TVCN, 120, 403N,  344W,   0,    0,   ,   0,    ,    0,    0,    0,    0, 
AL, 08, 2026092812, 03,  UKX,   0, 369N,  511W,  24, 1014, XX,  34, NEQ,    0,    0,    0,    0, 
AL, 08, 2026092812, 03,  UKX,   6, 369N,  491W,  25, 1011, XX,  34, NEQ,    0,    0,    0,    0, 
AL, 08, 2026092812, 03,  UKX,  12, 363N,  478W,  25, 1012, XX,  34, NEQ,    0,    0,    0,    0, 
AL, 08, 2026092812, 03,  UKX,  18, 354N,  468W,  27, 1011, XX,  34, NEQ,    0,    0,    0,    0, 
AL, 08, 2026092812, 03,  UKX,  24, 346N,  461W,  28, 1012, XX,  34, NEQ,    0,    0,    0,    0, 
AL, 08, 2026092812, 03,  UKX,  30, 340N,  455W,  30, 1011, XX,  34, NEQ,    0,    0,    0,    0, 
AL, 08, 2026092812, 03,  UKX,  36, 336N,  452W,  29, 1012, XX,  34, NEQ,    0,    0,    0,    0, 
AL, 08, 2026092812, 03,  UKX,  42, 337N,  449W,  27, 1012, XX,  34, NEQ,    0,    0,    0,    0, 
AL, 08, 2026092812, 03,  UKX,  48, 341N,  444W,  28, 1013, XX,  34, NEQ,    0,    0,    0,    0, 
AL, 08, 2026092812, 03,  UKX,  54, 344N,  441W,  22, 1012, XX,  34, NEQ,    0,    0,    0,    0, 
AL, 08, 2026092812, 03,  UKX,  60, 347N,  437W,  22, 1014, XX,  34, NEQ,    0,    0,    0,    0, 
AL, 08, 2026092812, 03,  UKX,  66, 351N,  429W,  23, 1013, XX,  34, NEQ,    0,    0,    0,    0, 
AL, 08, 2026092812, 03,  UKX,  72, 355N,  419W,  23, 1015, XX,  34, NEQ,    0,    0,    0,    0, 
AL, 08, 2026092812, 03,  UKX,  78, 362N,  405W,  23, 1014, XX,  34, NEQ,    0,    0,    0,    0, 
AL, 08, 2026092812, 03,  UKX,  84, 368N,  391W,  22, 1015, XX,  34, NEQ,    0,    0,    0,    0, 
AL, 08, 2026092812, 03,  UKX,  90, 372N,  376W,  24, 1015, XX,  34, NEQ,    0,    0,    0,    0, 
AL, 08, 2026092812, 03,  UKX,  96, 373N,  363W,  25, 1016, XX,  34, NEQ,    0,    0,    0,    0, 
AL, 08, 2026092812, 03,  UKX, 102, 375N,  361W,  24, 1015, XX,  34, NEQ,    0,    0,    0,    0, 
AL, 08, 2026092812, 03,  UKX, 108, 373N,  362W,  22, 1016, XX,  34, NEQ,    0,    0,    0,    0, 
AL, 08, 2026092812, 03,  UKX, 114, 371N,  361W,  20, 1016, XX,  34, NEQ,    0,    0,    0,    0, 
AL, 08, 2026092812, 03,  UKX, 120, 367N,  360W,  21, 1017, XX,  34, NEQ,    0,    0,    0,    0, 
AL, 08, 2026092812, 03,  UKX, 126, 367N,  360W,  20, 1016, XX,  34, NEQ,    0,    0,    0,    0, 
AL, 08, 2026092812, 03,  UKX, 132, 365N,  361W,  17, 1017, XX,  34, NEQ,    0,    0,    0,    0, 
AL, 08, 2026092812, 03,  UKX, 138, 366N,  360W,  16, 1016, XX,  34, NEQ,    0,    0,    0,    0, 
AL, 08, 2026092812, 03,  UKX, 144, 366N,  358W,  18, 1018, XX,  34, NEQ,    0,    0,    0,    0, 
AL, 08, 2026092812, 03, AVNO,   0, 371N,  518W,  22, 1013, XX,  34, NEQ,    0,    0,    0,    0,  -99,  -99, 157,   0,   0, 
AL, 08, 2026092812, 03, AVNO,   6, 372N,  493W,  28, 1010, XX,  34, NEQ,    0,    0,    0,    0, 1014,  118, 122,   0,   0, 
AL, 08, 2026092812, 03, AVNO,  12, 366N,  473W,  27, 1011, XX,  34, NEQ,    0,    0,    0,    0, 1015,   90,  48,   0,   0, 
AL, 08, 2026092812, 03, AVNO,  18, 358N,  462W,  29, 1010, XX,  34, NEQ,    0,    0,    0,    0, 1014,  107,  79,   0,   0, 
AL, 08, 2026092812, 03, AVNO,  24, 353N,  437W,  31, 1011, XX,  34, NEQ,    0,    0,    0,    0,  -99,  -99,  44,   0,   0, 
AL, 08, 2026092812, 03, AVNO,  30, 351N,  434W,  35, 1010, XX,  34, NEQ,    0,    0,    0,   29, 1014,  101,  25,   0,   0, 
AL, 08, 2026092812, 03, AVNO,  36, 349N,  434W,  37, 1011, XX,  34, NEQ,   73,    0,    0,   34, 1015,  104,  19,   0,   0, 
AL, 08, 2026092812, 03, AVNO,  42, 347N,  437W,  33, 1009, XX,  34, NEQ,    0,    0,    0,    0, 1013,   94,  79,   0,   0, 
AL, 08, 2026092812, 03, AVNO,  48, 345N,  437W,  28, 1011, XX,  34, NEQ,    0,    0,    0,    0, 1015,   82, 143,   0,   0, 
AL, 08, 2026092812, 03, AVNO,  54, 346N,  433W,  22, 1011, XX,  34, NEQ,    0,    0,    0,    0, 1015,   82,  64,   0,   0, 
AL, 08, 2026092812, 03, AVNO,  60, 347N,  426W,  20, 1012, XX,  34, NEQ,    0,    0,    0,    0, 1016,   94, 118,   0,   0, 
AL, 08, 2026092812, 03, AVNO,  66, 350N,  419W,  20, 1011, XX,  34, NEQ,    0,    0,    0,    0, 1015,  110,  57,   0,   0, 
AL, 08, 2026092812, 03, AVNO,  72, 354N,  409W,  20, 1013, XX,  34, NEQ,    0,    0,    0,    0, 1017,  130,  60,   0,   0, 
AL, 08, 2026092812, 03, AVNO,  78, 357N,  398W,  19, 1013, XX,  34, NEQ,    0,    0,    0,    0, 1017,  152,  86,   0,   0, 
AL, 08, 2026092812, 03, AVNO,  84, 360N,  387W,  19, 1015, XX,  34, NEQ,    0,    0,    0,    0,  -99,  -99,  99,   0,   0, 
AL, 08, 2026092812, 03, AVNO,  90, 361N,  379W,  17, 1015, XX,  34, NEQ,    0,    0,    0,    0,  -99,  -99, 116,   0,   0, 
AL, 08, 2026092812, 03, AVNO,  96, 362N,  373W,  16, 1017, XX,  34, NEQ,    0,    0,    0,    0,  -99,  -99,  67,   0,   0, 
AL, 08, 2026092812, 03, AVNO, 102, 362N,  367W,  15, 1016, XX,  34, NEQ,    0,    0,    0,    0,  -99,  -99,  88,   0,   0, 
AL, 08, 2026092812, 03, AVNO, 108, 362N,  363W,  12, 1018, XX,  34, NEQ,    0,    0,    0,    0,  -99,  -99,  69,   0,   0, 
AL, 08, 2026092812, 03, AVNO, 114, 361N,  361W,  14, 1017, XX,  34, NEQ,    0,    0,    0,    0,  -99,  -99,  68,   0,   0, 
AL, 08, 2026092812, 03, AVNO, 120, 359N,  360W,  14, 1019, XX,  34, NEQ,    0,    0,    0,    0,  -99,  -99,  80,   0,   0, 
AL, 08, 2026092812, 03, AVNO, 126, 357N,  359W,  14, 1018, XX,  34, NEQ,    0,    0,    0,    0,  -99,  -99,  89,   0,   0, 
AL, 08, 2026092812, 03, AVNO, 132, 354N,  361W,  13, 1020, XX,  34, NEQ,    0,    0,    0,    0,  -99,  -99,  85,   0,   0, 
AL, 08, 2026092812, 03, AVNO, 138, 351N,  363W,  14, 1018, XX,  34, NEQ,    0,    0,    0,    0,  -99,  -99, 128,   0,   0, 
AL, 08, 2026092812, 03, AVNO, 144, 348N,  368W,  16, 1020, XX,  34, NEQ,    0,    0,    0,    0,  -99,  -99, 125,   0,   0, 
AL, 08, 2026092812, 03, AVNO, 150, 344N,  372W,  14, 1018, XX,  34, NEQ,    0,    0,    0,    0,  -99,  -99, 106,   0,   0, 
AL, 08, 2026092812, 03, AVNO, 156, 340N,  362W,  15, 1019, XX,  34, NEQ,    0,    0,    0,    0,  -99,  -99,  67,   0,   0, 
AL, 08, 2026092812, 03, AVNO, 162, 336N,  364W,  14, 1018, XX,  34, NEQ,    0,    0,    0,    0,  -99,  -99, 102,   0,   0, 
AL, 08, 2026092812, 03, AVNO, 168, 334N,  365W,  17, 1019, XX,  34, NEQ,    0,    0,    0,    0,  -99,  -99, 140,   0,   0, 
AL, 08, 2026092812, 03, AVNO, 174, 337N,  370W,  17, 1018, XX,  34, NEQ,    0,    0,    0,    0,  -99,  -99, 156,   0,   0, 
AL, 08, 2026092812, 03, AVNO, 180, 339N,  381W,  18, 1020, XX,  34, NEQ,    0,    0,    0,    0,  -99,  -99, 160,   0,   0, 
AL, 08, 2026092812, 03, AVNO, 186, 329N,  398W,  14, 1018, XX,  34, NEQ,    0,    0,    0,    0,  -99,  -99, 101,   0,   0, 
AL, 08, 2026092812, 03, AVNO, 192, 319N,  413W,  14, 1019, XX,  34, NEQ,    0,    0,    0,    0,  -99,  -99,  56,   0,   0, 
AL, 08, 2026092812, 03, AVNO, 198, 314N,  428W,  12, 1017, XX,  34, NEQ,    0,    0,    0,    0,  -99,  -99, 149,   0,   0, 
AL, 08, 2026092812, 03, HCCA,   0, 367N,  513W,  40,    0,   ,   0,    ,    0,    0,    0,    0, 
AL, 08, 2026092812, 03, HCCA,  12, 362N,  477W,  46,    0,   ,   0,    ,    0,    0,    0,    0, 
AL, 08, 2026092812, 03, HCCA,  24, 347N,  451W,  47,    0,   ,   0,    ,    0,    0,    0,    0, 
AL, 08, 2026092812, 03, HCCA,  36, 339N,  439W,  43,    0,   ,   0,    ,    0,    0,    0,    0, 
AL, 08, 2026092812, 03, HCCA,  48, 338N,  433W,  37,    0,   ,   0,    ,    0,    0,    0,    0, 
AL, 08, 2026092812, 03, HCCA,  60, 343N,  423W,  34,    0,   ,   0,    ,    0,    0,    0,    0, 
AL, 08, 2026092812, 03, HCCA,  72, 351N,  403W,  33,    0,   ,   0,    ,    0,    0,    0,    0, 
AL, 08, 2026092812, 03, HCCA,  84, 356N,  379W,  31,    0,   ,   0,    ,    0,    0,    0,    0, 
AL, 08, 2026092812, 03, HCCA,  96, 360N,  356W,  31,    0,   ,   0,    ,    0,    0,    0,    0, 
AL, 08, 2026092812, 03, HCCA, 108, 361N,  340W,  30,    0,   ,   0,    ,    0,    0,    0,    0, 
AL, 08, 2026092812, 03, HCCA, 120, 360N,  330W,  30,    0,   ,   0,    ,    0,    0,    0,    0, 
AL, 08, 2026092812, 03, HCCA, 132, 361N,  325W,  34,    0,   ,   0,    ,    0,    0,    0,    0, 
AL, 08, 2026092812, 03, HCCA, 144, 366N,  322W,  38,    0,   ,   0,    ,    0,    0,    0,    0, 
AL, 08, 2026092812, 03, HCCA, 156, 369N,  322W,  42,    0,   ,   0,    ,    0,    0,    0,    0, 
AL, 08, 2026092812, 03, HFSA,   0, 368N,  513W,  41, 1009, XX,  34, NEQ,   68,  100,   92,   60, 1013,   49,  52,   0,   0,    ,   0,    ,  84,  15,           ,  ,  0,    ,    0,    0,    0,    0, THERMO PARAMS, 142, -471, -265, N, 10, DT, -999, SHR82, -99, 
AL, 08, 2026092812, 03, HFSA,   6, 370N,  494W,  40, 1010, XX,  34, NEQ,    0,    0,    0,  139,  -99,  -99, 135,   0,   0,    ,   0,    ,  97,  16,           ,  ,  0,    ,    0,    0,    0,    0, THERMO PARAMS, -9999, -9999, -9999, N, 10, DT, -999, SHR82, -99, 
AL, 08, 2026092812, 03, HFSA,  12, 363N,  477W,  28, 1012, XX,  34, NEQ,    0,    0,    0,    0,  -99,  -99, 137,   0,   0,    ,   0,    , 118,  13,           ,  ,  0,    ,    0,    0,    0,    0, THERMO PARAMS, 307, -678, -582, N, 10, DT, -999, SHR82, -99, 
AL, 08, 2026092812, 03, HFSA,  18, 352N,  455W,  29, 1011, XX,  34, NEQ,    0,    0,    0,    0,  -99,  -99, 108,   0,   0,    ,   0,    , 119,  23,           ,  ,  0,    ,    0,    0,    0,    0, THERMO PARAMS, 309, -475, -558, N, 10, DT, -999, SHR82, -99, 
AL, 08, 2026092812, 03, HFSA,  24, 343N,  431W,  30, 1010, XX,  34, NEQ,    0,    0,    0,    0, 1014,  122,  37,   0,   0,    ,   0,    , 107,  10,           ,  ,  0,    ,    0,    0,    0,    0, THERMO PARAMS, 231, -312, -528, N, 10, DT, -999, SHR82, -99, 
AL, 08, 2026092812, 03, HFSA,  30, 341N,  422W,  33, 1007, XX,  34, NEQ,    0,    0,    0,    0, 1011,   30,  23,   0,   0,    ,   0,    , 111,   8,           ,  ,  0,    ,    0,    0,    0,    0, THERMO PARAMS, 275, -317, -261, N, 10, DT, -999, SHR82, -99, 
AL, 08, 2026092812, 03, HFSA,  36, 340N,  419W,  37, 1009, XX,  34, NEQ,   24,    0,    0,   21,  -99,  -99,  19,   0,   0,    ,   0,    , 122,   3,           ,  ,  0,    ,    0,    0,    0,    0, THERMO PARAMS, -168, -78, -346, N, 10, DT, -999, SHR82, -99, 
AL, 08, 2026092812, 03, HFSA,  42, 341N,  418W,  33, 1008, XX,  34, NEQ,    0,    0,    0,    0,  -99,  -99,  68,   0,   0,    ,   0,    ,  95,   4,           ,  ,  0,    ,    0,    0,    0,    0, THERMO PARAMS, 153, 205, -367, N, 10, DT, -999, SHR82, -99, 
AL, 08, 2026092812, 03, HFSA,  48, 341N,  415W,  30, 1011, XX,  34, NEQ,    0,    0,    0,    0, 1015,   56,  84,   0,   0,    ,   0,    ,  84,   4,           ,  ,  0,    ,    0,    0,    0,    0, THERMO PARAMS, 97, 464, -1049, N, 10, DT, -999, SHR82, -99, 
AL, 08, 2026092812, 03, HFSA,  54, 345N,  411W,  27, 1011, XX,  34, NEQ,    0,    0,    0,    0, 1015,   59, 134,   0,   0,    ,   0,    ,  72,   6,           ,  ,  0,    ,    0,    0,    0,    0, THERMO PARAMS, 26, 182, -895, N, 10, DT, -999, SHR82, -99, 
AL, 08, 2026092812, 03, HFSA,  60, 350N,  404W,  25, 1012, XX,  34, NEQ,    0,    0,    0,    0, 1016,   63, 139,   0,   0,    ,   0,    ,  73,   8,           ,  ,  0,    ,    0,    0,    0,    0, THERMO PARAMS, 33, 21, -1036, N, 10, DT, -999, SHR82, -99, 
AL, 08, 2026092812, 03, HFSA,  66, 356N,  398W,  26, 1011, XX,  34, NEQ,    0,    0,    0,    0, 1015,   69, 148,   0,   0,    ,   0,    ,  71,   9,           ,  ,  0,    ,    0,    0,    0,    0, THERMO PARAMS, 27, -132, -1108, N, 10, DT, -999, SHR82, -99, 
AL, 08, 2026092812, 03, HFSA,  72, 360N,  391W,  22, 1013, XX,  34, NEQ,    0,    0,    0,    0, 1017,   69,  27,   0,   0,    ,   0,    ,  78,   8,           ,  ,  0,    ,    0,    0,    0,    0, THERMO PARAMS, 50, -249, -1445, N, 10, DT, -999, SHR82, -99, 
AL, 08, 2026092812, 03, HFSA,  78, 364N,  382W,  22, 1012, XX,  34, NEQ,    0,    0,    0,    0, 1016,   93,  19,   0,   0,    ,   0,    ,  84,  10,           ,  ,  0,    ,    0,    0,    0,    0, THERMO PARAMS, 81, -473, -1495, N, 10, DT, -999, SHR82, -99, 
AL, 08, 2026092812, 03, HFSA,  84, 366N,  372W,  20, 1014, XX,  34, NEQ,    0,    0,    0,    0, 1018,  115, 162,   0,   0,    ,   0,    ,  90,  10,           ,  ,  0,    ,    0,    0,    0,    0, THERMO PARAMS, 124, -477, -1062, N, 10, DT, -999, SHR82, -99, 
AL, 08, 2026092812, 03, HFSA,  90, 367N,  361W,  20, 1014, XX,  34, NEQ,    0,    0,    0,    0,  -99,  -99,  22,   0,   0,    ,   0,    ,  94,  11,           ,  ,  0,    ,    0,    0,    0,    0, THERMO PARAMS, 121, -550, -948, N, 10, DT, -999, SHR82, -99, 
AL, 08, 2026092812, 03, HFSA,  96, 366N,  351W,  18, 1016, XX,  34, NEQ,    0,    0,    0,    0,  -99,  -99,  21,   0,   0,    ,   0,    , 105,   9,           ,  ,  0,    ,    0,    0,    0,    0, THERMO PARAMS, 136, -698, -1469, N, 10, DT, -999, SHR82, -99, 
AL, 08, 2026092812, 03, HFSA, 102, 366N,  343W,  17, 1016, XX,  34, NEQ,    0,    0,    0,    0,  -99,  -99, 159,   0,   0,    ,   0,    , 105,   8,           ,  ,  0,    ,    0,    0,    0,    0, THERMO PARAMS, 126, -553, -1413, N, 10, DT, -999, SHR82, -99, 
AL, 08, 2026092812, 03, HFSA, 108, 364N,  337W,  15, 1018, XX,  34, NEQ,    0,    0,    0,    0,  -99,  -99, 162,   0,   0,    ,   0,    , 121,   6,           ,  ,  0,    ,    0,    0,    0,    0, THERMO PARAMS, 168, -877, -1599, N, 10, DT, -999, SHR82, -99, 
AL, 08, 2026092812, 03, HFSA, 114, 364N,  333W,  14, 1017, XX,  34, NEQ,    0,    0,    0,    0,  -99,  -99, 124,   0,   0,    ,   0,    , 113,   4,           ,  ,  0,    ,    0,    0,    0,    0, THERMO PARAMS, 37, -679, -1581, N, 10, DT, -999, SHR82, -99, 
AL, 08, 2026092812, 03, HFSA, 120, 361N,  331W,  16, 1019, XX,  34, NEQ,    0,    0,    0,    0,  -99,  -99, 112,   0,   0,    ,   0,    , 164,   5,           ,  ,  0,    ,    0,    0,    0,    0, THERMO PARAMS, 148, -721, -1368, N, 10, DT, -999, SHR82, -99, 
AL, 08, 2026092812, 03, HFSA, 126, 355N,  332W,  16, 1018, XX,  34, NEQ,    0,    0,    0,    0,  -99,  -99,  88,   0,   0,    ,   0,    , -99, -99,           ,  ,  0,    ,    0,    0,    0,    0, THERMO PARAMS, 105, -382, -1380, N, 10, DT, -999, SHR82, -99, 
AL, 08, 2026092812, 03, TVCN,   0, 367N,  513W,   0,    0,   ,   0,    ,    0,    0,    0,    0, 
AL, 08, 2026092812, 03, TVCN,  12, 362N,  479W,   0,    0,   ,   0,    ,    0,    0,    0,    0, 
AL, 08, 2026092812, 03, TVCN,  24, 349N,  454W,   0,    0,   ,   0,    ,    0,    0,    0,    0, 
AL, 08, 2026092812, 03, TVCN,  36, 338N,  436W,   0,    0,   ,   0,    ,    0,    0,    0,    0, 
AL, 08, 2026092812, 03, TVCN,  48, 344N,  444W,   0,    0,   ,   0,    ,    0,    0,    0,    0, 
AL, 08, 2026092812, 03, TVCN,  60, 350N,  437W,   0,    0,   ,   0,    ,    0,    0,    0,    0, 
AL, 08, 2026092812, 03, TVCN,  72, 356N,  420W,   0,    0,   ,   0,    ,    0,    0,    0,    0, 
AL, 08, 2026092812, 03, TVCN,  84, 359N,  399W,   0,    0,   ,   0,    ,    0,    0,    0,    0, 
AL, 08, 2026092812, 03, TVCN,  96, 360N,  384W,   0,    0,   ,   0,    ,    0,    0,    0,    0, 
AL, 08, 2026092812, 03, TVCN, 108, 357N,  376W,   0,    0,   ,   0,    ,    0,    0,    0,    0, 
AL, 08, 2026092812, 03, TVCN, 120, 353N,  374W,   0,    0,   ,   0,    ,    0,    0,    0,    0, 
AL, 08, 2026092812, 03, TVCN, 132, 349N,  372W,   0,    0,   ,   0,    ,    0,    0,    0,    0, 
AL, 08, 2026092818, 03, AVNO,   0, 370N,  492W,  28, 1010, XX,  34, NEQ,    0,    0,    0,    0, 1014,   82, 133,   0,   0, 
AL, 08, 2026092818, 03, AVNO,   6, 365N,  471W,  29, 1010, XX,  34, NEQ,    0,    0,    0,    0,  -99,  -99,  48,   0,   0, 
AL, 08, 2026092818, 03, AVNO,  12, 358N,  457W,  33, 1009, XX,  34, NEQ,    0,    0,    0,    0, 1013,   85,  25,   0,   0, 
AL, 08, 2026092818, 03, AVNO,  18, 354N,  440W,  40, 1008, XX,  34, NEQ,   30,    0,   51,   42, 1016,  242,  40,   0,   0, 
AL, 08, 2026092818, 03, AVNO,  24, 350N,  435W,  39, 1007, XX,  34, NEQ,   47,    0,   36,   36, 1015,  200,  19,   0,   0, 
AL, 08, 2026092818, 03, AVNO,  30, 345N,  434W,  36, 1007, XX,  34, NEQ,   80,    0,    0,   74, 1015,  128,  80,   0,   0, 
AL, 08, 2026092818, 03, AVNO,  36, 345N,  434W,  32, 1007, XX,  34, NEQ,    0,    0,    0,    0, 1015,  166,  94,   0,   0, 
AL, 08, 2026092818, 03, AVNO,  42, 344N,  435W,  27, 1009, XX,  34, NEQ,    0,    0,    0,    0, 1013,   51, 154,   0,   0, 
AL, 08, 2026092818, 03, AVNO,  48, 345N,  432W,  22, 1009, XX,  34, NEQ,    0,    0,    0,    0, 1013,   53,  77,   0,   0, 
AL, 08, 2026092818, 03, AVNO,  54, 346N,  426W,  21, 1011, XX,  34, NEQ,    0,    0,    0,    0, 1015,   71,  67,   0,   0, 
AL, 08, 2026092818, 03, AVNO,  60, 349N,  418W,  22, 1010, XX,  34, NEQ,    0,    0,    0,    0, 1014,   88,  68,   0,   0, 
AL, 08, 2026092818, 03, AVNO,  66, 352N,  409W,  21, 1013, XX,  34, NEQ,    0,    0,    0,    0, 1017,  101,  64,   0,   0, 
AL, 08, 2026092818, 03, AVNO,  72, 356N,  400W,  21, 1012, XX,  34, NEQ,    0,    0,    0,    0, 1016,  111,  79,   0,   0, 
AL, 08, 2026092818, 03, AVNO,  78, 360N,  390W,  20, 1014, XX,  34, NEQ,    0,    0,    0,    0, 1018,  125,  38,   0,   0, 
AL, 08, 2026092818, 03, AVNO,  84, 366N,  383W,  19, 1013, XX,  34, NEQ,    0,    0,    0,    0, 1017,  129,  51,   0,   0, 
AL, 08, 2026092818, 03, AVNO,  90, 369N,  375W,  18, 1015, XX,  34, NEQ,    0,    0,    0,    0, 1019,  134,  53,   0,   0, 
AL, 08, 2026092818, 03, AVNO,  96, 371N,  368W,  18, 1014, XX,  34, NEQ,    0,    0,    0,    0, 1018,  142, 161,   0,   0, 
AL, 08, 2026092818, 03, AVNO, 102, 371N,  365W,  16, 1016, XX,  34, NEQ,    0,    0,    0,    0, 1020,  156, 161,   0,   0, 
AL, 08, 2026092818, 03, AVNO, 108, 370N,  361W,  16, 1015, XX,  34, NEQ,    0,    0,    0,    0,  -99,  -99, 142,   0,   0, 
AL, 08, 2026092818, 03, AVNO, 114, 368N,  359W,  16, 1017, XX,  34, NEQ,    0,    0,    0,    0,  -99,  -99, 130,   0,   0, 
AL, 08, 2026092818, 03, AVNO, 120, 366N,  356W,  16, 1016, XX,  34, NEQ,    0,    0,    0,    0,  -99,  -99,  71,   0,   0, 
AL, 08, 2026092818, 03, AVNO, 126, 362N,  351W,  17, 1017, XX,  34, NEQ,    0,    0,    0,    0,  -99,  -99,  93,   0,   0, 
AL, 08, 2026092818, 03, AVNO, 132, 360N,  352W,  17, 1016, XX,  34, NEQ,    0,    0,    0,    0,  -99,  -99, 150,   0,   0, 
AL, 08, 2026092818, 03, AVNO, 138, 359N,  345W,  19, 1017, XX,  34, NEQ,    0,    0,    0,    0,  -99,  -99, 159,   0,   0, 
AL, 08, 2026092818, 03, AVNO, 144, 365N,  339W,  25, 1017, XX,  34, NEQ,    0,    0,    0,    0,  -99,  -99, 158,   0,   0, 
AL, 08, 2026092818, 03, AVNO, 150, 365N,  346W,  21, 1018, XX,  34, NEQ,    0,    0,    0,    0,  -99,  -99, 162,   0,   0, 
AL, 08, 2026092818, 03, AVNO, 156, 366N,  357W,  23, 1017, XX,  34, NEQ,    0,    0,    0,    0,  -99,  -99, 159,   0,   0, 
AL, 08, 2026092818, 03, AVNO, 162, 358N,  369W,  17, 1018, XX,  34, NEQ,    0,    0,    0,    0,  -99,  -99, 127,   0,   0, 
AL, 08, 2026092818, 03, HCCA,   0, 366N,  496W,  40,    0,   ,   0,    ,    0,    0,    0,    0, 
AL, 08, 2026092818, 03, HCCA,  12, 355N,  463W,  48,    0,   ,   0,    ,    0,    0,    0,    0, 
AL, 08, 2026092818, 03, HCCA,  24, 342N,  442W,  47,    0,   ,   0,    ,    0,    0,    0,    0, 
AL, 08, 2026092818, 03, HCCA,  36, 336N,  431W,  41,    0,   ,   0,    ,    0,    0,    0,    0, 
AL, 08, 2026092818, 03, HCCA,  48, 338N,  422W,  34,    0,   ,   0,    ,    0,    0,    0,    0, 
AL, 08, 2026092818, 03, HCCA,  60, 345N,  406W,  32,    0,   ,   0,    ,    0,    0,    0,    0, 
AL, 08, 2026092818, 03, HCCA,  72, 356N,  380W,  30,    0,   ,   0,    ,    0,    0,    0,    0, 
AL, 08, 2026092818, 03, HCCA,  84, 366N,  348W,  30,    0,   ,   0,    ,    0,    0,    0,    0, 
AL, 08, 2026092818, 03, HCCA,  96, 371N,  326W,  30,    0,   ,   0,    ,    0,    0,    0,    0, 
AL, 08, 2026092818, 03, HCCA, 108, 370N,  310W,  30,    0,   ,   0,    ,    0,    0,    0,    0, 
AL, 08, 2026092818, 03, HCCA, 120, 368N,  302W,  33,    0,   ,   0,    ,    0,    0,    0,    0, 
AL, 08, 2026092818, 03, HCCA, 132, 376N,  298W,   0,    0,   ,   0,    ,    0,    0,    0,    0, 
AL, 08, 2026092818, 03, HCCA, 144, 384N,  296W,   0,    0,   ,   0,    ,    0,    0,    0,    0, 
AL, 08, 2026092818, 03, HCCA, 156, 391N,  289W,   0,    0,   ,   0,    ,    0,    0,    0,    0, 
AL, 08, 2026092818, 03, HCCA, 168, 427N,  244W,   0,    0,   ,   0,    ,    0,    0,    0,    0, 
AL, 08, 2026092818, 03, HFSA,   0, 367N,  495W,  42, 1010, XX,  34, NEQ,    0,   86,   87,    0,  -99,  -99,  73,   0,   0,    ,   0,    , 100,  16,           ,  ,  0,    ,    0,    0,    0,    0, THERMO PARAMS, 243, -559, -297, N, 10, DT, -999, SHR82, -99, 
AL, 08, 2026092818, 03, HFSA,   6, 361N,  468W,  39, 1007, XX,  34, NEQ,   29,   32,    0,    8, 1015,  105,  29,   0,   0,    ,   0,    , 109,  15,           ,  ,  0,    ,    0,    0,    0,    0, THERMO PARAMS, 266, 17, -354, N, 10, DT, -999, SHR82, -99, 
AL, 08, 2026092818, 03, HFSA,  12, 356N,  453W,  59,  999, XX,  34, NEQ,   45,   26,   31,   36, 1003,    9,  20,   0,   0,    ,   0,    , 108,  14,           ,  ,  0,    ,    0,    0,    0,    0, THERMO PARAMS, 308, 235, 150, N, 10, DT, -999, SHR82, -99, 
AL, 08, 2026092818, 03, HFSA,  12, 356N,  453W,  59,  999, XX,  50, NEQ,    0,    0,    0,   23, 1003,    9,  20,   0,   0,    ,   0,    , 108,  14,           ,  ,  0,    ,    0,    0,    0,    0, THERMO PARAMS, 308, 235, 150, N, 10, DT, -999, SHR82, -99, 
AL, 08, 2026092818, 03, HFSA,  18, 349N,  442W,  54,  999, XX,  34, NEQ,   60,   34,   34,   44, 1007,   17,  35,   0,   0,    ,   0,    , 120,  11,           ,  ,  0,    ,    0,    0,    0,    0, THERMO PARAMS, 303, 553, 387, N, 10, DT, -999, SHR82, -99, 
AL, 08, 2026092818, 03, HFSA,  24, 347N,  434W,  42, 1002, XX,  34, NEQ,   55,   55,   19,   66, 1006,   12,  13,   0,   0,    ,   0,    , 119,   7,           ,  ,  0,    ,    0,    0,    0,    0, THERMO PARAMS, 294, 120, 83, N, 10, DT, -999, SHR82, -99, 
AL, 08, 2026092818, 03, HFSA,  30, 342N,  429W,  39, 1005, XX,  34, NEQ,   49,    0,    0,   62, 1009,   21,  41,   0,   0,    ,   0,    , 146,   5,           ,  ,  0,    ,    0,    0,    0,    0, THERMO PARAMS, 122, 791, -473, N, 10, DT, -999, SHR82, -99, 
AL, 08, 2026092818, 03, HFSA,  36, 342N,  428W,  34, 1005, XX,  34, NEQ,    0,    0,    0,    0, 1009,   28,  43,   0,   0,    ,   0,    ,  93,   4,           ,  ,  0,    ,    0,    0,    0,    0, THERMO PARAMS, 141, 96, -326, N, 10, DT, -999, SHR82, -99, 
AL, 08, 2026092818, 03, HFSA,  42, 343N,  427W,  34, 1008, XX,  34, NEQ,    0,    0,    0,    0, 1016,   92,  32,   0,   0,    ,   0,    ,  72,   3,           ,  ,  0,    ,    0,    0,    0,    0, THERMO PARAMS, -114, 1129, -947, N, 10, DT, -999, SHR82, -99, 
AL, 08, 2026092818, 03, HFSA,  48, 346N,  424W,  33, 1008, XX,  34, NEQ,    0,    0,    0,    0, 1012,   39,  41,   0,   0,    ,   0,    ,  69,   6,           ,  ,  0,    ,    0,    0,    0,    0, THERMO PARAMS, -14, 932, -962, N, 10, DT, -999, SHR82, -99, 
AL, 08, 2026092818, 03, HFSA,  54, 352N,  421W,  28, 1010, XX,  34, NEQ,    0,    0,    0,    0, 1018,  133,  65,   0,   0,    ,   0,    ,  61,   6,           ,  ,  0,    ,    0,    0,    0,    0, THERMO PARAMS, -69, 759, -1105, N, 10, DT, -999, SHR82, -99, 
AL, 08, 2026092818, 03, HFSA,  60, 356N,  416W,  29, 1009, XX,  34, NEQ,    0,    0,    0,    0, 1013,   46,  56,   0,   0,    ,   0,    ,  72,   9,           ,  ,  0,    ,    0,    0,    0,    0, THERMO PARAMS, 36, 498, -1203, N, 10, DT, -999, SHR82, -99, 
AL, 08, 2026092818, 03, HFSA,  66, 361N,  408W,  28, 1011, XX,  34, NEQ,    0,    0,    0,    0, 1015,   52,  35,   0,   0,    ,   0,    ,  75,   9,           ,  ,  0,    ,    0,    0,    0,    0, THERMO PARAMS, 64, 308, -1390, N, 10, DT, -999, SHR82, -99, 
AL, 08, 2026092818, 03, HFSA,  72, 364N,  398W,  31, 1008, XX,  34, NEQ,    0,    0,    0,    0, 1012,   35,  25,   0,   0,    ,   0,    ,  81,  12,           ,  ,  0,    ,    0,    0,    0,    0, THERMO PARAMS, 77, 604, -1268, N, 10, DT, -999, SHR82, -99, 
AL, 08, 2026092818, 03, HFSA,  78, 368N,  388W,  29, 1012, XX,  34, NEQ,    0,    0,    0,    0,  -99,  -99,  30,   0,   0,    ,   0,    ,  80,  10,           ,  ,  0,    ,    0,    0,    0,    0, THERMO PARAMS, 92, -255, -1076, N, 10, DT, -999, SHR82, -99, 
AL, 08, 2026092818, 03, HFSA,  84, 370N,  377W,  27, 1011, XX,  34, NEQ,    0,    0,    0,    0,  -99,  -99,  29,   0,   0,    ,   0,    ,  91,  11,           ,  ,  0,    ,    0,    0,    0,    0, THERMO PARAMS, 92, 442, -1367, N, 10, DT, -999, SHR82, -99, 
AL, 08, 2026092818, 03, HFSA,  90, 369N,  366W,  25, 1013, XX,  34, NEQ,    0,    0,    0,    0, 1017,  152,  35,   0,   0,    ,   0,    ,  99,  10,           ,  ,  0,    ,    0,    0,    0,    0, THERMO PARAMS, 97, -273, -1312, N, 10, DT, -999, SHR82, -99, 
AL, 08, 2026092818, 03, HFSA,  96, 366N,  355W,  28, 1013, XX,  34, NEQ,    0,    0,    0,    0,  -99,  -99,  34,   0,   0,    ,   0,    , 105,  11,           ,  ,  0,    ,    0,    0,    0,    0, THERMO PARAMS, 93, 168, -1266, N, 10, DT, -999, SHR82, -99, 
AL, 08, 2026092818, 03, HFSA, 102, 364N,  345W,  25, 1015, XX,  34, NEQ,    0,    0,    0,    0,  -99,  -99,  28,   0,   0,    ,   0,    , 105,   8,           ,  ,  0,    ,    0,    0,    0,    0, THERMO PARAMS, 79, 333, -1738, N, 10, DT, -999, SHR82, -99, 
AL, 08, 2026092818, 03, HFSA, 108, 362N,  336W,  22, 1013, XX,  34, NEQ,    0,    0,    0,    0, 1017,   68,  38,   0,   0,    ,   0,    , 116,   8,           ,  ,  0,    ,    0,    0,    0,    0, THERMO PARAMS, 69, 257, -1635, N, 10, DT, -999, SHR82, -99, 
AL, 08, 2026092818, 03, HFSA, 114, 358N,  329W,  30, 1015, XX,  34, NEQ,    0,    0,    0,    0,  -99,  -99,  34,   0,   0,    ,   0,    , 127,   6,           ,  ,  0,    ,    0,    0,    0,    0, THERMO PARAMS, 83, 104, -1409, N, 10, DT, -999, SHR82, -99, 
AL, 08, 2026092818, 03, HFSA, 120, 355N,  324W,  25, 1010, XX,  34, NEQ,    0,    0,    0,    0, 1014,    3,  26,   0,   0,    ,   0,    , 130,   5,           ,  ,  0,    ,    0,    0,    0,    0, THERMO PARAMS, 59, 265, -942, N, 10, DT, -999, SHR82, -99, 
AL, 08, 2026092818, 03, HFSA, 126, 353N,  323W,  25, 1015, XX,  34, NEQ,    0,    0,    0,    0,  -99,  -99,  26,   0,   0,    ,   0,    , -99, -99,           ,  ,  0,    ,    0,    0,    0,    0, THERMO PARAMS, 97, -87, -553, N, 10, DT, -999, SHR82, -99, 
AL, 08, 2026092818, 03, TVCN,   0, 366N,  496W,   0,    0,   ,   0,    ,    0,    0,    0,    0, 
AL, 08, 2026092818, 03, TVCN,  12, 356N,  462W,   0,    0,   ,   0,    ,    0,    0,    0,    0, 
AL, 08, 2026092818, 03, TVCN,  24, 345N,  444W,   0,    0,   ,   0,    ,    0,    0,    0,    0, 
AL, 08, 2026092818, 03, TVCN,  36, 340N,  437W,   0,    0,   ,   0,    ,    0,    0,    0,    0, 
AL, 08, 2026092818, 03, TVCN,  48, 342N,  431W,   0,    0,   ,   0,    ,    0,    0,    0,    0, 
AL, 08, 2026092818, 03, TVCN,  60, 349N,  420W,   0,    0,   ,   0,    ,    0,    0,    0,    0, 
AL, 08, 2026092818, 03, TVCN,  72, 358N,  403W,   0,    0,   ,   0,    ,    0,    0,    0,    0, 
AL, 08, 2026092818, 03, TVCN,  84, 367N,  384W,   0,    0,   ,   0,    ,    0,    0,    0,    0, 
AL, 08, 2026092818, 03, TVCN,  96, 373N,  365W,   0,    0,   ,   0,    ,    0,    0,    0,    0, 
AL, 08, 2026092818, 03, TVCN, 108, 368N,  363W,   0,    0,   ,   0,    ,    0,    0,    0,    0, 
AL, 08, 2026092818, 03, TVCN, 120, 367N,  353W,   0,    0,   ,   0,    ,    0,    0,    0,    0, 
AL, 08, 2026092818, 03, TVCN, 132, 367N,  344W,   0,    0,   ,   0,    ,    0,    0,    0,    0, 
AL, 08, 2026092900, 03, HCCA,   0, 361N,  483W,  40,    0,   ,   0,    ,    0,    0,    0,    0, 
AL, 08, 2026092900, 03, HCCA,  12, 348N,  457W,  45,    0,   ,   0,    ,    0,    0,    0,    0, 
AL, 08, 2026092900, 03, HCCA,  24, 338N,  442W,  43,    0,   ,   0,    ,    0,    0,    0,    0, 
AL, 08, 2026092900, 03, HCCA,  36, 337N,  435W,  35,    0,   ,   0,    ,    0,    0,    0,    0, 
AL, 08, 2026092900, 03, HCCA,  48, 342N,  424W,  32,    0,   ,   0,    ,    0,    0,    0,    0, 
AL, 08, 2026092900, 03, HCCA,  60, 350N,  404W,  33,    0,   ,   0,    ,    0,    0,    0,    0, 
AL, 08, 2026092900, 03, HCCA,  72, 360N,  378W,  32,    0,   ,   0,    ,    0,    0,    0,    0, 
AL, 08, 2026092900, 03, HCCA,  84, 365N,  352W,  31,    0,   ,   0,    ,    0,    0,    0,    0, 
AL, 08, 2026092900, 03, HCCA,  96, 366N,  328W,  32,    0,   ,   0,    ,    0,    0,    0,    0, 
AL, 08, 2026092900, 03, HCCA, 108, 365N,  313W,  38,    0,   ,   0,    ,    0,    0,    0,    0, 
AL, 08, 2026092900, 03, HCCA, 120, 367N,  305W,  47,    0,   ,   0,    ,    0,    0,    0,    0, 
AL, 08, 2026092900, 03, HCCA, 132, 373N,  302W,   0,    0,   ,   0,    ,    0,    0,    0,    0, 
AL, 08, 2026092900, 03, HCCA, 144, 379N,  302W,   0,    0,   ,   0,    ,    0,    0,    0,    0, 
AL, 08, 2026092900, 03, HCCA, 156, 387N,  288W,   0,    0,   ,   0,    ,    0,    0,    0,    0, 
AL, 08, 2026092900, 03, HCCA, 168, 379N,  263W,   0,    0,   ,   0,    ,    0,    0,    0,    0, 
AL, 08, 2026092900, 03, TVCN,   0, 361N,  483W,   0,    0,   ,   0,    ,    0,    0,    0,    0, 
AL, 08, 2026092900, 03, TVCN,  12, 350N,  457W,   0,    0,   ,   0,    ,    0,    0,    0,    0, 
AL, 08, 2026092900, 03, TVCN,  24, 342N,  444W,   0,    0,   ,   0,    ,    0,    0,    0,    0, 
AL, 08, 2026092900, 03, TVCN,  36, 340N,  438W,   0,    0,   ,   0,    ,    0,    0,    0,    0, 
AL, 08, 2026092900, 03, TVCN,  48, 345N,  428W,   0,    0,   ,   0,    ,    0,    0,    0,    0, 
AL, 08, 2026092900, 03, TVCN,  60, 353N,  412W,   0,    0,   ,   0,    ,    0,    0,    0,    0, 
AL, 08, 2026092900, 03, TVCN,  72, 362N,  392W,   0,    0,   ,   0,    ,    0,    0,    0,    0, 
AL, 08, 2026092900, 03, TVCN,  84, 367N,  373W,   0,    0,   ,   0,    ,    0,    0,    0,    0, 
AL, 08, 2026092900, 03, TVCN,  96, 365N,  365W,   0,    0,   ,   0,    ,    0,    0,    0,    0, 
AL, 08, 2026092900, 03, TVCN, 108, 363N,  352W,   0,    0,   ,   0,    ,    0,    0,    0,    0, 
AL, 08, 2026092900, 03, TVCN, 120, 364N,  347W,   0,    0,   ,   0,    ,    0,    0,    0,    0, 
AL, 08, 2026092900, 03, TVCN, 132, 366N,  341W,   0,    0,   ,   0,    ,    0,    0,    0,    0, 