AL, 05, 2026082918, 03, AVNO,   0, 287N,  878W,  18, 1016, XX,  34, NEQ,    0,    0,    0,    0,  -99,  -99,  74,   0,   0, 
AL, 05, 2026082918, 03, AVNO,   6, 285N,  883W,  20, 1014, XX,  34, NEQ,    0,    0,    0,    0,  -99,  -99,  33,   0,   0, 
AL, 05, 2026082918, 03, AVNO,  12, 284N,  890W,  19, 1015, XX,  34, NEQ,    0,    0,    0,    0,  -99,  -99,  70,   0,   0, 
AL, 05, 2026082918, 03, AVNO,  18, 286N,  895W,  17, 1014, XX,  34, NEQ,    0,    0,    0,    0,  -99,  -99,  76,   0,   0, 
AL, 05, 2026082918, 03, AVNO,  24, 288N,  898W,  19, 1015, XX,  34, NEQ,    0,    0,    0,    0,  -99,  -99,  44,   0,   0, 
AL, 05, 2026082918, 03, AVNO,  30, 290N,  904W,  17, 1014, XX,  34, NEQ,    0,    0,    0,    0,  -99,  -99,  35,   0,   0, 
AL, 05, 2026082918, 03, AVNO,  36, 293N,  913W,  17, 1014, XX,  34, NEQ,    0,    0,    0,    0,  -99,  -99,  57,   0,   0, 
AL, 05, 2026082918, 03, AVNO,  42, 298N,  920W,  15, 1015, XX,  34, NEQ,    0,    0,    0,    0,  -99,  -99,  49,   0,   0, 
AL, 05, 2026082918, 03, AVNO,  48, 302N,  925W,  11, 1016, XX,  34, NEQ,    0,    0,    0,    0,  -99,  -99, 155,   0,   0, 
AL, 05, 2026082918, 03, AVNO,  54, 304N,  928W,  13, 1014, XX,  34, NEQ,    0,    0,    0,    0,  -99,  -99, 155,   0,   0, 
AL, 05, 2026082918, 03, AVNO,  60, 305N,  941W,  15, 1013, XX,  34, NEQ,    0,    0,    0,    0,  -99,  -99, 105,   0,   0, 
AL, 05, 2026082918, 03, AVNO,  66, 308N,  951W,  11, 1014, XX,  34, NEQ,    0,    0,    0,    0,  -99,  -99,  97,   0,   0, 
AL, 05, 2026082918, 03, HCCA,   0, 288N,  872W,  20,    0,   ,   0,    ,    0,    0,    0,    0, 
AL, 05, 2026082918, 03, HFSA,   0, 289N,  872W,  20, 1014, XX,  34, NEQ,    0,    0,    0,    0,  -99,  -99,  99,   0,   0,    ,   0,    , 219,   1,           ,  ,  0,    ,    0,    0,    0,    0, THERMO PARAMS, 38, 493, -368, N, 10, DT, -999, SHR82, -99, 
AL, 05, 2026082918, 03, HFSA,   6, 286N,  879W,  31, 1013, XX,  34, NEQ,    0,    0,    0,    0,  -99,  -99, 126,   0,   0,    ,   0,    , 239,   6,           ,  ,  0,    ,    0,    0,    0,    0, THERMO PARAMS, -9999, -9999, -9999, N, 10, DT, -999, SHR82, -99, 
AL, 05, 2026082918, 03, HFSA,  12, 285N,  888W,  29, 1015, XX,  34, NEQ,    0,    0,    0,    0,  -99,  -99,  69,   0,   0,    ,   0,    , 274,   7,           ,  ,  0,    ,    0,    0,    0,    0, THERMO PARAMS, 22, -144, 188, N, 10, DT, -999, SHR82, -99, 
AL, 05, 2026082918, 03, HFSA,  18, 288N,  891W,  25, 1015, XX,  34, NEQ,    0,    0,    0,    0,  -99,  -99,  82,   0,   0,    ,   0,    , 316,   4,           ,  ,  0,    ,    0,    0,    0,    0, THERMO PARAMS, -30, 63, -14, N, 10, DT, -999, SHR82, -99, 
AL, 05, 2026082918, 03, HFSA,  24, 293N,  896W,  26, 1011, XX,  34, NEQ,    0,    0,    0,    0, 1015,    2, 130,   0,   0,    ,   0,    , 304,   5,           ,  ,  0,    ,    0,    0,    0,    0, THERMO PARAMS, 6, 264, 325, N, 10, DT, -999, SHR82, -99, 
AL, 05, 2026082918, 03, HFSA,  30, 294N,  900W,  16, 1013, XX,  34, NEQ,    0,    0,    0,    0,  -99,  -99,  80,   0,   0,    ,   0,    , 249,   3,           ,  ,  0,    ,    0,    0,    0,    0, THERMO PARAMS, -9999, -9999, -9999, N, 10, DT, -999, SHR82, -99, 
AL, 05, 2026082918, 03, HFSA,  36, 293N,  905W,  14, 1015, XX,  34, NEQ,    0,    0,    0,    0,  -99,  -99,  74,   0,   0,    ,   0,    , 284,   5,           ,  ,  0,    ,    0,    0,    0,    0, THERMO PARAMS, 18, -141, -25, N, 10, DT, -999, SHR82, -99, 
AL, 05, 2026082918, 03, HFSA,  42, 300N,  913W,  16, 1016, XX,  34, NEQ,    0,    0,    0,    0,  -99,  -99,  99,   0,   0,    ,   0,    , 294,   9,           ,  ,  0,    ,    0,    0,    0,    0, THERMO PARAMS, 58, -103, 62, N, 10, DT, -999, SHR82, -99, 
AL, 05, 2026082918, 03, HFSA,  48, 307N,  918W,  23, 1016, XX,  34, NEQ,    0,    0,    0,    0,  -99,  -99, 106,   0,   0,    ,   0,    , 310,   7,           ,  ,  0,    ,    0,    0,    0,    0, THERMO PARAMS, -9999, -9999, -9999, N, 10, DT, -999, SHR82, -99, 
AL, 05, 2026082918, 03, HFSA,  54, 308N,  922W,  20, 1013, XX,  34, NEQ,    0,    0,    0,    0,  -99,  -99,  89,   0,   0,    ,   0,    , 270,   6,           ,  ,  0,    ,    0,    0,    0,    0, THERMO PARAMS, 146, -13, -80, N, 10, DT, -999, SHR82, -99, 
AL, 05, 2026082918, 03, HFSA,  60, 306N,  931W,  12, 1014, XX,  34, NEQ,    0,    0,    0,    0,  -99,  -99, 161,   0,   0,    ,   0,    , 280,   6,           ,  ,  0,    ,    0,    0,    0,    0, THERMO PARAMS, 103, -455, 88, N, 10, DT, -999, SHR82, -99, 
AL, 05, 2026083000, 03,  UKX,   0, 286N,  880W,  17, 1015, XX,  34, NEQ,    0,    0,    0,    0, 
AL, 05, 2026083000, 03,  UKX,   6, 283N,  886W,  18, 1014, XX,  34, NEQ,    0,    0,    0,    0, 
AL, 05, 2026083000, 03,  UKX,  12, 285N,  889W,  16, 1016, XX,  34, NEQ,    0,    0,    0,    0, 
AL, 05, 2026083000, 03,  UKX,  18, 287N,  891W,  18, 1014, XX,  34, NEQ,    0,    0,    0,    0, 
AL, 05, 2026083000, 03,  UKX,  24, 287N,  896W,  17, 1014, XX,  34, NEQ,    0,    0,    0,    0, 
AL, 05, 2026083000, 03,  UKX,  30, 287N,  905W,  15, 1013, XX,  34, NEQ,    0,    0,    0,    0, 
AL, 05, 2026083000, 03,  UKX,  36, 291N,  911W,  14, 1015, XX,  34, NEQ,    0,    0,    0,    0, 
AL, 05, 2026083000, 03,  UKX,  42, 292N,  916W,  12, 1014, XX,  34, NEQ,    0,    0,    0,    0, 
AL, 05, 2026083000, 03,  UKX,  48, 292N,  923W,  14, 1013, XX,  34, NEQ,    0,    0,    0,    0, 
AL, 05, 2026083000, 03,  UKX,  54, 293N,  932W,  16, 1014, XX,  34, NEQ,    0,    0,    0,    0, 
AL, 05, 2026083000, 03,  UKX,  60, 298N,  938W,  14, 1014, XX,  34, NEQ,    0,    0,    0,    0, 
AL, 05, 2026083000, 03,  UKX,  66, 299N,  943W,  15, 1014, XX,  34, NEQ,    0,    0,    0,    0, 
AL, 05, 2026083000, 03,  UKX,  72, 301N,  948W,  11, 1011, XX,  34, NEQ,    0,    0,    0,    0, 
AL, 05, 2026083000, 03,  UKX,  78, 309N,  958W,  14, 1013, XX,  34, NEQ,    0,    0,    0,    0, 
AL, 05, 2026083000, 03,  UKX,  84, 315N,  961W,   8, 1012, XX,  34, NEQ,    0,    0,    0,    0, 
AL, 05, 2026083000, 03, AVNO,   0, 284N,  883W,  19, 1014, XX,  34, NEQ,    0,    0,    0,    0,  -99,  -99,  38,   0,   0, 
AL, 05, 2026083000, 03, AVNO,   6, 281N,  891W,  18, 1015, XX,  34, NEQ,    0,    0,    0,    0,  -99,  -99,  55,   0,   0, 
AL, 05, 2026083000, 03, AVNO,  12, 282N,  897W,  16, 1015, XX,  34, NEQ,    0,    0,    0,    0,  -99,  -99,  76,   0,   0, 
AL, 05, 2026083000, 03, AVNO,  18, 282N,  900W,  15, 1015, XX,  34, NEQ,    0,    0,    0,    0,  -99,  -99,  83,   0,   0, 
AL, 05, 2026083000, 03, AVNO,  24, 282N,  905W,  17, 1014, XX,  34, NEQ,    0,    0,    0,    0,  -99,  -99,  51,   0,   0, 
AL, 05, 2026083000, 03, AVNO,  30, 284N,  913W,  18, 1014, XX,  34, NEQ,    0,    0,    0,    0,  -99,  -99,  48,   0,   0, 
AL, 05, 2026083000, 03, AVNO,  36, 288N,  920W,  20, 1014, XX,  34, NEQ,    0,    0,    0,    0,  -99,  -99,  54,   0,   0, 
AL, 05, 2026083000, 03, AVNO,  42, 290N,  923W,  15, 1015, XX,  34, NEQ,    0,    0,    0,    0,  -99,  -99,  30,   0,   0, 
AL, 05, 2026083000, 03, AVNO,  48, 290N,  928W,  17, 1014, XX,  34, NEQ,    0,    0,    0,    0,  -99,  -99,  49,   0,   0, 
AL, 05, 2026083000, 03, AVNO,  54, 295N,  936W,  15, 1014, XX,  34, NEQ,    0,    0,    0,    0,  -99,  -99,  60,   0,   0, 
AL, 05, 2026083000, 03, HCCA,   0, 283N,  879W,  20,    0,   ,   0,    ,    0,    0,    0,    0, 
AL, 05, 2026083000, 03, HCCA,  12, 284N,  890W,  21,    0,   ,   0,    ,    0,    0,    0,    0, 
AL, 05, 2026083000, 03, HCCA,  24, 288N,  899W,  19,    0,   ,   0,    ,    0,    0,    0,    0, 
AL, 05, 2026083000, 03, HCCA,  36, 296N,  910W,  18,    0,   ,   0,    ,    0,    0,    0,    0, 
AL, 05, 2026083000, 03, HCCA,  48, 302N,  921W,  20,    0,   ,   0,    ,    0,    0,    0,    0, 
AL, 05, 2026083000, 03, HFSA,   0, 281N,  878W,  20, 1015, XX,  34, NEQ,    0,    0,    0,    0,  -99,  -99,  52,   0,   0,    ,   0,    , 235,   4,           ,  ,  0,    ,    0,    0,    0,    0, THERMO PARAMS, 37, 304, -10, N, 10, DT, -999, SHR82, -99, 
AL, 05, 2026083000, 03, HFSA,   6, 281N,  890W,  35, 1010, XX,  34, NEQ,    0,    0,    0,    0, 1014,    9,  80,   0,   0,    ,   0,    , 271,   8,           ,  ,  0,    ,    0,    0,    0,    0, THERMO PARAMS, -7, 33, 424, N, 10, DT, -999, SHR82, -99, 
AL, 05, 2026083000, 03, HFSA,  12, 283N,  896W,  33, 1010, XX,  34, NEQ,    0,    0,    0,    0, 1014,    4,  84,   0,   0,    ,   0,    , 295,   5,           ,  ,  0,    ,    0,    0,    0,    0, THERMO PARAMS, -24, -91, 483, N, 10, DT, -999, SHR82, -99, 
AL, 05, 2026083000, 03, HFSA,  18, 286N,  898W,  41, 1012, XX,  34, NEQ,   65,    0,    0,    0,  -99,  -99,  66,   0,   0,    ,   0,    , 307,   4,           ,  ,  0,    ,    0,    0,    0,    0, THERMO PARAMS, -62, 300, 165, N, 10, DT, -999, SHR82, -99, 
AL, 05, 2026083000, 03, HFSA,  24, 287N,  906W,  19, 1012, XX,  34, NEQ,    0,    0,    0,    0,  -99,  -99,  45,   0,   0,    ,   0,    , 265,   6,           ,  ,  0,    ,    0,    0,    0,    0, THERMO PARAMS, 36, 207, 29, N, 10, DT, -999, SHR82, -99, 
AL, 05, 2026083000, 03, HFSA,  30, 287N,  918W,  19, 1013, XX,  34, NEQ,    0,    0,    0,    0,  -99,  -99,  32,   0,   0,    ,   0,    , 276,   9,           ,  ,  0,    ,    0,    0,    0,    0, THERMO PARAMS, 68, -54, 81, N, 10, DT, -999, SHR82, -99, 
AL, 05, 2026083000, 03, HFSA,  36, 291N,  924W,  20, 1014, XX,  34, NEQ,    0,    0,    0,    0,  -99,  -99,  79,   0,   0,    ,   0,    , 294,   6,           ,  ,  0,    ,    0,    0,    0,    0, THERMO PARAMS, 31, -409, 266, N, 10, DT, -999, SHR82, -99, 
AL, 05, 2026083000, 03, HFSA,  42, 295N,  929W,  32, 1011, XX,  34, NEQ,    0,    0,    0,    0, 1015,    4,  62,   0,   0,    ,   0,    , 298,   5,           ,  ,  0,    ,    0,    0,    0,    0, THERMO PARAMS, 13, -112, 402, N, 10, DT, -999, SHR82, -99, 
AL, 05, 2026083000, 03, HFSA,  48, 293N,  934W,  22, 1013, XX,  34, NEQ,    0,    0,    0,    0,  -99,  -99, 123,   0,   0,    ,   0,    , 236,   6,           ,  ,  0,    ,    0,    0,    0,    0, THERMO PARAMS, 127, -1, 264, N, 10, DT, -999, SHR82, -99, 
AL, 05, 2026083000, 03, HFSA,  54, 295N,  942W,  15, 1013, XX,  34, NEQ,    0,    0,    0,    0,  -99,  -99,  60,   0,   0,    ,   0,    , 288,   9,           ,  ,  0,    ,    0,    0,    0,    0, THERMO PARAMS, 33, -339, 233, N, 10, DT, -999, SHR82, -99, 
AL, 05, 2026083000, 03, HFSA,  60, 294N,  953W,  20, 1014, XX,  34, NEQ,    0,    0,    0,    0,  -99,  -99, 162,   0,   0,    ,   0,    , 273,   7,           ,  ,  0,    ,    0,    0,    0,    0, THERMO PARAMS, 119, -444, 351, N, 10, DT, -999, SHR82, -99, 
AL, 05, 2026083000, 03, HFSA,  66, 304N,  955W,  19, 1013, XX,  34, NEQ,    0,    0,    0,    0,  -99,  -99, 126,   0,   0,    ,   0,    , 345,   8,           ,  ,  0,    ,    0,    0,    0,    0, THERMO PARAMS, -98, -5, 197, N, 10, DT, -999, SHR82, -99, 
AL, 05, 2026083000, 03, HFSA,  72, 304N,  964W,  33, 1010, XX,  34, NEQ,    0,    0,    0,    0,  -99,  -99, 119,   0,   0,    ,   0,    , 251,   9,           ,  ,  0,    ,    0,    0,    0,    0, THERMO PARAMS, 203, -2, 270, N, 10, DT, -999, SHR82, -99, 
AL, 05, 2026083000, 03, HFSA,  78, 292N,  972W,  17, 1013, XX,  34, NEQ,    0,    0,    0,    0,  -99,  -99, 155,   0,   0,    ,   0,    , 234,   8,           ,  ,  0,    ,    0,    0,    0,    0, THERMO PARAMS, 150, -321, 163, N, 10, DT, -999, SHR82, -99, 
AL, 05, 2026083000, 03, TVCN,   0, 283N,  879W,   0,    0,   ,   0,    ,    0,    0,    0,    0, 
AL, 05, 2026083000, 03, TVCN,  12, 285N,  889W,   0,    0,   ,   0,    ,    0,    0,    0,    0, 
AL, 05, 2026083000, 03, TVCN,  24, 290N,  899W,   0,    0,   ,   0,    ,    0,    0,    0,    0, 
AL, 05, 2026083000, 03, TVCN,  36, 298N,  910W,   0,    0,   ,   0,    ,    0,    0,    0,    0, 
AL, 05, 2026083000, 03, TVCN,  48, 304N,  920W,   0,    0,   ,   0,    ,    0,    0,    0,    0, 
AL, 05, 2026083000, 03, TVCN,  60, 311N,  931W,   0,    0,   ,   0,    ,    0,    0,    0,    0, 
AL, 05, 2026083006, 03, AVNO,   0, 280N,  890W,  19, 1014, XX,  34, NEQ,    0,    0,    0,    0,  -99,  -99,  63,   0,   0, 
AL, 05, 2026083006, 03, AVNO,   6, 281N,  894W,  18, 1014, XX,  34, NEQ,    0,    0,    0,    0,  -99,  -99,  68,   0,   0, 
AL, 05, 2026083006, 03, AVNO,  12, 281N,  896W,  19, 1015, XX,  34, NEQ,    0,    0,    0,    0,  -99,  -99,  36,   0,   0, 
AL, 05, 2026083006, 03, AVNO,  18, 281N,  901W,  19, 1013, XX,  34, NEQ,    0,    0,    0,    0,  -99,  -99,  43,   0,   0, 
AL, 05, 2026083006, 03, AVNO,  24, 283N,  909W,  20, 1013, XX,  34, NEQ,    0,    0,    0,    0,  -99,  -99,  67,   0,   0, 
AL, 05, 2026083006, 03, AVNO,  30, 287N,  915W,  22, 1013, XX,  34, NEQ,    0,    0,    0,    0,  -99,  -99,  15,   0,   0, 
AL, 05, 2026083006, 03, AVNO,  36, 289N,  921W,  26, 1013, XX,  34, NEQ,    0,    0,    0,    0,  -99,  -99,  17,   0,   0, 
AL, 05, 2026083006, 03, AVNO,  42, 292N,  927W,  31, 1010, XX,  34, NEQ,    0,    0,    0,    0,  -99,  -99,  26,   0,   0, 
AL, 05, 2026083006, 03, AVNO,  48, 296N,  938W,  22, 1012, XX,  34, NEQ,    0,    0,    0,    0,  -99,  -99,  41,   0,   0, 
AL, 05, 2026083006, 03, AVNO,  54, 301N,  945W,  20, 1013, XX,  34, NEQ,    0,    0,    0,    0,  -99,  -99,  51,   0,   0, 
AL, 05, 2026083006, 03, AVNO,  60, 304N,  951W,  14, 1013, XX,  34, NEQ,    0,    0,    0,    0,  -99,  -99,  94,   0,   0, 
AL, 05, 2026083006, 03, AVNO,  66, 308N,  954W,  19, 1012, XX,  34, NEQ,    0,    0,    0,    0,  -99,  -99, 110,   0,   0, 
AL, 05, 2026083006, 03, AVNO,  72, 314N,  962W,  15, 1015, XX,  34, NEQ,    0,    0,    0,    0,  -99,  -99, 155,   0,   0, 
AL, 05, 2026083006, 03, AVNO,  78, 324N,  969W,  11, 1012, XX,  34, NEQ,    0,    0,    0,    0,  -99,  -99, 158,   0,   0, 
AL, 05, 2026083006, 03, AVNO,  84, 331N,  975W,  15, 1008, XX,  34, NEQ,    0,    0,    0,    0,  -99,  -99,  66,   0,   0, 
AL, 05, 2026083006, 03, AVNO,  90, 329N,  980W,  22, 1002, XX,  34, NEQ,    0,    0,    0,    0,  -99,  -99,  31,   0,   0, 
AL, 05, 2026083006, 03, AVNO,  96, 329N,  977W,  17, 1007, XX,  34, NEQ,    0,    0,    0,    0,  -99,  -99, 135,   0,   0, 
AL, 05, 2026083006, 03, HCCA,   0, 280N,  887W,  20,    0,   ,   0,    ,    0,    0,    0,    0, 
AL, 05, 2026083006, 03, HCCA,  12, 281N,  897W,  20,    0,   ,   0,    ,    0,    0,    0,    0, 
AL, 05, 2026083006, 03, HCCA,  24, 284N,  907W,  21,    0,   ,   0,    ,    0,    0,    0,    0, 
AL, 05, 2026083006, 03, HCCA,  36, 290N,  918W,  21,    0,   ,   0,    ,    0,    0,    0,    0, 
AL, 05, 2026083006, 03, HCCA,  48, 294N,  931W,  22,    0,   ,   0,    ,    0,    0,    0,    0, 
AL, 05, 2026083006, 03, HFSA,   0, 280N,  888W,  20, 1013, XX,  34, NEQ,    0,    0,    0,    0,  -99,  -99,  65,   0,   0,    ,   0,    , 265,   5,           ,  ,  0,    ,    0,    0,    0,    0, THERMO PARAMS, 7, 358, 321, N, 10, DT, -999, SHR82, -99, 
AL, 05, 2026083006, 03, HFSA,   6, 280N,  894W,  31, 1013, XX,  34, NEQ,    0,    0,    0,    0,  -99,  -99,  75,   0,   0,    ,   0,    , 272,   3,           ,  ,  0,    ,    0,    0,    0,    0, THERMO PARAMS, 8, 159, 123, N, 10, DT, -999, SHR82, -99, 
AL, 05, 2026083006, 03, HFSA,  12, 283N,  897W,  33, 1011, XX,  34, NEQ,    0,    0,    0,    0,  -99,  -99,  55,   0,   0,    ,   0,    , 288,   4,           ,  ,  0,    ,    0,    0,    0,    0, THERMO PARAMS, -12, 273, 411, N, 10, DT, -999, SHR82, -99, 
AL, 05, 2026083006, 03, HFSA,  18, 284N,  903W,  25, 1012, XX,  34, NEQ,    0,    0,    0,    0,  -99,  -99,  48,   0,   0,    ,   0,    , 268,   6,           ,  ,  0,    ,    0,    0,    0,    0, THERMO PARAMS, 16, 201, 106, N, 10, DT, -999, SHR82, -99, 
AL, 05, 2026083006, 03, HFSA,  24, 284N,  911W,  37, 1012, XX,  34, NEQ,    0,    0,    0,    0,  -99,  -99,  59,   0,   0,    ,   0,    , 284,   7,           ,  ,  0,    ,    0,    0,    0,    0, THERMO PARAMS, 27, -243, 242, N, 10, DT, -999, SHR82, -99, 
AL, 05, 2026083006, 03, HFSA,  30, 289N,  917W,  34, 1011, XX,  34, NEQ,    0,    0,    0,    0, 1015,   70,  20,   0,   0,    ,   0,    , 312,   5,           ,  ,  0,    ,    0,    0,    0,    0, THERMO PARAMS, -7, -211, 307, N, 10, DT, -999, SHR82, -99, 
AL, 05, 2026083006, 03, HFSA,  36, 292N,  920W,  21, 1015, XX,  34, NEQ,    0,    0,    0,    0,  -99,  -99,  28,   0,   0,    ,   0,    , 303,   4,           ,  ,  0,    ,    0,    0,    0,    0, THERMO PARAMS, -10, -168, 238, N, 10, DT, -999, SHR82, -99, 
AL, 05, 2026083006, 03, HFSA,  42, 293N,  927W,  21, 1013, XX,  34, NEQ,    0,    0,    0,    0,  -99,  -99,  16,   0,   0,    ,   0,    , 274,   6,           ,  ,  0,    ,    0,    0,    0,    0, THERMO PARAMS, 74, -206, 276, N, 10, DT, -999, SHR82, -99, 
AL, 05, 2026083006, 03, HFSA,  48, 295N,  937W,  19, 1013, XX,  34, NEQ,    0,    0,    0,    0,  -99,  -99,  22,   0,   0,    ,   0,    , 287,   9,           ,  ,  0,    ,    0,    0,    0,    0, THERMO PARAMS, 44, -417, 450, N, 10, DT, -999, SHR82, -99, 
AL, 05, 2026083006, 03, HFSA,  54, 298N,  944W,  24, 1011, XX,  34, NEQ,    0,    0,    0,    0, 1015,   14,  31,   0,   0,    ,   0,    , 297,   6,           ,  ,  0,    ,    0,    0,    0,    0, THERMO PARAMS, 66, -564, 551, N, 10, DT, -999, SHR82, -99, 
AL, 05, 2026083006, 03, HFSA,  60, 304N,  950W,  25, 1013, XX,  34, NEQ,    0,    0,    0,    0,  -99,  -99, 125,   0,   0,    ,   0,    , 308,   7,           ,  ,  0,    ,    0,    0,    0,    0, THERMO PARAMS, 47, -259, 505, N, 10, DT, -999, SHR82, -99, 
AL, 05, 2026083006, 03, HFSA,  66, 306N,  954W,  23, 1010, XX,  34, NEQ,    0,    0,    0,    0,  -99,  -99, 122,   0,   0,    ,   0,    , 273,   4,           ,  ,  0,    ,    0,    0,    0,    0, THERMO PARAMS, 159, -293, 285, N, 10, DT, -999, SHR82, -99, 
AL, 05, 2026083006, 03, HFSA,  72, 303N,  964W,  15, 1013, XX,  34, NEQ,    0,    0,    0,    0,  -99,  -99, 156,   0,   0,    ,   0,    , 282,   8,           ,  ,  0,    ,    0,    0,    0,    0, THERMO PARAMS, 79, -524, 368, N, 10, DT, -999, SHR82, -99, 
AL, 05, 2026083006, 03, HFSA,  78, 306N,  973W,  16, 1014, XX,  34, NEQ,    0,    0,    0,    0,  -99,  -99, 113,   0,   0,    ,   0,    , 298,   6,           ,  ,  0,    ,    0,    0,    0,    0, THERMO PARAMS, 53, -471, 385, N, 10, DT, -999, SHR82, -99, 
AL, 05, 2026083006, 03, TVCN,   0, 280N,  887W,   0,    0,   ,   0,    ,    0,    0,    0,    0, 
AL, 05, 2026083006, 03, TVCN,  12, 282N,  897W,   0,    0,   ,   0,    ,    0,    0,    0,    0, 
AL, 05, 2026083006, 03, TVCN,  24, 286N,  907W,   0,    0,   ,   0,    ,    0,    0,    0,    0, 
AL, 05, 2026083006, 03, TVCN,  36, 292N,  918W,   0,    0,   ,   0,    ,    0,    0,    0,    0, 
AL, 05, 2026083006, 03, TVCN,  48, 296N,  931W,   0,    0,   ,   0,    ,    0,    0,    0,    0, 
AL, 05, 2026083006, 03, TVCN,  60, 301N,  942W,   0,    0,   ,   0,    ,    0,    0,    0,    0, 
AL, 05, 2026083012, 03,  UKX,   0, 280N,  891W,  16, 1015, XX,  34, NEQ,    0,    0,    0,    0, 
AL, 05, 2026083012, 03,  UKX,   6, 280N,  892W,  19, 1014, XX,  34, NEQ,    0,    0,    0,    0, 
AL, 05, 2026083012, 03,  UKX,  12, 279N,  896W,  20, 1014, XX,  34, NEQ,    0,    0,    0,    0, 
AL, 05, 2026083012, 03,  UKX,  18, 279N,  904W,  19, 1013, XX,  34, NEQ,    0,    0,    0,    0, 
AL, 05, 2026083012, 03,  UKX,  24, 282N,  908W,  18, 1014, XX,  34, NEQ,    0,    0,    0,    0, 
AL, 05, 2026083012, 03,  UKX,  30, 284N,  911W,  22, 1013, XX,  34, NEQ,    0,    0,    0,    0, 
AL, 05, 2026083012, 03,  UKX,  36, 285N,  919W,  24, 1012, XX,  34, NEQ,    0,    0,    0,    0, 
AL, 05, 2026083012, 03,  UKX,  42, 287N,  928W,  21, 1012, XX,  34, NEQ,    0,    0,    0,    0, 
AL, 05, 2026083012, 03,  UKX,  48, 293N,  934W,  25, 1012, XX,  34, NEQ,    0,    0,    0,    0, 
AL, 05, 2026083012, 03,  UKX,  54, 297N,  939W,  22, 1013, XX,  34, NEQ,    0,    0,    0,    0, 
AL, 05, 2026083012, 03,  UKX,  60, 300N,  947W,  16, 1011, XX,  34, NEQ,    0,    0,    0,    0, 
AL, 05, 2026083012, 03,  UKX,  66, 307N,  954W,  18, 1012, XX,  34, NEQ,    0,    0,    0,    0, 
AL, 05, 2026083012, 03,  UKX,  72, 315N,  957W,  15, 1012, XX,  34, NEQ,    0,    0,    0,    0, 
AL, 05, 2026083012, 03, AVNO,   0, 279N,  894W,  16, 1014, XX,  34, NEQ,    0,    0,    0,    0,  -99,  -99,  58,   0,   0, 
AL, 05, 2026083012, 03, AVNO,   6, 278N,  895W,  16, 1014, XX,  34, NEQ,    0,    0,    0,    0,  -99,  -99,  57,   0,   0, 
AL, 05, 2026083012, 03, AVNO,  12, 278N,  899W,  21, 1013, XX,  34, NEQ,    0,    0,    0,    0,  -99,  -99,  41,   0,   0, 
AL, 05, 2026083012, 03, AVNO,  18, 280N,  906W,  22, 1013, XX,  34, NEQ,    0,    0,    0,    0,  -99,  -99,  36,   0,   0, 
AL, 05, 2026083012, 03, AVNO,  24, 284N,  912W,  23, 1013, XX,  34, NEQ,    0,    0,    0,    0,  -99,  -99,  31,   0,   0, 
AL, 05, 2026083012, 03, AVNO,  30, 287N,  918W,  22, 1014, XX,  34, NEQ,    0,    0,    0,    0,  -99,  -99,  36,   0,   0, 
AL, 05, 2026083012, 03, AVNO,  36, 289N,  925W,  25, 1012, XX,  34, NEQ,    0,    0,    0,    0,  -99,  -99,  52,   0,   0, 
AL, 05, 2026083012, 03, AVNO,  42, 293N,  935W,  26, 1012, XX,  34, NEQ,    0,    0,    0,    0,  -99,  -99,  28,   0,   0, 
AL, 05, 2026083012, 03, AVNO,  48, 300N,  942W,  17, 1012, XX,  34, NEQ,    0,    0,    0,    0,  -99,  -99,  59,   0,   0, 
AL, 05, 2026083012, 03, AVNO,  54, 305N,  949W,  16, 1013, XX,  34, NEQ,    0,    0,    0,    0,  -99,  -99,  39,   0,   0, 
AL, 05, 2026083012, 03, AVNO,  60, 308N,  955W,  18, 1012, XX,  34, NEQ,    0,    0,    0,    0,  -99,  -99,  96,   0,   0, 
AL, 05, 2026083012, 03, AVNO,  66, 315N,  964W,  17, 1012, XX,  34, NEQ,    0,    0,    0,    0,  -99,  -99, 147,   0,   0, 
AL, 05, 2026083012, 03, AVNO,  72, 320N,  970W,  12, 1012, XX,  34, NEQ,    0,    0,    0,    0,  -99,  -99,  28,   0,   0, 
AL, 05, 2026083012, 03, AVNO,  78, 325N,  972W,  17, 1008, XX,  34, NEQ,    0,    0,    0,    0,  -99,  -99,  25,   0,   0, 
AL, 05, 2026083012, 03, AVNO,  84, 327N,  975W,  20, 1010, XX,  34, NEQ,    0,    0,    0,    0,  -99,  -99,  85,   0,   0, 
AL, 05, 2026083012, 03, AVNO,  90, 336N,  980W,  18, 1009, XX,  34, NEQ,    0,    0,    0,    0,  -99,  -99, 155,   0,   0, 
AL, 05, 2026083012, 03, AVNO,  96, 346N,  981W,  14, 1007, XX,  34, NEQ,    0,    0,    0,    0,  -99,  -99, 157,   0,   0, 
AL, 05, 2026083012, 03, HCCA,   0, 279N,  893W,  20,    0,   ,   0,    ,    0,    0,    0,    0, 
AL, 05, 2026083012, 03, HCCA,  12, 279N,  901W,  23,    0,   ,   0,    ,    0,    0,    0,    0, 
AL, 05, 2026083012, 03, HCCA,  24, 282N,  912W,  25,    0,   ,   0,    ,    0,    0,    0,    0, 
AL, 05, 2026083012, 03, HCCA,  36, 286N,  923W,  25,    0,   ,   0,    ,    0,    0,    0,    0, 
AL, 05, 2026083012, 03, HCCA,  48, 292N,  937W,  24,    0,   ,   0,    ,    0,    0,    0,    0, 
AL, 05, 2026083012, 03, HCCA,  60, 299N,  948W,  23,    0,   ,   0,    ,    0,    0,    0,    0, 
AL, 05, 2026083012, 03, HCCA,  72, 308N,  959W,  25,    0,   ,   0,    ,    0,    0,    0,    0, 
AL, 05, 2026083012, 03, HFSA,   0, 278N,  893W,  20, 1014, XX,  34, NEQ,    0,    0,    0,    0,  -99,  -99,  57,   0,   0,    ,   0,    , 263,   6,           ,  ,  0,    ,    0,    0,    0,    0, THERMO PARAMS, -4, 263, 88, N, 10, DT, -999, SHR82, -99, 
AL, 05, 2026083012, 03, HFSA,   6, 280N,  893W,  36, 1011, XX,  34, NEQ,    0,    0,    0,    0,  -99,  -99, 100,   0,   0,    ,   0,    , 316,   4,           ,  ,  0,    ,    0,    0,    0,    0, THERMO PARAMS, -49, 180, 557, N, 10, DT, -999, SHR82, -99, 
AL, 05, 2026083012, 03, HFSA,  12, 282N,  898W,  29, 1010, XX,  34, NEQ,    0,    0,    0,    0,  -99,  -99,  23,   0,   0,    ,   0,    , 268,   6,           ,  ,  0,    ,    0,    0,    0,    0, THERMO PARAMS, 10, 61, 372, N, 10, DT, -999, SHR82, -99, 
AL, 05, 2026083012, 03, HFSA,  18, 283N,  905W,  39, 1010, XX,  34, NEQ,   29,   50,    0,    0, 1014,   88,  27,   0,   0,    ,   0,    , 293,   8,           ,  ,  0,    ,    0,    0,    0,    0, THERMO PARAMS, -16, -319, 386, N, 10, DT, -999, SHR82, -99, 
AL, 05, 2026083012, 03, HFSA,  24, 285N,  911W,  32, 1008, XX,  34, NEQ,    0,    0,    0,    0, 1012,   10,  40,   0,   0,    ,   0,    , 287,   5,           ,  ,  0,    ,    0,    0,    0,    0, THERMO PARAMS, 28, 4, 499, N, 10, DT, -999, SHR82, -99, 
AL, 05, 2026083012, 03, HFSA,  30, 288N,  915W,  35, 1011, XX,  34, NEQ,    0,    0,    0,    0, 1015,   19,  71,   0,   0,    ,   0,    , 297,   5,           ,  ,  0,    ,    0,    0,    0,    0, THERMO PARAMS, -2, -41, 883, N, 10, DT, -999, SHR82, -99, 
AL, 05, 2026083012, 03, HFSA,  36, 292N,  921W,  31, 1007, XX,  34, NEQ,    0,    0,    0,    0, 1011,    9,   7,   0,   0,    ,   0,    , 289,   6,           ,  ,  0,    ,    0,    0,    0,    0, THERMO PARAMS, 45, -96, 854, N, 10, DT, -999, SHR82, -99, 
AL, 05, 2026083012, 03, HFSA,  42, 297N,  932W,  29, 1007, XX,  34, NEQ,    0,    0,    0,    0, 1011,    9,   9,   0,   0,    ,   0,    , 287,  11,           ,  ,  0,    ,    0,    0,    0,    0, THERMO PARAMS, 45, -73, 600, N, 10, DT, -999, SHR82, -99, 
AL, 05, 2026083012, 03, HFSA,  48, 301N,  941W,  32, 1009, XX,  34, NEQ,    0,    0,    0,    0, 1013,   14,  59,   0,   0,    ,   0,    , 302,   7,           ,  ,  0,    ,    0,    0,    0,    0, THERMO PARAMS, 49, -379, 830, N, 10, DT, -999, SHR82, -99, 
AL, 05, 2026083012, 03, HFSA,  54, 305N,  947W,  26, 1013, XX,  34, NEQ,    0,    0,    0,    0,  -99,  -99,  97,   0,   0,    ,   0,    , 305,   8,           ,  ,  0,    ,    0,    0,    0,    0, THERMO PARAMS, 35, -407, 580, N, 10, DT, -999, SHR82, -99, 
AL, 05, 2026083012, 03, HFSA,  60, 308N,  951W,  24, 1011, XX,  34, NEQ,    0,    0,    0,    0,  -99,  -99, 125,   0,   0,    ,   0,    , 300,   4,           ,  ,  0,    ,    0,    0,    0,    0, THERMO PARAMS, -9999, -9999, -9999, N, 10, DT, -999, SHR82, -99, 
AL, 05, 2026083012, 03, HFSA,  66, 311N,  959W,  15, 1013, XX,  34, NEQ,    0,    0,    0,    0,  -99,  -99, 150,   0,   0,    ,   0,    , 289,   7,           ,  ,  0,    ,    0,    0,    0,    0, THERMO PARAMS, 32, -389, 496, N, 10, DT, -999, SHR82, -99, 
AL, 05, 2026083012, 03, HFSA,  72, 315N,  963W,  17, 1014, XX,  34, NEQ,    0,    0,    0,    0,  -99,  -99, 138,   0,   0,    ,   0,    , 308,   4,           ,  ,  0,    ,    0,    0,    0,    0, THERMO PARAMS, 19, -509, 653, N, 10, DT, -999, SHR82, -99, 
AL, 05, 2026083012, 03, HFSA,  78, 320N,  965W,  17, 1011, XX,  34, NEQ,    0,    0,    0,    0,  -99,  -99,  18,   0,   0,    ,   0,    , 327,   3,           ,  ,  0,    ,    0,    0,    0,    0, THERMO PARAMS, -87, -126, 167, N, 10, DT, -999, SHR82, -99, 
AL, 05, 2026083012, 03, HFSA,  84, 318N,  978W,  25, 1007, XX,  34, NEQ,    0,    0,    0,    0,  -99,  -99,  76,   0,   0,    ,   0,    , 286,   5,           ,  ,  0,    ,    0,    0,    0,    0, THERMO PARAMS, 86, -790, 760, N, 10, DT, -999, SHR82, -99, 
AL, 05, 2026083012, 03, HFSA,  90, 321N,  979W,  17, 1010, XX,  34, NEQ,    0,    0,    0,    0,  -99,  -99, 109,   0,   0,    ,   0,    , 252,   3,           ,  ,  0,    ,    0,    0,    0,    0, THERMO PARAMS, 235, -246, 218, N, 10, DT, -999, SHR82, -99, 
AL, 05, 2026083012, 03, HFSA,  96, 330N,  986W,  17, 1010, XX,  34, NEQ,    0,    0,    0,    0,  -99,  -99, 152,   0,   0,    ,   0,    , 313,   7,           ,  ,  0,    ,    0,    0,    0,    0, THERMO PARAMS, -9999, -9999, -9999, N, 10, DT, -999, SHR82, -99, 
AL, 05, 2026083012, 03, HFSA, 102, 333N,  988W,  17, 1006, XX,  34, NEQ,    0,    0,    0,    0,  -99,  -99, 113,   0,   0,    ,   0,    , 310,   3,           ,  ,  0,    ,    0,    0,    0,    0, THERMO PARAMS, -9999, -9999, -9999, N, 10, DT, -999, SHR82, -99, 
AL, 05, 2026083012, 03, HFSA, 108, 332N, 1000W,  29, 1002, XX,  34, NEQ,    0,    0,    0,    0,  -99,  -99,  27,   0,   0,    ,   0,    , 287,  10,           ,  ,  0,    ,    0,    0,    0,    0, THERMO PARAMS, 146, -857, 616, N, 10, DT, -999, SHR82, -99, 
AL, 05, 2026083012, 03, HFSA, 114, 343N, 1023W,  16, 1006, XX,  34, NEQ,    0,    0,    0,    0,  -99,  -99, 153,   0,   0,    ,   0,    , 298,  18,           ,  ,  0,    ,    0,    0,    0,    0, THERMO PARAMS, 38, 258, -265, N, 10, DT, -999, SHR82, -99, 
AL, 05, 2026083012, 03, HFSA, 120, 354N, 1023W,  14, 1007, XX,  34, NEQ,    0,    0,    0,    0,  -99,  -99, 101,   0,   0,    ,   0,    ,  28,   9,           ,  ,  0,    ,    0,    0,    0,    0, THERMO PARAMS, -41, 167, -408, N, 10, DT, -999, SHR82, -99, 
AL, 05, 2026083012, 03, HFSA, 126, 353N, 1015W,  13, 1004, XX,  34, NEQ,    0,    0,    0,    0,  -99,  -99, 146,   0,   0,    ,   0,    , -99, -99,           ,  ,  0,    ,    0,    0,    0,    0, THERMO PARAMS, -9999, -9999, -9999, N, 10, DT, -999, SHR82, -99, 
AL, 05, 2026083012, 03, TVCN,   0, 279N,  893W,   0,    0,   ,   0,    ,    0,    0,    0,    0, 
AL, 05, 2026083012, 03, TVCN,  12, 280N,  902W,   0,    0,   ,   0,    ,    0,    0,    0,    0, 
AL, 05, 2026083012, 03, TVCN,  24, 285N,  913W,   0,    0,   ,   0,    ,    0,    0,    0,    0, 
AL, 05, 2026083012, 03, TVCN,  36, 290N,  925W,   0,    0,   ,   0,    ,    0,    0,    0,    0, 
AL, 05, 2026083012, 03, TVCN,  48, 296N,  938W,   0,    0,   ,   0,    ,    0,    0,    0,    0, 
AL, 05, 2026083012, 03, TVCN,  60, 302N,  949W,   0,    0,   ,   0,    ,    0,    0,    0,    0, 
AL, 05, 2026083012, 03, TVCN,  72, 308N,  961W,   0,    0,   ,   0,    ,    0,    0,    0,    0, 
AL, 05, 2026083012, 03, TVCN,  84, 315N,  972W,   0,    0,   ,   0,    ,    0,    0,    0,    0, 
AL, 05, 2026083018, 03, AVNO,   0, 278N,  896W,  17, 1014, XX,  34, NEQ,    0,    0,    0,    0,  -99,  -99,  58,   0,   0, 
AL, 05, 2026083018, 03, AVNO,   6, 278N,  900W,  21, 1012, XX,  34, NEQ,    0,    0,    0,    0,  -99,  -99,  44,   0,   0, 
AL, 05, 2026083018, 03, AVNO,  12, 280N,  907W,  22, 1013, XX,  34, NEQ,    0,    0,    0,    0,  -99,  -99,  34,   0,   0, 
AL, 05, 2026083018, 03, AVNO,  18, 284N,  913W,  22, 1012, XX,  34, NEQ,    0,    0,    0,    0,  -99,  -99,  28,   0,   0, 
AL, 05, 2026083018, 03, AVNO,  24, 287N,  920W,  21, 1013, XX,  34, NEQ,    0,    0,    0,    0,  -99,  -99,  34,   0,   0, 
AL, 05, 2026083018, 03, AVNO,  30, 290N,  927W,  26, 1010, XX,  34, NEQ,    0,    0,    0,    0,  -99,  -99,  21,   0,   0, 
AL, 05, 2026083018, 03, AVNO,  36, 293N,  937W,  33, 1008, XX,  34, NEQ,    0,    0,    0,    0, 1012,   18,  16,   0,   0, 
AL, 05, 2026083018, 03, AVNO,  42, 300N,  946W,  25, 1006, XX,  34, NEQ,    0,    0,    0,    0, 1014,   40,  20,   0,   0, 
AL, 05, 2026083018, 03, AVNO,  48, 306N,  953W,  18, 1010, XX,  34, NEQ,    0,    0,    0,    0,  -99,  -99,  11,   0,   0, 
AL, 05, 2026083018, 03, AVNO,  54, 312N,  959W,  21, 1011, XX,  34, NEQ,    0,    0,    0,    0,  -99,  -99,  67,   0,   0, 
AL, 05, 2026083018, 03, AVNO,  60, 319N,  968W,  15, 1012, XX,  34, NEQ,    0,    0,    0,    0,  -99,  -99,  53,   0,   0, 
AL, 05, 2026083018, 03, AVNO,  66, 327N,  973W,  16, 1011, XX,  34, NEQ,    0,    0,    0,    0,  -99,  -99,  41,   0,   0, 
AL, 05, 2026083018, 03, AVNO,  72, 334N,  977W,  16, 1007, XX,  34, NEQ,    0,    0,    0,    0,  -99,  -99,  81,   0,   0, 
AL, 05, 2026083018, 03, AVNO,  78, 339N,  981W,  20, 1001, XX,  34, NEQ,    0,    0,    0,    0,  -99,  -99,  42,   0,   0, 
AL, 05, 2026083018, 03, AVNO,  84, 349N,  980W,  20, 1008, XX,  34, NEQ,    0,    0,    0,    0,  -99,  -99, 157,   0,   0, 
AL, 05, 2026083018, 03, AVNO,  90, 364N,  977W,  15, 1005, XX,  34, NEQ,    0,    0,    0,    0,  -99,  -99, 162,   0,   0, 
AL, 05, 2026083018, 03, AVNO,  96, 380N,  988W,  17, 1001, XX,  34, NEQ,    0,    0,    0,    0,  -99,  -99, 154,   0,   0, 
AL, 05, 2026083018, 03, AVNO, 102, 391N, 1009W,  27,  997, XX,  34, NEQ,    0,    0,    0,    0,  -99,  -99, 118,   0,   0, 
AL, 05, 2026083018, 03, AVNO, 108, 392N, 1011W,  21, 1002, XX,  34, NEQ,    0,    0,    0,    0,  -99,  -99, 150,   0,   0, 
AL, 05, 2026083018, 03, AVNO, 114, 409N, 1005W,  15, 1004, XX,  34, NEQ,    0,    0,    0,    0,  -99,  -99, 156,   0,   0, 
AL, 05, 2026083018, 03, AVNO, 120, 418N,  991W,  15, 1003, XX,  34, NEQ,    0,    0,    0,    0,  -99,  -99, 157,   0,   0, 
AL, 05, 2026083018, 03, HCCA,   0, 277N,  895W,  20,    0,   ,   0,    ,    0,    0,    0,    0, 
AL, 05, 2026083018, 03, HCCA,  12, 278N,  904W,  24,    0,   ,   0,    ,    0,    0,    0,    0, 
AL, 05, 2026083018, 03, HCCA,  24, 283N,  914W,  27,    0,   ,   0,    ,    0,    0,    0,    0, 
AL, 05, 2026083018, 03, HCCA,  36, 289N,  926W,  29,    0,   ,   0,    ,    0,    0,    0,    0, 
AL, 05, 2026083018, 03, HCCA,  48, 298N,  939W,  26,    0,   ,   0,    ,    0,    0,    0,    0, 
AL, 05, 2026083018, 03, HCCA,  60, 307N,  952W,  21,    0,   ,   0,    ,    0,    0,    0,    0, 
AL, 05, 2026083018, 03, HCCA,  72, 315N,  960W,  22,    0,   ,   0,    ,    0,    0,    0,    0, 
AL, 05, 2026083018, 03, HCCA,  84, 323N,  968W,  24,    0,   ,   0,    ,    0,    0,    0,    0, 
AL, 05, 2026083018, 03, HCCA,  96, 331N,  977W,  29,    0,   ,   0,    ,    0,    0,    0,    0, 
AL, 05, 2026083018, 03, HFSA,   0, 277N,  894W,  21, 1012, XX,  34, NEQ,    0,    0,    0,    0, 1016,   63,  60,   0,   0,    ,   0,    , 266,   4,           ,  ,  0,    ,    0,    0,    0,    0, THERMO PARAMS, -12, 450, 347, N, 10, DT, -999, SHR82, -99, 
AL, 05, 2026083018, 03, HFSA,   6, 279N,  898W,  27, 1011, XX,  34, NEQ,    0,    0,    0,    0,  -99,  -99, 122,   0,   0,    ,   0,    , 263,   4,           ,  ,  0,    ,    0,    0,    0,    0, THERMO PARAMS, 14, 315, 59, N, 10, DT, -999, SHR82, -99, 
AL, 05, 2026083018, 03, HFSA,  12, 282N,  908W,  35, 1010, XX,  34, NEQ,    0,    0,    0,    0,  -99,  -99,  29,   0,   0,    ,   0,    , 289,  10,           ,  ,  0,    ,    0,    0,    0,    0, THERMO PARAMS, 6, -94, 568, N, 10, DT, -999, SHR82, -99, 
AL, 05, 2026083018, 03, HFSA,  18, 287N,  913W,  34, 1012, XX,  34, NEQ,    0,    0,    0,    0,  -99,  -99,  70,   0,   0,    ,   0,    , 312,   6,           ,  ,  0,    ,    0,    0,    0,    0, THERMO PARAMS, 7, -117, 366, N, 10, DT, -999, SHR82, -99, 
AL, 05, 2026083018, 03, HFSA,  24, 287N,  919W,  38, 1006, XX,  34, NEQ,    0,    0,    0,    0, 1014,   15,  13,   0,   0,    ,   0,    , 287,   5,           ,  ,  0,    ,    0,    0,    0,    0, THERMO PARAMS, 48, -141, 441, N, 10, DT, -999, SHR82, -99, 
AL, 05, 2026083018, 03, HFSA,  30, 290N,  923W,  22, 1012, XX,  34, NEQ,    0,    0,    0,    0,  -99,  -99,  24,   0,   0,    ,   0,    , 285,   4,           ,  ,  0,    ,    0,    0,    0,    0, THERMO PARAMS, 46, -542, 686, N, 10, DT, -999, SHR82, -99, 
AL, 05, 2026083018, 03, HFSA,  36, 293N,  932W,  22, 1013, XX,  34, NEQ,    0,    0,    0,    0,  -99,  -99,  32,   0,   0,    ,   0,    , 290,   9,           ,  ,  0,    ,    0,    0,    0,    0, THERMO PARAMS, 52, -350, 487, N, 10, DT, -999, SHR82, -99, 
AL, 05, 2026083018, 03, HFSA,  42, 297N,  941W,  25, 1009, XX,  34, NEQ,    0,    0,    0,    0, 1013,   12,  20,   0,   0,    ,   0,    , 297,   7,           ,  ,  0,    ,    0,    0,    0,    0, THERMO PARAMS, 74, -331, 561, N, 10, DT, -999, SHR82, -99, 
AL, 05, 2026083018, 03, HFSA,  48, 303N,  945W,  30, 1013, XX,  34, NEQ,    0,    0,    0,    0,  -99,  -99, 105,   0,   0,    ,   0,    , 308,   7,           ,  ,  0,    ,    0,    0,    0,    0, THERMO PARAMS, 48, 20, 331, N, 10, DT, -999, SHR82, -99, 
AL, 05, 2026083018, 03, HFSA,  54, 306N,  951W,  22, 1011, XX,  34, NEQ,    0,    0,    0,    0,  -99,  -99, 102,   0,   0,    ,   0,    , 281,   3,           ,  ,  0,    ,    0,    0,    0,    0, THERMO PARAMS, 134, -279, 656, N, 10, DT, -999, SHR82, -99, 
AL, 05, 2026083018, 03, HFSA,  60, 310N,  959W,  15, 1013, XX,  34, NEQ,    0,    0,    0,    0,  -99,  -99, 149,   0,   0,    ,   0,    , 302,   9,           ,  ,  0,    ,    0,    0,    0,    0, THERMO PARAMS, 19, -385, 368, N, 10, DT, -999, SHR82, -99, 
AL, 05, 2026083018, 03, HFSA,  66, 318N,  968W,  17, 1013, XX,  34, NEQ,    0,    0,    0,    0,  -99,  -99, 130,   0,   0,    ,   0,    , 319,   7,           ,  ,  0,    ,    0,    0,    0,    0, THERMO PARAMS, -9999, -9999, -9999, N, 10, DT, -999, SHR82, -99, 
AL, 05, 2026083018, 03, HFSA,  72, 323N,  972W,  19, 1011, XX,  34, NEQ,    0,    0,    0,    0,  -99,  -99, 137,   0,   0,    ,   0,    , 319,   4,           ,  ,  0,    ,    0,    0,    0,    0, THERMO PARAMS, 90, 56, 354, N, 10, DT, -999, SHR82, -99, 
AL, 05, 2026083018, 03, HFSA,  78, 324N,  979W,  23, 1007, XX,  34, NEQ,    0,    0,    0,    0,  -99,  -99,  52,   0,   0,    ,   0,    , 311,   7,           ,  ,  0,    ,    0,    0,    0,    0, THERMO PARAMS, -9999, -9999, -9999, N, 10, DT, -999, SHR82, -99, 
AL, 05, 2026083018, 03, TVCN,   0, 277N,  895W,   0,    0,   ,   0,    ,    0,    0,    0,    0, 
AL, 05, 2026083018, 03, TVCN,  12, 280N,  904W,   0,    0,   ,   0,    ,    0,    0,    0,    0, 
AL, 05, 2026083018, 03, TVCN,  24, 285N,  915W,   0,    0,   ,   0,    ,    0,    0,    0,    0, 
AL, 05, 2026083018, 03, TVCN,  36, 291N,  928W,   0,    0,   ,   0,    ,    0,    0,    0,    0, 
AL, 05, 2026083018, 03, TVCN,  48, 299N,  940W,   0,    0,   ,   0,    ,    0,    0,    0,    0, 
AL, 05, 2026083018, 03, TVCN,  60, 307N,  951W,   0,    0,   ,   0,    ,    0,    0,    0,    0, 
AL, 05, 2026083018, 03, TVCN,  72, 315N,  959W,   0,    0,   ,   0,    ,    0,    0,    0,    0, 
AL, 05, 2026083018, 03, TVCN,  84, 318N,  964W,   0,    0,   ,   0,    ,    0,    0,    0,    0, 
AL, 05, 2026083018, 03, TVCN,  96, 323N,  972W,   0,    0,   ,   0,    ,    0,    0,    0,    0, 
AL, 05, 2026083018, 03, TVCN, 108, 338N,  996W,   0,    0,   ,   0,    ,    0,    0,    0,    0, 
AL, 05, 2026083100, 03,  UKX,   0, 278N,  900W,  22, 1013, XX,  34, NEQ,    0,    0,    0,    0, 
AL, 05, 2026083100, 03,  UKX,   6, 278N,  911W,  20, 1013, XX,  34, NEQ,    0,    0,    0,    0, 
AL, 05, 2026083100, 03,  UKX,  12, 281N,  915W,  18, 1014, XX,  34, NEQ,    0,    0,    0,    0, 
AL, 05, 2026083100, 03,  UKX,  18, 282N,  917W,  20, 1013, XX,  34, NEQ,    0,    0,    0,    0, 
AL, 05, 2026083100, 03,  UKX,  24, 284N,  923W,  23, 1013, XX,  34, NEQ,    0,    0,    0,    0, 
AL, 05, 2026083100, 03,  UKX,  30, 287N,  932W,  19, 1012, XX,  34, NEQ,    0,    0,    0,    0, 
AL, 05, 2026083100, 03,  UKX,  36, 292N,  937W,  20, 1014, XX,  34, NEQ,    0,    0,    0,    0, 
AL, 05, 2026083100, 03,  UKX,  42, 296N,  941W,  18, 1012, XX,  34, NEQ,    0,    0,    0,    0, 
AL, 05, 2026083100, 03,  UKX,  48, 302N,  945W,  16, 1011, XX,  34, NEQ,    0,    0,    0,    0, 
AL, 05, 2026083100, 03,  UKX,  54, 310N,  954W,  16, 1013, XX,  34, NEQ,    0,    0,    0,    0, 
AL, 05, 2026083100, 03, AVNO,   0, 277N,  900W,  20, 1012, XX,  34, NEQ,    0,    0,    0,    0,  -99,  -99,  46,   0,   0, 
AL, 05, 2026083100, 03, AVNO,   6, 279N,  907W,  21, 1012, XX,  34, NEQ,    0,    0,    0,    0,  -99,  -99,  38,   0,   0, 
AL, 05, 2026083100, 03, AVNO,  12, 283N,  911W,  23, 1012, XX,  34, NEQ,    0,    0,    0,    0,  -99,  -99,  24,   0,   0, 
AL, 05, 2026083100, 03, AVNO,  18, 287N,  918W,  26, 1011, XX,  34, NEQ,    0,    0,    0,    0,  -99,  -99,  16,   0,   0, 
AL, 05, 2026083100, 03, AVNO,  24, 290N,  926W,  29, 1008, XX,  34, NEQ,    0,    0,    0,    0, 1012,   20,  13,   0,   0, 
AL, 05, 2026083100, 03, AVNO,  30, 294N,  937W,  33, 1008, XX,  34, NEQ,    0,    0,    0,    0, 1012,   20,  23,   0,   0, 
AL, 05, 2026083100, 03, AVNO,  36, 301N,  944W,  31, 1005, XX,  34, NEQ,    0,    0,    0,    0, 1013,   26,  11,   0,   0, 
AL, 05, 2026083100, 03, AVNO,  42, 307N,  953W,  18, 1009, XX,  34, NEQ,    0,    0,    0,    0, 1013,   17,  18,   0,   0, 
AL, 05, 2026083100, 03, AVNO,  48, 313N,  958W,  21, 1009, XX,  34, NEQ,    0,    0,    0,    0,  -99,  -99, 114,   0,   0, 
AL, 05, 2026083100, 03, AVNO,  54, 320N,  963W,  16, 1012, XX,  34, NEQ,    0,    0,    0,    0,  -99,  -99,  32,   0,   0, 
AL, 05, 2026083100, 03, AVNO,  60, 328N,  965W,  14, 1013, XX,  34, NEQ,    0,    0,    0,    0,  -99,  -99,  25,   0,   0, 
AL, 05, 2026083100, 03, AVNO,  66, 336N,  969W,  17, 1007, XX,  34, NEQ,    0,    0,    0,    0,  -99,  -99,  62,   0,   0, 
AL, 05, 2026083100, 03, AVNO,  72, 344N,  971W,  21, 1001, XX,  34, NEQ,    0,    0,    0,    0,  -99,  -99,  98,   0,   0, 
AL, 05, 2026083100, 03, AVNO,  78, 355N,  972W,  21, 1005, XX,  34, NEQ,    0,    0,    0,    0,  -99,  -99, 157,   0,   0, 
AL, 05, 2026083100, 03, AVNO,  84, 369N,  973W,  15, 1004, XX,  34, NEQ,    0,    0,    0,    0,  -99,  -99, 115,   0,   0, 
AL, 05, 2026083100, 03, HCCA,   0, 276N,  896W,  25,    0,   ,   0,    ,    0,    0,    0,    0, 
AL, 05, 2026083100, 03, HCCA,  12, 280N,  908W,  30,    0,   ,   0,    ,    0,    0,    0,    0, 
AL, 05, 2026083100, 03, HCCA,  24, 285N,  920W,  33,    0,   ,   0,    ,    0,    0,    0,    0, 
AL, 05, 2026083100, 03, HCCA,  36, 292N,  933W,  35,    0,   ,   0,    ,    0,    0,    0,    0, 
AL, 05, 2026083100, 03, HCCA,  48, 302N,  947W,  29,    0,   ,   0,    ,    0,    0,    0,    0, 
AL, 05, 2026083100, 03, HCCA,  60, 313N,  958W,  21,    0,   ,   0,    ,    0,    0,    0,    0, 
AL, 05, 2026083100, 03, HCCA,  72, 322N,  965W,  21,    0,   ,   0,    ,    0,    0,    0,    0, 
AL, 05, 2026083100, 03, HCCA,  84, 333N,  970W,  21,    0,   ,   0,    ,    0,    0,    0,    0, 
AL, 05, 2026083100, 03, HFSA,   0, 276N,  896W,  26, 1012, XX,  34, NEQ,    0,    0,    0,    0,  -99,  -99,  59,   0,   0,    ,   0,    , 258,   4,           ,  ,  0,    ,    0,    0,    0,    0, THERMO PARAMS, 15, 302, 65, N, 10, DT, -999, SHR82, -99, 
AL, 05, 2026083100, 03, HFSA,   6, 279N,  905W,  46, 1011, XX,  34, NEQ,    0,    0,    0,    0,  -99,  -99,  55,   0,   0,    ,   0,    , 299,   9,           ,  ,  0,    ,    0,    0,    0,    0, THERMO PARAMS, -17, 97, 313, N, 10, DT, -999, SHR82, -99, 
AL, 05, 2026083100, 03, HFSA,  12, 285N,  909W,  36, 1009, XX,  34, NEQ,    0,    0,    0,    0, 1013,   28,  36,   0,   0,    ,   0,    , 305,   7,           ,  ,  0,    ,    0,    0,    0,    0, THERMO PARAMS, -9, 22, 625, N, 10, DT, -999, SHR82, -99, 
AL, 05, 2026083100, 03, HFSA,  18, 287N,  916W,  34, 1013, XX,  34, NEQ,    0,    0,    0,    0,  -99,  -99,  84,   0,   0,    ,   0,    , 291,   7,           ,  ,  0,    ,    0,    0,    0,    0, THERMO PARAMS, -5, -221, 576, N, 10, DT, -999, SHR82, -99, 
AL, 05, 2026083100, 03, HFSA,  24, 291N,  924W,  28, 1010, XX,  34, NEQ,    0,    0,    0,    0,  -99,  -99,   7,   0,   0,    ,   0,    , 282,   7,           ,  ,  0,    ,    0,    0,    0,    0, THERMO PARAMS, 21, -338, 551, N, 10, DT, -999, SHR82, -99, 
AL, 05, 2026083100, 03, HFSA,  30, 293N,  935W,  29, 1010, XX,  34, NEQ,    0,    0,    0,    0,  -99,  -99,  15,   0,   0,    ,   0,    , 285,  10,           ,  ,  0,    ,    0,    0,    0,    0, THERMO PARAMS, 31, -258, 454, N, 10, DT, -999, SHR82, -99, 
AL, 05, 2026083100, 03, HFSA,  36, 299N,  943W,  32, 1006, XX,  34, NEQ,    0,    0,    0,    0, 1014,   23,  31,   0,   0,    ,   0,    , 309,   8,           ,  ,  0,    ,    0,    0,    0,    0, THERMO PARAMS, 42, 488, 878, N, 10, DT, -999, SHR82, -99, 
AL, 05, 2026083100, 03, HFSA,  42, 306N,  951W,  28, 1013, XX,  34, NEQ,    0,    0,    0,    0,  -99,  -99,   6,   0,   0,    ,   0,    , 311,   7,           ,  ,  0,    ,    0,    0,    0,    0, THERMO PARAMS, 13, 52, 566, N, 10, DT, -999, SHR82, -99, 
AL, 05, 2026083100, 03, HFSA,  48, 308N,  959W,  28, 1012, XX,  34, NEQ,    0,    0,    0,    0,  -99,  -99, 125,   0,   0,    ,   0,    , 291,   6,           ,  ,  0,    ,    0,    0,    0,    0, THERMO PARAMS, 81, -256, 587, N, 10, DT, -999, SHR82, -99, 
AL, 05, 2026083100, 03, HFSA,  54, 313N,  966W,  13, 1013, XX,  34, NEQ,    0,    0,    0,    0,  -99,  -99, 159,   0,   0,    ,   0,    , 304,   7,           ,  ,  0,    ,    0,    0,    0,    0, THERMO PARAMS, -4, -268, 484, N, 10, DT, -999, SHR82, -99, 
AL, 05, 2026083100, 03, HFSA,  60, 320N,  971W,  17, 1014, XX,  34, NEQ,    0,    0,    0,    0,  -99,  -99, 123,   0,   0,    ,   0,    , 329,   6,           ,  ,  0,    ,    0,    0,    0,    0, THERMO PARAMS, -27, -297, 466, N, 10, DT, -999, SHR82, -99, 
AL, 05, 2026083100, 03, HFSA,  66, 326N,  972W,  17, 1011, XX,  34, NEQ,    0,    0,    0,    0,  -99,  -99,  69,   0,   0,    ,   0,    ,   1,   5,           ,  ,  0,    ,    0,    0,    0,    0, THERMO PARAMS, -167, 161, 399, N, 10, DT, -999, SHR82, -99, 
AL, 05, 2026083100, 03, HFSA,  72, 325N,  976W,  25, 1007, XX,  34, NEQ,    0,    0,    0,    0,  -99,  -99,  96,   0,   0,    ,   0,    , 267,   2,           ,  ,  0,    ,    0,    0,    0,    0, THERMO PARAMS, 268, -449, 591, N, 10, DT, -999, SHR82, -99, 
AL, 05, 2026083100, 03, HFSA,  78, 332N,  985W,  16, 1009, XX,  34, NEQ,    0,    0,    0,    0,  -99,  -99, 162,   0,   0,    ,   0,    , 313,   6,           ,  ,  0,    ,    0,    0,    0,    0, THERMO PARAMS, -41, 354, 181, N, 10, DT, -999, SHR82, -99, 
AL, 05, 2026083100, 03, HFSA,  84, 335N,  987W,  18, 1010, XX,  34, NEQ,    0,    0,    0,    0,  -99,  -99, 142,   0,   0,    ,   0,    ,  38,   2,           ,  ,  0,    ,    0,    0,    0,    0, THERMO PARAMS, -9999, -9999, -9999, N, 10, DT, -999, SHR82, -99, 
AL, 05, 2026083100, 03, HFSA,  90, 338N,  989W,  22, 1005, XX,  34, NEQ,    0,    0,    0,    0,  -99,  -99,  64,   0,   0,    ,   0,    , 343,   4,           ,  ,  0,    ,    0,    0,    0,    0, THERMO PARAMS, -9999, -9999, -9999, N, 10, DT, -999, SHR82, -99, 
AL, 05, 2026083100, 03, HFSA,  96, 336N,  996W,  32, 1002, XX,  34, NEQ,    0,    0,    0,    0,  -99,  -99, 153,   0,   0,    ,   0,    , 274,   6,           ,  ,  0,    ,    0,    0,    0,    0, THERMO PARAMS, 257, 286, -23, N, 10, DT, -999, SHR82, -99, 
AL, 05, 2026083100, 03, HFSA, 102, 354N, 1020W,  22, 1005, XX,  34, NEQ,    0,    0,    0,    0,  -99,  -99, 159,   0,   0,    ,   0,    , 320,  17,           ,  ,  0,    ,    0,    0,    0,    0, THERMO PARAMS, 119, 653, -513, N, 10, DT, -999, SHR82, -99, 
AL, 05, 2026083100, 03, HFSA, 108, 376N, 1034W,  21, 1007, XX,  34, NEQ,    0,    0,    0,    0,  -99,  -99,  72,   0,   0,    ,   0,    , 347,  18,           ,  ,  0,    ,    0,    0,    0,    0, THERMO PARAMS, 303, 146, -881, N, 10, DT, -999, SHR82, -99, 
AL, 05, 2026083100, 03, HFSA, 114, 395N, 1037W,  28, 1003, XX,  34, NEQ,    0,    0,    0,    0,  -99,  -99, 135,   0,   0,    ,   0,    ,  21,  14,           ,  ,  0,    ,    0,    0,    0,    0, THERMO PARAMS, -9999, -9999, -9999, N, 10, DT, -999, SHR82, -99, 
AL, 05, 2026083100, 03, HFSA, 120, 391N, 1042W,  34, 1000, XX,  34, NEQ,    0,    0,    0,    0,  -99,  -99, 151,   0,   0,    ,   0,    , 345,   3,           ,  ,  0,    ,    0,    0,    0,    0, THERMO PARAMS, -235, -43, -1378, N, 10, DT, -999, SHR82, -99, 
AL, 05, 2026083100, 03, HFSA, 126, 400N, 1034W,  27, 1004, XX,  34, NEQ,    0,    0,    0,    0,  -99,  -99, 161,   0,   0,    ,   0,    , -99, -99,           ,  ,  0,    ,    0,    0,    0,    0, THERMO PARAMS, -9999, -9999, -9999, N, 10, DT, -999, SHR82, -99, 
AL, 05, 2026083100, 03, TVCN,   0, 276N,  896W,   0,    0,   ,   0,    ,    0,    0,    0,    0, 
AL, 05, 2026083100, 03, TVCN,  12, 281N,  908W,   0,    0,   ,   0,    ,    0,    0,    0,    0, 
AL, 05, 2026083100, 03, TVCN,  24, 286N,  920W,   0,    0,   ,   0,    ,    0,    0,    0,    0, 
AL, 05, 2026083100, 03, TVCN,  36, 293N,  934W,   0,    0,   ,   0,    ,    0,    0,    0,    0, 
AL, 05, 2026083100, 03, TVCN,  48, 302N,  946W,   0,    0,   ,   0,    ,    0,    0,    0,    0, 
AL, 05, 2026083100, 03, TVCN,  60, 312N,  956W,   0,    0,   ,   0,    ,    0,    0,    0,    0, 
AL, 05, 2026083100, 03, TVCN,  72, 320N,  964W,   0,    0,   ,   0,    ,    0,    0,    0,    0, 
AL, 05, 2026083100, 03, TVCN,  84, 329N,  972W,   0,    0,   ,   0,    ,    0,    0,    0,    0, 
AL, 05, 2026083100, 03, TVCN,  96, 332N,  972W,   0,    0,   ,   0,    ,    0,    0,    0,    0, 
AL, 05, 2026083106, 03, AVNO,   0, 276N,  906W,  21, 1013, XX,  34, NEQ,    0,    0,    0,    0,  -99,  -99,  41,   0,   0, 
AL, 05, 2026083106, 03, AVNO,   6, 280N,  912W,  21, 1013, XX,  34, NEQ,    0,    0,    0,    0,  -99,  -99,  52,   0,   0, 
AL, 05, 2026083106, 03, AVNO,  12, 283N,  915W,  17, 1014, XX,  34, NEQ,    0,    0,    0,    0,  -99,  -99,  59,   0,   0, 
AL, 05, 2026083106, 03, AVNO,  18, 286N,  921W,  19, 1013, XX,  34, NEQ,    0,    0,    0,    0,  -99,  -99,  52,   0,   0, 
AL, 05, 2026083106, 03, AVNO,  24, 289N,  932W,  21, 1012, XX,  34, NEQ,    0,    0,    0,    0,  -99,  -99,  72,   0,   0, 
AL, 05, 2026083106, 03, AVNO,  30, 295N,  940W,  21, 1012, XX,  34, NEQ,    0,    0,    0,    0,  -99,  -99,  26,   0,   0, 
AL, 05, 2026083106, 03, AVNO,  36, 301N,  947W,  12, 1012, XX,  34, NEQ,    0,    0,    0,    0,  -99,  -99, 131,   0,   0, 
AL, 05, 2026083106, 03, AVNO,  42, 308N,  954W,  19, 1011, XX,  34, NEQ,    0,    0,    0,    0,  -99,  -99, 119,   0,   0, 
AL, 05, 2026083106, 03, AVNO,  48, 314N,  960W,  15, 1013, XX,  34, NEQ,    0,    0,    0,    0,  -99,  -99, 156,   0,   0, 
AL, 05, 2026083106, 03, AVNO,  54, 325N,  966W,  10, 1011, XX,  34, NEQ,    0,    0,    0,    0,  -99,  -99,  34,   0,   0, 
AL, 05, 2026083106, 03, AVNO,  60, 333N,  969W,  16, 1007, XX,  34, NEQ,    0,    0,    0,    0,  -99,  -99,  72,   0,   0, 
AL, 05, 2026083106, 03, AVNO,  66, 342N,  972W,  21, 1001, XX,  34, NEQ,    0,    0,    0,    0,  -99,  -99,  79,   0,   0, 
AL, 05, 2026083106, 03, AVNO,  72, 350N,  974W,  20, 1006, XX,  34, NEQ,    0,    0,    0,    0,  -99,  -99, 156,   0,   0, 
AL, 05, 2026083106, 03, HCCA,   0, 274N,  907W,  30,    0,   ,   0,    ,    0,    0,    0,    0, 
AL, 05, 2026083106, 03, HCCA,  12, 280N,  919W,  35,    0,   ,   0,    ,    0,    0,    0,    0, 
AL, 05, 2026083106, 03, HCCA,  24, 287N,  934W,  39,    0,   ,   0,    ,    0,    0,    0,    0, 
AL, 05, 2026083106, 03, HCCA,  36, 297N,  948W,  35,    0,   ,   0,    ,    0,    0,    0,    0, 
AL, 05, 2026083106, 03, HCCA,  48, 308N,  960W,  21,    0,   ,   0,    ,    0,    0,    0,    0, 
AL, 05, 2026083106, 03, HCCA,  60, 321N,  968W,  19,    0,   ,   0,    ,    0,    0,    0,    0, 
AL, 05, 2026083106, 03, HCCA,  72, 331N,  976W,  20,    0,   ,   0,    ,    0,    0,    0,    0, 
AL, 05, 2026083106, 03, HCCA,  84, 340N,  981W,  24,    0,   ,   0,    ,    0,    0,    0,    0, 
AL, 05, 2026083106, 03, HFSA,   0, 274N,  906W,  29, 1012, XX,  34, NEQ,    0,    0,    0,    0,  -99,  -99,  73,   0,   0,    ,   0,    , 281,   6,           ,  ,  0,    ,    0,    0,    0,    0, THERMO PARAMS, -5, 50, 306, N, 10, DT, -999, SHR82, -99, 
AL, 05, 2026083106, 03, HFSA,   6, 279N,  913W,  19, 1013, XX,  34, NEQ,    0,    0,    0,    0,  -99,  -99, 130,   0,   0,    ,   0,    , 308,   7,           ,  ,  0,    ,    0,    0,    0,    0, THERMO PARAMS, -19, 255, -6, N, 10, DT, -999, SHR82, -99, 
AL, 05, 2026083106, 03, HFSA,  12, 285N,  913W,  33, 1015, XX,  34, NEQ,    0,    0,    0,    0,  -99,  -99,  41,   0,   0,    ,   0,    , 337,   5,           ,  ,  0,    ,    0,    0,    0,    0, THERMO PARAMS, -26, -63, 83, N, 10, DT, -999, SHR82, -99, 
AL, 05, 2026083106, 03, HFSA,  18, 286N,  920W,  17, 1013, XX,  34, NEQ,    0,    0,    0,    0,  -99,  -99,  39,   0,   0,    ,   0,    , 272,   6,           ,  ,  0,    ,    0,    0,    0,    0, THERMO PARAMS, 53, -70, 153, N, 10, DT, -999, SHR82, -99, 
AL, 05, 2026083106, 03, HFSA,  24, 289N,  932W,  19, 1014, XX,  34, NEQ,    0,    0,    0,    0,  -99,  -99,  80,   0,   0,    ,   0,    , 289,  10,           ,  ,  0,    ,    0,    0,    0,    0, THERMO PARAMS, 39, -132, -54, N, 10, DT, -999, SHR82, -99, 
AL, 05, 2026083106, 03, HFSA,  30, 294N,  939W,  16, 1014, XX,  34, NEQ,    0,    0,    0,    0,  -99,  -99, 102,   0,   0,    ,   0,    , 307,   6,           ,  ,  0,    ,    0,    0,    0,    0, THERMO PARAMS, 43, -126, 175, N, 10, DT, -999, SHR82, -99, 
AL, 05, 2026083106, 03, HFSA,  36, 300N,  942W,  23, 1014, XX,  34, NEQ,    0,    0,    0,    0,  -99,  -99, 117,   0,   0,    ,   0,    , 337,   7,           ,  ,  0,    ,    0,    0,    0,    0, THERMO PARAMS, -9999, -9999, -9999, N, 10, DT, -999, SHR82, -99, 
AL, 05, 2026083106, 03, HFSA,  42, 301N,  949W,  20, 1011, XX,  34, NEQ,    0,    0,    0,    0,  -99,  -99, 158,   0,   0,    ,   0,    , 279,   6,           ,  ,  0,    ,    0,    0,    0,    0, THERMO PARAMS, 93, -142, 365, N, 10, DT, -999, SHR82, -99, 
AL, 05, 2026083106, 03, HFSA,  48, 305N,  956W,  14, 1014, XX,  34, NEQ,    0,    0,    0,    0,  -99,  -99, 161,   0,   0,    ,   0,    , 302,   7,           ,  ,  0,    ,    0,    0,    0,    0, THERMO PARAMS, 8, -95, 2, N, 10, DT, -999, SHR82, -99, 
AL, 05, 2026083106, 03, HFSA,  54, 312N,  963W,  20, 1015, XX,  34, NEQ,    0,    0,    0,    0,  -99,  -99, 152,   0,   0,    ,   0,    , 322,   9,           ,  ,  0,    ,    0,    0,    0,    0, THERMO PARAMS, 7, -189, 83, N, 10, DT, -999, SHR82, -99, 
AL, 05, 2026083106, 03, HFSA,  60, 321N,  969W,  14, 1011, XX,  34, NEQ,    0,    0,    0,    0,  -99,  -99, 117,   0,   0,    ,   0,    , 324,   7,           ,  ,  0,    ,    0,    0,    0,    0, THERMO PARAMS, -7, 153, -9, N, 10, DT, -999, SHR82, -99, 
AL, 05, 2026083106, 03, TVCN,   0, 274N,  907W,   0,    0,   ,   0,    ,    0,    0,    0,    0, 
AL, 05, 2026083106, 03, TVCN,  12, 281N,  919W,   0,    0,   ,   0,    ,    0,    0,    0,    0, 
AL, 05, 2026083106, 03, TVCN,  24, 287N,  934W,   0,    0,   ,   0,    ,    0,    0,    0,    0, 
AL, 05, 2026083106, 03, TVCN,  36, 297N,  948W,   0,    0,   ,   0,    ,    0,    0,    0,    0, 
AL, 05, 2026083106, 03, TVCN,  48, 307N,  960W,   0,    0,   ,   0,    ,    0,    0,    0,    0, 
AL, 05, 2026083106, 03, TVCN,  60, 318N,  966W,   0,    0,   ,   0,    ,    0,    0,    0,    0, 
AL, 05, 2026083106, 03, TVCN,  72, 326N,  972W,   0,    0,   ,   0,    ,    0,    0,    0,    0, 
AL, 05, 2026083106, 03, TVCN,  84, 329N,  981W,   0,    0,   ,   0,    ,    0,    0,    0,    0, 
AL, 05, 2026083106, 03, TVCN,  96, 346N, 1001W,   0,    0,   ,   0,    ,    0,    0,    0,    0, 
AL, 05, 2026083112, 03,  UKX,   0, 281N,  912W,  18, 1015, XX,  34, NEQ,    0,    0,    0,    0, 
AL, 05, 2026083112, 03,  UKX,   6, 282N,  915W,  19, 1013, XX,  34, NEQ,    0,    0,    0,    0, 
AL, 05, 2026083112, 03,  UKX,  12, 283N,  919W,  20, 1013, XX,  34, NEQ,    0,    0,    0,    0, 
AL, 05, 2026083112, 03,  UKX,  18, 287N,  928W,  20, 1012, XX,  34, NEQ,    0,    0,    0,    0, 
AL, 05, 2026083112, 03,  UKX,  24, 292N,  936W,  18, 1014, XX,  34, NEQ,    0,    0,    0,    0, 
AL, 05, 2026083112, 03,  UKX,  30, 295N,  942W,  19, 1012, XX,  34, NEQ,    0,    0,    0,    0, 
AL, 05, 2026083112, 03,  UKX,  36, 298N,  948W,  18, 1012, XX,  34, NEQ,    0,    0,    0,    0, 
AL, 05, 2026083112, 03,  UKX,  42, 303N,  954W,  17, 1013, XX,  34, NEQ,    0,    0,    0,    0, 
AL, 05, 2026083112, 03,  UKX,  48, 311N,  958W,  16, 1013, XX,  34, NEQ,    0,    0,    0,    0, 
AL, 05, 2026083112, 03,  UKX,  54, 316N,  962W,  10, 1012, XX,  34, NEQ,    0,    0,    0,    0, 
AL, 05, 2026083112, 03,  UKX,  60, 320N,  966W,  12, 1008, XX,  34, NEQ,    0,    0,    0,    0, 
AL, 05, 2026083112, 03,  UKX,  66, 331N,  975W,  10, 1010, XX,  34, NEQ,    0,    0,    0,    0, 
AL, 05, 2026083112, 03, AVNO,   0, 279N,  908W,  22, 1013, XX,  34, NEQ,    0,    0,    0,    0,  -99,  -99,  46,   0,   0, 
AL, 05, 2026083112, 03, AVNO,   6, 283N,  910W,  26, 1012, XX,  34, NEQ,    0,    0,    0,    0,  -99,  -99,  30,   0,   0, 
AL, 05, 2026083112, 03, AVNO,  12, 285N,  918W,  25, 1010, XX,  34, NEQ,    0,    0,    0,    0,  -99,  -99,  14,   0,   0, 
AL, 05, 2026083112, 03, AVNO,  18, 288N,  929W,  29, 1010, XX,  34, NEQ,    0,    0,    0,    0,  -99,  -99,  12,   0,   0, 
AL, 05, 2026083112, 03, AVNO,  24, 294N,  936W,  38, 1006, XX,  34, NEQ,   23,   22,    0,    0, 1010,   13,  22,   0,   0, 
AL, 05, 2026083112, 03, AVNO,  30, 299N,  946W,  26, 1008, XX,  34, NEQ,    0,    0,    0,    0, 1012,   16,  23,   0,   0, 
AL, 05, 2026083112, 03, AVNO,  36, 304N,  953W,  19, 1007, XX,  34, NEQ,    0,    0,    0,    0, 1011,   17,  14,   0,   0, 
AL, 05, 2026083112, 03, AVNO,  42, 309N,  960W,  20, 1009, XX,  34, NEQ,    0,    0,    0,    0,  -99,  -99,  22,   0,   0, 
AL, 05, 2026083112, 03, AVNO,  48, 316N,  964W,  20, 1011, XX,  34, NEQ,    0,    0,    0,    0,  -99,  -99,  21,   0,   0, 
AL, 05, 2026083112, 03, AVNO,  54, 323N,  968W,  19, 1012, XX,  34, NEQ,    0,    0,    0,    0,  -99,  -99,  39,   0,   0, 
AL, 05, 2026083112, 03, AVNO,  60, 329N,  969W,  20, 1010, XX,  34, NEQ,    0,    0,    0,    0,  -99,  -99, 128,   0,   0, 
AL, 05, 2026083112, 03, AVNO,  66, 337N,  976W,  19, 1009, XX,  34, NEQ,    0,    0,    0,    0,  -99,  -99, 132,   0,   0, 
AL, 05, 2026083112, 03, AVNO,  72, 350N,  977W,  15, 1007, XX,  34, NEQ,    0,    0,    0,    0,  -99,  -99, 146,   0,   0, 
AL, 05, 2026083112, 03, AVNO,  78, 354N,  977W,  18, 1002, XX,  34, NEQ,    0,    0,    0,    0,  -99,  -99, 134,   0,   0, 
AL, 05, 2026083112, 03, HCCA,   0, 276N,  908W,  30,    0,   ,   0,    ,    0,    0,    0,    0, 
AL, 05, 2026083112, 03, HCCA,  12, 282N,  920W,  33,    0,   ,   0,    ,    0,    0,    0,    0, 
AL, 05, 2026083112, 03, HCCA,  24, 290N,  934W,  34,    0,   ,   0,    ,    0,    0,    0,    0, 
AL, 05, 2026083112, 03, HCCA,  36, 300N,  947W,  26,    0,   ,   0,    ,    0,    0,    0,    0, 
AL, 05, 2026083112, 03, HCCA,  48, 313N,  957W,  20,    0,   ,   0,    ,    0,    0,    0,    0, 
AL, 05, 2026083112, 03, HCCA,  60, 327N,  964W,  20,    0,   ,   0,    ,    0,    0,    0,    0, 
AL, 05, 2026083112, 03, HFSA,   0, 277N,  907W,  30, 1012, XX,  34, NEQ,    0,    0,    0,    0,  -99,  -99,  39,   0,   0,    ,   0,    , 289,   5,           ,  ,  0,    ,    0,    0,    0,    0, THERMO PARAMS, -15, 255, 190, N, 10, DT, -999, SHR82, -99, 
AL, 05, 2026083112, 03, HFSA,   6, 283N,  910W,  36, 1006, XX,  34, NEQ,    0,    0,    0,    0, 1010,    2,  35,   0,   0,    ,   0,    , 307,   7,           ,  ,  0,    ,    0,    0,    0,    0, THERMO PARAMS, -29, 124, 432, N, 10, DT, -999, SHR82, -99, 
AL, 05, 2026083112, 03, HFSA,  12, 287N,  921W,  33, 1012, XX,  34, NEQ,    0,    0,    0,    0,  -99,  -99, 100,   0,   0,    ,   0,    , 279,   8,           ,  ,  0,    ,    0,    0,    0,    0, THERMO PARAMS, 30, 88, 595, N, 10, DT, -999, SHR82, -99, 
AL, 05, 2026083112, 03, HFSA,  18, 287N,  933W,  28, 1011, XX,  34, NEQ,    0,    0,    0,    0,  -99,  -99,  62,   0,   0,    ,   0,    , 279,  10,           ,  ,  0,    ,    0,    0,    0,    0, THERMO PARAMS, 35, -336, 518, N, 10, DT, -999, SHR82, -99, 
AL, 05, 2026083112, 03, HFSA,  24, 289N,  940W,  35, 1008, XX,  34, NEQ,    5,    5,    0,    0, 1012,   19,   3,   0,   0,    ,   0,    , 293,   6,           ,  ,  0,    ,    0,    0,    0,    0, THERMO PARAMS, 20, -170, 804, N, 10, DT, -999, SHR82, -99, 
AL, 05, 2026083112, 03, HFSA,  30, 293N,  944W,  37, 1009, XX,  34, NEQ,    0,    0,    0,    0, 1013,    7, 119,   0,   0,    ,   0,    , 315,   6,           ,  ,  0,    ,    0,    0,    0,    0, THERMO PARAMS, -4, 65, 558, N, 10, DT, -999, SHR82, -99, 
AL, 05, 2026083112, 03, HFSA,  36, 295N,  949W,  23, 1009, XX,  34, NEQ,    0,    0,    0,    0,  -99,  -99,   2,   0,   0,    ,   0,    , 286,   5,           ,  ,  0,    ,    0,    0,    0,    0, THERMO PARAMS, 39, 59, 745, N, 10, DT, -999, SHR82, -99, 
AL, 05, 2026083112, 03, HFSA,  42, 300N,  956W,  16, 1011, XX,  34, NEQ,    0,    0,    0,    0,  -99,  -99,  63,   0,   0,    ,   0,    , 305,   7,           ,  ,  0,    ,    0,    0,    0,    0, THERMO PARAMS, 4, 36, 574, N, 10, DT, -999, SHR82, -99, 
AL, 05, 2026083112, 03, HFSA,  48, 306N,  960W,  23, 1011, XX,  34, NEQ,    0,    0,    0,    0,  -99,  -99, 127,   0,   0,    ,   0,    , 321,   7,           ,  ,  0,    ,    0,    0,    0,    0, THERMO PARAMS, 4, 51, 517, N, 10, DT, -999, SHR82, -99, 
AL, 05, 2026083112, 03, HFSA,  54, 312N,  967W,  21, 1012, XX,  34, NEQ,    0,    0,    0,    0,  -99,  -99,  99,   0,   0,    ,   0,    , 321,   6,           ,  ,  0,    ,    0,    0,    0,    0, THERMO PARAMS, -1, -173, 414, N, 10, DT, -999, SHR82, -99, 
AL, 05, 2026083112, 03, HFSA,  60, 315N,  974W,  21, 1007, XX,  34, NEQ,    0,    0,    0,    0,  -99,  -99,  95,   0,   0,    ,   0,    , 292,   5,           ,  ,  0,    ,    0,    0,    0,    0, THERMO PARAMS, 109, -37, 482, N, 10, DT, -999, SHR82, -99, 
AL, 05, 2026083112, 03, HFSA,  66, 319N,  982W,  14, 1010, XX,  34, NEQ,    0,    0,    0,    0,  -99,  -99,  93,   0,   0,    ,   0,    , 305,   5,           ,  ,  0,    ,    0,    0,    0,    0, THERMO PARAMS, 29, -34, 368, N, 10, DT, -999, SHR82, -99, 
AL, 05, 2026083112, 03, HFSA,  72, 324N,  986W,  19, 1010, XX,  34, NEQ,    0,    0,    0,    0,  -99,  -99, 116,   0,   0,    ,   0,    , 323,   4,           ,  ,  0,    ,    0,    0,    0,    0, THERMO PARAMS, 0, -500, 565, N, 10, DT, -999, SHR82, -99, 
AL, 05, 2026083112, 03, HFSA,  78, 327N,  985W,  18, 1006, XX,  34, NEQ,    0,    0,    0,    0,  -99,  -99,  90,   0,   0,    ,   0,    ,   5,   3,           ,  ,  0,    ,    0,    0,    0,    0, THERMO PARAMS, -325, 362, 235, N, 10, DT, -999, SHR82, -99, 
AL, 05, 2026083112, 03, HFSA,  84, 330N,  996W,  35, 1003, XX,  34, NEQ,    0,    0,    0,    0,  -99,  -99,  31,   0,   0,    ,   0,    , 294,   9,           ,  ,  0,    ,    0,    0,    0,    0, THERMO PARAMS, 143, 599, 197, N, 10, DT, -999, SHR82, -99, 
AL, 05, 2026083112, 03, HFSA,  90, 335N,  994W,  15, 1007, XX,  34, NEQ,    0,    0,    0,    0,  -99,  -99,  72,   0,   0,    ,   0,    , 358,   7,           ,  ,  0,    ,    0,    0,    0,    0, THERMO PARAMS, -9999, -9999, -9999, N, 10, DT, -999, SHR82, -99, 
AL, 05, 2026083112, 03, HFSA,  96, 344N, 1002W,  18, 1007, XX,  34, NEQ,    0,    0,    0,    0,  -99,  -99, 120,   0,   0,    ,   0,    , 333,  11,           ,  ,  0,    ,    0,    0,    0,    0, THERMO PARAMS, -9999, -9999, -9999, N, 10, DT, -999, SHR82, -99, 
AL, 05, 2026083112, 03, TVCN,   0, 276N,  908W,   0,    0,   ,   0,    ,    0,    0,    0,    0, 
AL, 05, 2026083112, 03, TVCN,  12, 283N,  919W,   0,    0,   ,   0,    ,    0,    0,    0,    0, 
AL, 05, 2026083112, 03, TVCN,  24, 291N,  933W,   0,    0,   ,   0,    ,    0,    0,    0,    0, 
AL, 05, 2026083112, 03, TVCN,  36, 300N,  945W,   0,    0,   ,   0,    ,    0,    0,    0,    0, 
AL, 05, 2026083112, 03, TVCN,  48, 311N,  955W,   0,    0,   ,   0,    ,    0,    0,    0,    0, 
AL, 05, 2026083112, 03, TVCN,  60, 323N,  962W,   0,    0,   ,   0,    ,    0,    0,    0,    0, 
AL, 05, 2026083112, 03, TVCN,  72, 337N,  964W,   0,    0,   ,   0,    ,    0,    0,    0,    0, 
AL, 05, 2026083118, 03, AVNO,   0, 282N,  910W,  25, 1012, XX,  34, NEQ,    0,    0,    0,    0,  -99,  -99,  20,   0,   0, 
AL, 05, 2026083118, 03, AVNO,   6, 285N,  917W,  32, 1009, XX,  34, NEQ,    0,    0,    0,    0, 1013,   27,  20,   0,   0, 
AL, 05, 2026083118, 03, AVNO,  12, 287N,  927W,  33, 1008, XX,  34, NEQ,    0,    0,    0,    0, 1012,   22,  19,   0,   0, 
AL, 05, 2026083118, 03, AVNO,  18, 293N,  934W,  38, 1004, XX,  34, NEQ,   25,   24,   18,   16, 1012,   25,  21,   0,   0, 
AL, 05, 2026083118, 03, AVNO,  24, 299N,  942W,  34, 1004, XX,  34, NEQ,    0,   25,    0,    0, 1012,   25,  25,   0,   0, 
AL, 05, 2026083118, 03, AVNO,  30, 304N,  950W,  20, 1005, XX,  34, NEQ,    0,    0,    0,    0, 1009,   14,  20,   0,   0, 
AL, 05, 2026083118, 03, AVNO,  36, 310N,  957W,  21, 1008, XX,  34, NEQ,    0,    0,    0,    0, 1012,   16,  19,   0,   0, 
AL, 05, 2026083118, 03, AVNO,  42, 316N,  961W,  18, 1010, XX,  34, NEQ,    0,    0,    0,    0,  -99,  -99,  16,   0,   0, 
AL, 05, 2026083118, 03, AVNO,  48, 322N,  964W,  19, 1012, XX,  34, NEQ,    0,    0,    0,    0,  -99,  -99,  48,   0,   0, 
AL, 05, 2026083118, 03, AVNO,  54, 327N,  964W,  21, 1011, XX,  34, NEQ,    0,    0,    0,    0,  -99,  -99, 158,   0,   0, 
AL, 05, 2026083118, 03, AVNO,  60, 334N,  968W,  17, 1012, XX,  34, NEQ,    0,    0,    0,    0,  -99,  -99, 142,   0,   0, 
AL, 05, 2026083118, 03, AVNO,  66, 344N,  973W,  15, 1009, XX,  34, NEQ,    0,    0,    0,    0,  -99,  -99, 155,   0,   0, 
AL, 05, 2026083118, 03, AVNO,  72, 348N,  973W,  20, 1003, XX,  34, NEQ,    0,    0,    0,    0,  -99,  -99,  79,   0,   0, 
AL, 05, 2026083118, 03, HCCA,   0, 281N,  910W,  30,    0,   ,   0,    ,    0,    0,    0,    0, 
AL, 05, 2026083118, 03, HCCA,  12, 286N,  923W,  33,    0,   ,   0,    ,    0,    0,    0,    0, 
AL, 05, 2026083118, 03, HCCA,  24, 293N,  936W,  34,    0,   ,   0,    ,    0,    0,    0,    0, 
AL, 05, 2026083118, 03, HCCA,  36, 302N,  948W,  24,    0,   ,   0,    ,    0,    0,    0,    0, 
AL, 05, 2026083118, 03, HCCA,  48, 312N,  958W,  21,    0,   ,   0,    ,    0,    0,    0,    0, 
AL, 05, 2026083118, 03, HCCA,  60, 322N,  966W,  19,    0,   ,   0,    ,    0,    0,    0,    0, 
AL, 05, 2026083118, 03, HCCA,  72, 333N,  972W,  19,    0,   ,   0,    ,    0,    0,    0,    0, 
AL, 05, 2026083118, 03, HCCA,  84, 345N,  982W,  21,    0,   ,   0,    ,    0,    0,    0,    0, 
AL, 05, 2026083118, 03, HFSA,   0, 281N,  910W,  29, 1012, XX,  34, NEQ,    0,    0,    0,    0, 1016,   69,  22,   0,   0,    ,   0,    , 297,   5,           ,  ,  0,    ,    0,    0,    0,    0, THERMO PARAMS, -30, 265, 598, N, 10, DT, -999, SHR82, -99, 
AL, 05, 2026083118, 03, HFSA,   6, 285N,  915W,  31, 1008, XX,  34, NEQ,    0,    0,    0,    0, 1012,   74,  24,   0,   0,    ,   0,    , 289,   6,           ,  ,  0,    ,    0,    0,    0,    0, THERMO PARAMS, -12, 669, 425, N, 10, DT, -999, SHR82, -99, 
AL, 05, 2026083118, 03, HFSA,  12, 288N,  927W,  33, 1009, XX,  34, NEQ,    0,    0,    0,    0, 1013,   42,  14,   0,   0,    ,   0,    , 285,  10,           ,  ,  0,    ,    0,    0,    0,    0, THERMO PARAMS, 8, -168, 443, N, 10, DT, -999, SHR82, -99, 
AL, 05, 2026083118, 03, HFSA,  18, 291N,  935W,  55,  995, XX,  34, NEQ,   24,   23,   11,    8, 1011,   22,  11,   0,   0,    ,   0,    , 297,   7,           ,  ,  0,    ,    0,    0,    0,    0, THERMO PARAMS, 24, 644, 1337, N, 10, DT, -999, SHR82, -99, 
AL, 05, 2026083118, 03, HFSA,  18, 291N,  935W,  55,  995, XX,  50, NEQ,   11,   11,    0,    0, 1011,   22,  11,   0,   0,    ,   0,    , 297,   7,           ,  ,  0,    ,    0,    0,    0,    0, THERMO PARAMS, 24, 644, 1337, N, 10, DT, -999, SHR82, -99, 
AL, 05, 2026083118, 03, HFSA,  24, 295N,  941W,  59,  998, XX,  34, NEQ,   15,   11,   15,   11, 1006,    8,   4,   0,   0,    ,   0,    , 299,   7,           ,  ,  0,    ,    0,    0,    0,    0, THERMO PARAMS, 26, 992, 937, N, 10, DT, -999, SHR82, -99, 
AL, 05, 2026083118, 03, HFSA,  24, 295N,  941W,  59,  998, XX,  50, NEQ,    5,    5,    5,    0, 1006,    8,   4,   0,   0,    ,   0,    , 299,   7,           ,  ,  0,    ,    0,    0,    0,    0, THERMO PARAMS, 26, 992, 937, N, 10, DT, -999, SHR82, -99, 
AL, 05, 2026083118, 03, HFSA,  30, 298N,  948W,  30, 1005, XX,  34, NEQ,    0,    0,    0,    0, 1009,    8,   8,   0,   0,    ,   0,    , 290,   6,           ,  ,  0,    ,    0,    0,    0,    0, THERMO PARAMS, 52, 98, 863, N, 10, DT, -999, SHR82, -99, 
AL, 05, 2026083118, 03, HFSA,  36, 301N,  955W,  19, 1009, XX,  34, NEQ,    0,    0,    0,    0, 1013,   22,  13,   0,   0,    ,   0,    , 300,   7,           ,  ,  0,    ,    0,    0,    0,    0, THERMO PARAMS, 1, 46, 764, N, 10, DT, -999, SHR82, -99, 
AL, 05, 2026083118, 03, HFSA,  42, 306N,  960W,  22, 1010, XX,  34, NEQ,    0,    0,    0,    0, 1014,   21,   6,   0,   0,    ,   0,    , 310,   6,           ,  ,  0,    ,    0,    0,    0,    0, THERMO PARAMS, 21, 63, 771, N, 10, DT, -999, SHR82, -99, 
AL, 05, 2026083118, 03, HFSA,  48, 310N,  965W,  20, 1012, XX,  34, NEQ,    0,    0,    0,    0,  -99,  -99,  35,   0,   0,    ,   0,    , 315,   5,           ,  ,  0,    ,    0,    0,    0,    0, THERMO PARAMS, -6, 69, 431, N, 10, DT, -999, SHR82, -99, 
AL, 05, 2026083118, 03, HFSA,  54, 314N,  971W,  22, 1009, XX,  34, NEQ,    0,    0,    0,    0,  -99,  -99,  74,   0,   0,    ,   0,    , 300,   4,           ,  ,  0,    ,    0,    0,    0,    0, THERMO PARAMS, 18, 45, 565, N, 10, DT, -999, SHR82, -99, 
AL, 05, 2026083118, 03, HFSA,  60, 316N,  976W,  16, 1011, XX,  34, NEQ,    0,    0,    0,    0,  -99,  -99, 152,   0,   0,    ,   0,    , 294,   5,           ,  ,  0,    ,    0,    0,    0,    0, THERMO PARAMS, 47, -52, 315, N, 10, DT, -999, SHR82, -99, 
AL, 05, 2026083118, 03, HFSA,  66, 323N,  981W,  20, 1011, XX,  34, NEQ,    0,    0,    0,    0,  -99,  -99, 115,   0,   0,    ,   0,    , 326,   6,           ,  ,  0,    ,    0,    0,    0,    0, THERMO PARAMS, -106, -134, 537, N, 10, DT, -999, SHR82, -99, 
AL, 05, 2026083118, 03, HFSA,  72, 328N,  984W,  17, 1005, XX,  34, NEQ,    0,    0,    0,    0,  -99,  -99,  67,   0,   0,    ,   0,    , 354,   4,           ,  ,  0,    ,    0,    0,    0,    0, THERMO PARAMS, -312, -86, 130, N, 10, DT, -999, SHR82, -99, 
AL, 05, 2026083118, 03, HFSA,  78, 325N,  988W,  28, 1003, XX,  34, NEQ,    0,    0,    0,    0,  -99,  -99,  85,   0,   0,    ,   0,    , 304,   3,           ,  ,  0,    ,    0,    0,    0,    0, THERMO PARAMS, -9999, -9999, -9999, N, 10, DT, -999, SHR82, -99, 
AL, 05, 2026083118, 03, TVCN,   0, 281N,  910W,   0,    0,   ,   0,    ,    0,    0,    0,    0, 
AL, 05, 2026083118, 03, TVCN,  12, 287N,  924W,   0,    0,   ,   0,    ,    0,    0,    0,    0, 
AL, 05, 2026083118, 03, TVCN,  24, 295N,  938W,   0,    0,   ,   0,    ,    0,    0,    0,    0, 
AL, 05, 2026083118, 03, TVCN,  36, 304N,  950W,   0,    0,   ,   0,    ,    0,    0,    0,    0, 
AL, 05, 2026083118, 03, TVCN,  48, 315N,  958W,   0,    0,   ,   0,    ,    0,    0,    0,    0, 
AL, 05, 2026083118, 03, TVCN,  60, 325N,  966W,   0,    0,   ,   0,    ,    0,    0,    0,    0, 
AL, 05, 2026083118, 03, TVCN,  72, 335N,  975W,   0,    0,   ,   0,    ,    0,    0,    0,    0, 
AL, 05, 2026083118, 03, TVCN,  84, 342N,  988W,   0,    0,   ,   0,    ,    0,    0,    0,    0, 
AL, 05, 2026083118, 03, TVCN,  96, 345N, 1000W,   0,    0,   ,   0,    ,    0,    0,    0,    0, 
AL, 05, 2026090100, 03, HCCA,   0, 284N,  916W,  35,    0,   ,   0,    ,    0,    0,    0,    0, 
AL, 05, 2026090100, 03, HCCA,  12, 292N,  930W,  43,    0,   ,   0,    ,    0,    0,    0,    0, 
AL, 05, 2026090100, 03, HCCA,  24, 301N,  943W,  36,    0,   ,   0,    ,    0,    0,    0,    0, 
AL, 05, 2026090100, 03, HCCA,  36, 310N,  953W,  24,    0,   ,   0,    ,    0,    0,    0,    0, 
AL, 05, 2026090100, 03, HCCA,  48, 320N,  962W,  22,    0,   ,   0,    ,    0,    0,    0,    0, 
AL, 05, 2026090100, 03, HCCA,  60, 332N,  969W,  20,    0,   ,   0,    ,    0,    0,    0,    0, 
AL, 05, 2026090100, 03, HCCA,  72, 342N,  976W,  25,    0,   ,   0,    ,    0,    0,    0,    0, 
AL, 05, 2026090100, 03, TVCN,   0, 284N,  916W,   0,    0,   ,   0,    ,    0,    0,    0,    0, 
AL, 05, 2026090100, 03, TVCN,  12, 291N,  932W,   0,    0,   ,   0,    ,    0,    0,    0,    0, 
AL, 05, 2026090100, 03, TVCN,  24, 300N,  945W,   0,    0,   ,   0,    ,    0,    0,    0,    0, 
AL, 05, 2026090100, 03, TVCN,  36, 310N,  955W,   0,    0,   ,   0,    ,    0,    0,    0,    0, 
AL, 05, 2026090100, 03, TVCN,  48, 320N,  963W,   0,    0,   ,   0,    ,    0,    0,    0,    0, 
AL, 05, 2026090100, 03, TVCN,  60, 330N,  971W,   0,    0,   ,   0,    ,    0,    0,    0,    0, 
AL, 05, 2026090100, 03, TVCN,  72, 340N,  977W,   0,    0,   ,   0,    ,    0,    0,    0,    0, 
AL, 05, 2026090100, 03, TVCN,  84, 331N,  993W,   0,    0,   ,   0,    ,    0,    0,    0,    0, 